Lower Arm L
1 1 1 1
-809.803 -105.074 1303.38
-809.803 -105.074 1303.38
-809.803 -105.074 1303.38
-3.40282e+38 3.40282e+38
-3.40282e+38 3.40282e+38
-3.40282e+38 3.40282e+38

LFing.0_Hand
0 1 1 1
1 -6.20758e-08 1.99011e-07
-7.23968e-07 0.110861 0.993834
1.00244e-07 0.993835 -0.110861
-3 3
-10 1
-8 2

LFing.0_0
0 1 1 1
1 9.68674e-08 4.21433e-07
-1.19139e-07 0.341125 0.940018
-7.2901e-07 0.940017 -0.341126
-5 5
-95 20
-30 15

LFing.0_1
0 0 1 0
1 -9.94383e-08 4.22769e-07
-1.11676e-07 0.386358 0.92235
6.87393e-08 0.922349 -0.386359
-0 0
-95 10
-0 0

LFing.0_2
0 0 1 0
1 -1.80345e-07 -3.65806e-08
7.8039e-07 0.396409 0.918074
5.42422e-07 0.918074 -0.396408
-0 0
-90 5
-0 0

LFing.1_Hand
0 0 1 1
1 1.47578e-08 1.56831e-10
1.45775e-08 0.144402 0.989519
-9.72381e-09 0.98952 -0.144403
-0 0
-5 5
-1 1

LFing.1_0
0 1 1 1
1 6.57163e-08 1.42541e-07
-1.88407e-07 0.373833 0.927495
2.69714e-07 0.927496 -0.373833
-5 5
-90 10
-15 15

LFing.1_1
0 0 1 0
1 8.94312e-08 -4.29027e-07
6.54662e-07 0.33483 0.94228
-1.55778e-07 0.942279 -0.33483
-0 0
-95 10
-0 0

LFing.1_2
0 0 1 0
1 3.85e-07 -1.07615e-07
-7.17293e-07 0.320709 0.947177
-1.3218e-07 0.947177 -0.320709
-0 0
-90 5
-0 0

LFing.2_Hand
0 0 0 0
1 4.54011e-08 3.18978e-07
1.92421e-07 0.127932 0.991783
-7.59097e-07 0.991782 -0.127931
-0 0
-0 0
-0 0

LFing.2_0
0 1 1 1
1 -2.21614e-07 1.37513e-07
-4.77139e-07 0.320199 0.947351
7.97643e-07 0.94735 -0.320199
-5 5
-90 10
-10 10

LFing.2_1
0 0 1 0
1 -1.48218e-07 6.42869e-08
-7.93429e-08 0.41224 0.911076
7.38274e-08 0.911076 -0.41224
-0 0
-95 10
-0 0

LFing.2_2
0 0 1 0
1 -2.25365e-08 3.10056e-09
1.34029e-08 0.444098 0.895978
-8.5075e-07 0.895978 -0.444098
-0 0
-90 5
-0 0

LFing.3_Hand
0 0 0 0
1 -1.66448e-08 -3.08959e-07
5.09588e-07 -0.00798788 0.999969
4.89324e-07 0.999969 0.00798826
-0 0
-0 0
-0 0

LFing.3_0
0 1 1 1
1 -5.61356e-08 -5.78854e-07
5.80339e-08 0.125585 0.992083
6.5414e-07 0.992083 -0.125586
-5 5
-90 15
-20 10

LFing.3_1
0 0 1 0
1 3.34798e-07 3.594e-07
2.77797e-07 0.22678 0.973946
7.4106e-07 0.973946 -0.22678
-0 0
-95 10
-0 0

LFing.3_2
0 0 1 0
1 -3.18578e-07 4.92778e-07
2.44521e-10 0.271935 0.962316
-5.74918e-07 0.962315 -0.271935
-0 0
-90 5
-0 0

LFing.4_Hand
0 0 1 1
1 -1.87814e-07 -2.20017e-07
-3.47135e-07 -0.933524 -0.358512
-4.70611e-07 -0.358513 0.933526
-0 0
-15 30
-30 20

LFing.4_0
0 1 1 1
1 -1.92697e-08 3.93771e-07
7.15719e-07 -0.964876 0.262704
1.40809e-06 0.262703 0.964876
-15 15
-40 10
-15 10

LFing.4_1
0 0 1 0
1 3.83939e-07 2.10922e-07
6.63343e-07 -0.197044 0.980397
1.13053e-06 0.980393 0.197042
-0 0
-90 10
-0 0

