Bone001
-1.62921e-07 -1 4.40607e-08 -4.07912e-13 -4.40607e-08 -1 1 -1.62921e-07 -4.00733e-13 -0.0323353 5.78256e-09 -0.13229 
0.00182625 -0.981107 -0.193457 -0.377138 -0.179849 0.908527 -0.926156 0.0713008 -0.37034 -23.0784 18.5953 506.672 
0.113851 -0.97871 -0.170777 -0.4102 -0.202868 0.889146 -0.904861 -0.0311776 -0.424563 -22.9336 18.3883 506.902 
0.128301 -0.974327 -0.185002 -0.354203 -0.21926 0.909101 -0.926326 -0.0511106 -0.37324 -22.9767 18.6237 506.792 
0.138003 -0.97368 -0.181392 -0.39118 -0.221838 0.893177 -0.909909 -0.052304 -0.411498 -23.0905 18.433 506.817 
0.0795293 -0.977169 -0.197015 -0.417638 -0.212122 0.883506 -0.905126 0.0120165 -0.424973 -22.9426 18.4143 506.741 
0.124731 -0.974652 -0.185728 -0.40861 -0.221039 0.885539 -0.904146 -0.0345644 -0.425822 -23.055 18.48 506.782 
0.15254 -0.96993 -0.189652 -0.298827 -0.228182 0.926626 -0.942037 -0.0846744 -0.324648 -23.0908 18.6536 506.774 
0.0555103 -0.970233 -0.235726 -0.353816 -0.239885 0.90403 -0.933666 0.0332206 -0.3566 -23.2531 18.5547 506.763 
0.0403732 -0.964959 -0.259275 -0.442669 -0.249906 0.861157 -0.895776 0.0800052 -0.437246 -23.0291 18.6747 506.676 
0.0746303 -0.96807 -0.239313 -0.435647 -0.247522 0.865416 -0.897019 0.0396697 -0.440209 -23.0454 18.5809 506.725 
0.065504 -0.967762 -0.2432 -0.428674 -0.24738 0.868931 -0.901081 0.0473351 -0.431059 -23.1456 18.6678 506.835 
0.0226591 -0.966154 -0.256967 -0.366466 -0.24717 0.897 -0.930155 0.0738445 -0.359663 -22.7138 18.7597 506.697 
-0.0475184 -0.958867 -0.279848 -0.454296 -0.228766 0.860977 -0.889582 0.168046 -0.424739 -23.117 18.6789 506.784 
-0.0536811 -0.958469 -0.280097 -0.436624 -0.229736 0.869816 -0.898041 0.16899 -0.406158 -23.1692 18.5264 506.757 
-0.13789 -0.933763 -0.33026 -0.427151 -0.244778 0.870417 -0.893604 0.261093 -0.365105 -22.9726 18.5169 506.659 
-0.167662 -0.929166 -0.329455 -0.426355 -0.232977 0.874039 -0.888882 0.287008 -0.357092 -22.9943 18.5648 506.667 
-0.171371 -0.927894 -0.331125 -0.418368 -0.235749 0.877149 -0.891964 0.28885 -0.347801 -23.1196 18.5597 506.783 
-0.184421 -0.924644 -0.333201 -0.416986 -0.233383 0.878439 -0.890006 0.300943 -0.342523 -23.1 18.4272 506.747 
-0.298748 -0.87219 -0.387343 -0.511321 -0.196416 0.836643 -0.805792 0.448002 -0.38729 -22.9786 18.6131 506.557 
-0.258722 -0.887714 -0.380823 -0.546149 -0.190749 0.815681 -0.796733 0.419021 -0.435474 -23.0173 18.383 506.547 
-0.243887 -0.89545 -0.372408 -0.56256 -0.18217 0.806437 -0.789966 0.406181 -0.459316 -22.9816 18.57 506.605 
-0.216116 -0.898455 -0.382193 -0.578031 -0.197738 0.791694 -0.786876 0.392017 -0.4766 -22.9625 18.5484 506.617 
-0.272676 -0.873354 -0.403609 -0.727322 -0.0874929 0.680696 -0.629802 0.479164 -0.611352 -22.9699 18.3712 506.555 
-0.222007 -0.891817 -0.394176 -0.85208 -0.0190751 0.523064 -0.473996 0.451994 -0.755665 -22.7005 18.5608 506.346 
-0.234514 -0.877757 -0.417786 -0.94929 0.114199 0.29293 -0.20941 0.465297 -0.860027 -22.8074 18.6522 506.258 
-0.234787 -0.878928 -0.415164 -0.948138 0.112928 0.297122 -0.214265 0.463393 -0.859858 -22.8209 18.3984 506.466 
-0.231967 -0.879396 -0.415756 -0.95299 0.119801 0.278311 -0.194937 0.460771 -0.865846 -22.7328 18.2996 506.378 
-0.235043 -0.86964 -0.434143 -0.966812 0.163155 0.196606 -0.100144 0.465947 -0.879127 -22.4879 18.7063 506.336 
-0.193185 -0.845906 -0.497113 -0.981145 0.163507 0.103057 -0.00589511 0.50765 -0.861543 -22.4751 18.2922 506.29 
-0.177015 -0.865403 -0.468767 -0.984126 0.149494 0.0956394 -0.0126884 0.478256 -0.878129 -22.6579 18.6334 506.205 
-0.175783 -0.870905 -0.458938 -0.98392 0.140439 0.110357 -0.0316575 0.470957 -0.881588 -22.5404 18.626 506.135 
-0.17562 -0.829652 -0.529938 -0.984458 0.147526 0.0952855 -0.00087393 0.538436 -0.842666 -22.7406 18.3853 506.406 
-0.174617 -0.829865 -0.529936 -0.984551 0.154227 0.0829003 0.0129347 0.536226 -0.843976 -22.7371 18.3108 506.469 
-0.139162 -0.823861 -0.549441 -0.989693 0.0967849 0.105544 -0.0337758 0.558467 -0.828839 -22.5404 18.2909 506.325 
-0.116079 -0.85184 -0.510777 -0.993021 0.0887288 0.0776971 -0.0208645 0.516232 -0.856195 -22.9169 18.5711 506.345 
-0.110304 -0.835883 -0.53771 -0.992507 0.0640233 0.104073 -0.0525669 0.545161 -0.836682 -22.9436 18.6875 506.253 
-0.0876943 -0.806011 -0.585367 -0.99614 0.0686813 0.0546627 -0.00385462 0.587902 -0.808923 -22.6683 18.7429 506.141 
-0.072896 -0.793485 -0.604207 -0.997167 0.0467232 0.0589455 -0.0185415 0.606793 -0.794643 -22.8667 18.6362 506.184 
-0.0477654 -0.74987 -0.659858 -0.998814 0.0420846 0.0244762 0.00941622 0.660245 -0.750991 -22.7703 18.3975 506.27 
-0.0513819 -0.704456 -0.707885 -0.998672 0.0335415 0.0391097 -0.00380717 0.708955 -0.705244 -22.683 18.3733 506.282 
-0.0446747 -0.695892 -0.716755 -0.997431 -0.00915143 0.071054 -0.0560049 0.718088 -0.693695 -22.756 18.5287 506.25 
-0.0398972 -0.705019 -0.708065 -0.997284 -0.0158095 0.0719352 -0.0619095 0.709012 -0.702473 -22.7501 18.5645 506.261 
-0.00624053 -0.734931 -0.678112 -0.998092 -0.0370824 0.0493747 -0.0614327 0.677127 -0.733297 -22.9289 18.4967 506.202 
0.00875159 -0.770039 -0.637936 -0.99996 -0.00540171 -0.00719773 0.00209696 0.637974 -0.770055 -22.8626 18.3331 506.23 
0.0277745 -0.812605 -0.582152 -0.998625 -0.0484649 0.0200059 -0.0444705 0.580797 -0.812833 -22.8363 18.4993 506.257 
0.045341 -0.803891 -0.593045 -0.998952 -0.0327624 -0.031964 0.00626641 0.593873 -0.804534 -22.7026 18.4377 506.286 
0.0399185 -0.814136 -0.5793 -0.999159 -0.0270954 -0.0307708 0.00935564 0.580041 -0.814533 -22.7281 18.7461 506.201 
0.0534505 -0.81487 -0.577173 -0.998397 -0.0543717 -0.0156955 -0.0185917 0.577088 -0.81647 -22.6302 18.2465 506.235 
0.100376 -0.849237 -0.518383 -0.994936 -0.088379 -0.0478666 -0.00516364 0.520563 -0.853808 -22.0284 18.3837 506.551 
0.185275 -0.828185 -0.528945 -0.980827 -0.122752 -0.15136 0.0604252 0.546847 -0.835049 -21.4315 18.385 506.531 
0.181629 -0.782156 -0.596022 -0.983258 -0.153485 -0.0982162 -0.0146596 0.603883 -0.796938 -21.8265 18.3492 506.448 
0.219894 -0.772008 -0.596363 -0.97551 -0.170734 -0.138676 0.00523963 0.612253 -0.790645 -21.9431 18.7136 506.417 
0.246579 -0.827912 -0.503747 -0.969087 -0.206188 -0.135487 0.00830577 0.521583 -0.85316 -22.0381 18.6859 506.549 
0.255834 -0.810527 -0.526872 -0.966603 -0.222965 -0.126352 -0.0150618 0.541602 -0.8405 -22.067 18.7634 506.698 
0.233489 -0.803614 -0.547437 -0.972347 -0.190117 -0.135634 0.00492072 0.563968 -0.825782 -22.0247 19.2511 506.472 
0.255772 -0.801574 -0.540425 -0.966612 -0.203046 -0.156313 0.0155657 0.562363 -0.826744 -21.9395 19.1211 506.537 
0.26 -0.800177 -0.540478 -0.965539 -0.222138 -0.135604 -0.0115527 0.557111 -0.830358 -22.3552 18.4823 506.65 
0.275459 -0.811982 -0.514594 -0.961258 -0.226945 -0.156457 0.0102562 0.537756 -0.843038 -22.5971 19.0724 506.38 
0.275796 -0.85564 -0.437969 -0.960044 -0.267698 -0.0815655 -0.0474524 0.442965 -0.895282 -22.8199 18.0557 506.362 
0.262825 -0.856021 -0.445141 -0.962646 -0.201526 -0.180834 0.06509 0.476042 -0.877011 -22.8697 18.3669 505.943 
0.282526 -0.85673 -0.431501 -0.958927 -0.240388 -0.150577 0.0252766 0.45632 -0.889457 -23.0302 18.674 505.767 
0.30515 -0.79454 -0.524966 -0.952264 -0.249544 -0.175841 0.00871061 0.553565 -0.832761 -22.7017 18.6034 505.668 
0.293263 -0.867377 -0.402062 -0.955819 -0.257139 -0.142439 0.0201628 0.426071 -0.904465 -22.7455 17.9642 505.404 
0.295189 -0.876685 -0.37985 -0.954785 -0.285384 -0.0833214 -0.0353562 0.387271 -0.921288 -22.9435 18.1216 504.964 
0.268301 -0.857333 -0.43931 -0.961299 -0.267909 -0.0642598 -0.0626028 0.43955 -0.896034 -22.2082 18.2403 505.028 
0.289773 -0.852981 -0.434114 -0.95577 -0.281753 -0.0843709 -0.0503459 0.439362 -0.896898 -22.4501 18.1109 504.865 
0.343587 -0.852706 -0.393497 -0.93496 -0.349988 -0.0579502 -0.0883048 0.387816 -0.917497 -22.2761 18.6417 504.623 
0.391696 -0.87779 -0.275786 -0.918198 -0.392151 -0.0559444 -0.0590421 0.27514 -0.959589 -22.2265 17.5064 504.364 
0.397041 -0.859303 -0.322423 -0.917733 -0.36744 -0.150843 0.0111487 0.35579 -0.934499 -22.1513 16.7378 503.988 
0.382828 -0.810021 -0.444194 -0.923747 -0.341673 -0.173063 -0.0115836 0.476577 -0.879057 -21.3396 15.55 503.523 
0.468977 -0.859262 -0.204275 -0.882887 -0.449842 -0.13473 0.0238777 0.243538 -0.969597 -20.8099 14.9496 503.397 
0.472551 -0.836385 -0.27777 -0.880746 -0.436974 -0.182593 0.0313403 0.33093 -0.943135 -20.0937 13.9579 502.849 
0.422696 -0.823389 -0.378626 -0.899989 -0.430484 -0.0685798 -0.106524 0.369748 -0.923005 -19.7148 12.9232 501.932 
0.459594 -0.724436 -0.513776 -0.83869 -0.544335 0.0172836 -0.292187 0.422956 -0.85775 -18.3546 10.0824 501.111 
0.548202 -0.734289 -0.400367 -0.734392 -0.651689 0.189659 -0.400179 0.190056 -0.896513 -16.5428 8.34925 499.833 
0.576706 -0.804969 -0.139411 -0.816928 -0.569528 -0.090921 -0.00620932 0.166324 -0.986051 -14.3368 6.50745 499.946 
0.604978 -0.791663 -0.0852747 -0.780374 -0.610786 0.134005 -0.158171 -0.0145233 -0.987304 -13.9467 3.5789 497.301 
0.583204 -0.803745 -0.117757 -0.802587 -0.592506 0.0692218 -0.125408 0.0541407 -0.990626 -12.5091 1.25297 495.957 
0.75947 -0.649155 0.0424642 -0.626955 -0.712954 0.314045 -0.173589 -0.26513 -0.948458 -11.0126 -0.920043 494.75 
0.918475 -0.37522 0.124952 -0.391609 -0.818808 0.419758 -0.0551897 -0.43447 -0.898993 -8.99894 -4.65662 494.2 
0.996733 -0.0585784 -0.0556044 -0.00179098 -0.704314 0.709886 -0.0807469 -0.707467 -0.702117 -6.41006 -7.94077 493.406 
0.997058 -0.0763262 0.00710585 -0.0564442 -0.668275 0.74177 -0.0518678 -0.739989 -0.670616 -4.34329 -10.9319 492.635 
0.958461 0.282303 -0.0407204 0.14908 -0.374122 0.915318 0.243163 -0.883367 -0.400666 -2.23823 -14.1079 492.16 
0.95479 0.174759 -0.240489 0.225047 0.103668 0.968817 0.19424 -0.979139 0.0596526 0.108577 -16.9112 491.231 
0.9641 0.210742 -0.161553 0.138928 0.118163 0.983227 0.226296 -0.970374 0.084643 2.11931 -18.6923 492.268 
0.824705 -0.366777 -0.430507 0.33925 -0.288231 0.895451 -0.452517 -0.884532 -0.113276 4.53548 -20.9048 493.17 
0.610486 -0.382501 -0.693541 0.502406 -0.489916 0.712439 -0.612286 -0.783374 -0.106915 8.47219 -23.2821 495.151 
0.568715 -0.427541 -0.702689 0.725765 -0.141193 0.673298 -0.387078 -0.892901 0.229996 10.9481 -25.9375 496.868 
0.460899 -0.494738 -0.736753 0.870295 0.0895186 0.484327 -0.173662 -0.864419 0.471827 13.3254 -28.2553 495.464 
0.357863 -0.724202 -0.589462 0.929038 0.212638 0.302777 -0.0939296 -0.655986 0.748906 18.2583 -30.1103 497.383 
0.303349 -0.899833 -0.313496 0.951413 0.304267 0.0472732 0.0528483 -0.312605 0.948412 19.8683 -31.6721 497.125 
0.294405 -0.902181 -0.315269 0.944344 0.325289 -0.0490051 0.146765 -0.283295 0.947736 23.0517 -33.6264 498.357 
0.286682 -0.911585 -0.294662 0.954422 0.298411 0.00539316 0.0830137 -0.282779 0.955586 28.0681 -35.967 500.52 
0.228274 -0.941461 -0.248077 0.96981 0.242332 -0.0272629 0.0857836 -0.234365 0.968356 30.7635 -37.0658 501.247 
0.173205 -0.984696 -0.019324 0.921426 0.168943 -0.349903 0.347813 0.042799 0.936586 35.0275 -39.2456 502.456 
0.215928 -0.974958 0.0532199 0.963076 0.203686 -0.17606 0.160811 0.0892706 0.982939 37.8598 -39.8311 504.208 
0.147475 -0.978045 0.147239 0.975142 0.118887 -0.186989 0.165378 0.171154 0.971265 42.1037 -40.9605 505.372 
0.213459 -0.752483 0.623061 0.974333 0.117309 -0.192128 0.0714825 0.64808 0.758209 44.5189 -40.7837 506.423 
0.142087 -0.7657 0.627308 0.961471 -0.0439127 -0.271377 0.23534 0.641697 0.729958 47.833 -40.5623 507.392 
0.0941286 -0.725455 0.681803 0.985172 -0.0307971 -0.168781 0.14344 0.687581 0.711798 50.657 -42.6364 508.281 
0.0028273 -0.62663 0.779312 0.984715 -0.133973 -0.111298 0.174149 0.767715 0.616673 54.2769 -42.7315 509.878 
-0.0612473 -0.600777 0.797067 0.982428 -0.177342 -0.0581787 0.176306 0.779498 0.601081 56.934 -43.5975 510.417 
-0.0486603 -0.576631 0.815554 0.957906 -0.258233 -0.125428 0.282929 0.775121 0.564923 58.8103 -44.5643 512.078 
-0.0232738 -0.556461 0.830547 0.979004 -0.180971 -0.0938159 0.20251 0.810926 0.548989 61.1666 -44.6411 512.302 
-0.113111 -0.431503 0.894992 0.946357 -0.321193 -0.0352548 0.302678 0.842995 0.444686 63.067 -44.5675 513.57 
-0.179614 -0.419935 0.889603 0.949714 -0.309793 0.0455139 0.25648 0.853043 0.454461 63.8907 -46.9338 514.656 
-0.0679324 -0.187897 0.979836 0.980672 -0.193195 0.0309422 0.183486 0.963001 0.197389 67.0131 -47.6067 515.966 
-0.064221 0.00252337 0.997932 0.990217 -0.123974 0.0640377 0.12388 0.992282 0.00546245 67.8527 -50.5523 516.668 
-0.214909 0.0711366 0.974039 0.952503 -0.205067 0.225134 0.215759 0.976159 -0.0236876 71.3088 -51.493 517.477 
-0.194057 0.0101715 0.980937 0.967057 -0.165952 0.193032 0.164752 0.986081 0.0223672 72.1071 -51.7295 518.829 
-0.22838 0.245574 0.942091 0.937189 -0.206613 0.281049 0.263667 0.947103 -0.182964 74.5566 -50.9813 519.709 
-0.322741 0.537932 0.778759 0.904322 -0.067588 0.421465 0.279355 0.840274 -0.464651 76.5854 -50.5198 520.221 
-0.364478 0.560487 0.743646 0.909386 0.0423486 0.413792 0.200433 0.82708 -0.525134 77.81 -49.8713 521.645 
-0.429488 0.516636 0.740693 0.866297 0.00402408 0.499512 0.255086 0.856196 -0.449289 79.3076 -49.5083 522.686 
-0.415232 0.651209 0.635223 0.905384 0.227766 0.358332 0.0886669 0.723913 -0.68417 79.9576 -48.5481 524.186 
-0.426358 0.677939 0.598845 0.887375 0.185063 0.422276 0.175454 0.711442 -0.68049 80.6711 -47.2833 525.373 
-0.476967 0.736367 0.47986 0.866268 0.301547 0.398307 0.1486 0.605668 -0.781719 81.5471 -45.619 526.399 
-0.475452 0.709989 0.51948 0.872406 0.304416 0.382411 0.11337 0.635016 -0.764134 81.7948 -44.2534 527.758 
-0.48532 0.67142 0.560052 0.872419 0.329468 0.361021 0.0578777 0.663812 -0.745657 81.5719 -43.0005 529.564 
-0.444649 0.754036 0.483442 0.874899 0.24997 0.41481 0.191936 0.607408 -0.770854 81.9665 -41.9865 530.626 
-0.4146 0.770038 0.484921 0.895693 0.251184 0.366933 0.160748 0.586471 -0.793859 81.2877 -41.0188 532.295 
-0.406015 0.702463 0.584548 0.900612 0.199018 0.386381 0.155083 0.683328 -0.713451 81.0493 -40.1982 533.995 
-0.412658 0.655095 0.632901 0.874478 0.0904374 0.476559 0.254954 0.750114 -0.610186 80.5312 -39.3144 534.926 
-0.446321 0.594953 0.668451 0.866739 0.101575 0.488309 0.222624 0.797316 -0.561004 80.2076 -38.2826 535.709 
-0.411623 0.55978 0.719175 0.907876 0.18299 0.377194 0.0795443 0.808184 -0.583534 80.0878 -37.7946 536.455 
-0.3998 0.45798 0.793986 0.912467 0.116666 0.392164 0.0869723 0.881274 -0.464535 79.5649 -35.8172 537.224 
-0.335744 0.536348 0.774342 0.927894 0.0468157 0.369894 0.162141 0.842697 -0.513392 79.5976 -35.3946 537.759 
-0.342034 0.476864 0.809699 0.934159 0.0792238 0.347951 0.101778 0.875399 -0.472565 79.1651 -34.4539 538.006 
-0.327358 0.4113 0.850687 0.940963 0.0598015 0.333184 0.0861663 0.909536 -0.406595 79.3937 -33.1723 538.266 
-0.306744 0.414696 0.8567 0.938326 -0.0191151 0.345223 0.159539 0.909759 -0.383257 79.6829 -32.8272 538.203 
-0.276413 0.515316 0.8112 0.950401 0.0213269 0.310296 0.1426 0.856735 -0.495652 80.0458 -32.1848 538.158 
-0.273455 0.556899 0.784273 0.957053 0.0759067 0.279798 0.0962882 0.827104 -0.55374 79.8602 -31.1689 538.476 
-0.218408 0.542211 0.811359 0.946353 -0.0852165 0.311694 0.238146 0.83591 -0.494512 80.0019 -30.6674 539.242 
-0.19105 0.594337 0.781193 0.918051 -0.17347 0.356497 0.347394 0.785284 -0.512491 80.5181 -29.9181 539.573 
-0.159048 0.662765 0.731741 0.941983 -0.120035 0.313465 0.295589 0.739144 -0.605222 80.23 -30.0903 539.367 
-0.152402 0.717831 0.679331 0.928286 -0.131942 0.347672 0.339203 0.683601 -0.646245 80.5029 -30.1648 539.365 
-0.146056 0.836173 0.52866 0.933423 -0.060538 0.353634 0.327703 0.545114 -0.771661 80.4736 -29.8567 539.122 
-0.161039 0.863748 0.477498 0.948049 0.000891612 0.318122 0.274352 0.503923 -0.81902 79.8437 -29.6849 539.51 
-0.206414 0.821946 0.530847 0.942086 0.020387 0.334752 0.264326 0.569201 -0.778551 80.0421 -30.1339 539.889 
-0.233001 0.727033 0.645858 0.948942 0.0247535 0.314477 0.212649 0.686156 -0.69568 80.0402 -30.1211 540.232 
-0.270837 0.629901 0.727922 0.943121 0.0221819 0.33171 0.192798 0.776359 -0.600081 79.419 -29.5214 539.991 
-0.231291 0.533696 0.813432 0.966239 0.0284532 0.256071 0.11352 0.845198 -0.522259 79.6229 -30.2929 540.328 
-0.263521 0.508018 0.820045 0.958748 0.0440046 0.280832 0.106582 0.860222 -0.498657 80.14 -30.2842 540.655 
-0.248987 0.600756 0.759669 0.929653 -0.0716913 0.361395 0.271572 0.796211 -0.540645 79.8749 -30.4197 540.547 
-0.322041 0.431127 0.842863 0.910132 -0.104147 0.401015 0.260671 0.89626 -0.358843 80.3857 -30.5964 540.342 
-0.344519 0.446136 0.825996 0.929399 0.0380168 0.367113 0.132381 0.894157 -0.427736 80.5117 -30.4183 540.102 
-0.355455 0.459514 0.81394 0.932542 0.115302 0.342155 0.0633765 0.880655 -0.469501 80.4511 -30.4386 540.107 
-0.348406 0.433107 0.831283 0.932039 0.0658545 0.356324 0.0995829 0.898934 -0.426617 80.4904 -30.1366 540.009 
-0.377553 0.490631 0.785324 0.900618 -0.00259401 0.434603 0.215267 0.871363 -0.440893 80.6681 -30.3076 540.137 
-0.416482 0.464936 0.781266 0.870016 -0.0455691 0.490912 0.263845 0.884171 -0.385524 80.8928 -30.2872 539.845 
-0.494394 0.121467 0.860709 0.861305 -0.0650161 0.503911 0.117169 0.990464 -0.072477 80.9189 -29.8414 539.81 
-0.513846 0.136613 0.846935 0.853906 -0.013494 0.520251 0.082502 0.990533 -0.109722 80.657 -30.5544 539.758 
-0.523739 0.131365 0.841689 0.845643 -0.0391601 0.53231 0.102888 0.99056 -0.0905787 80.3618 -30.5237 539.86 
-0.527164 0.17974 0.830537 0.832285 -0.0880043 0.547318 0.171466 0.97977 -0.103203 80.5622 -30.1969 540.128 
-0.5014 0.237341 0.832026 0.834638 -0.120714 0.537408 0.227986 0.963897 -0.137568 80.248 -30.3664 540.289 
-0.520971 0.218871 0.825036 0.835124 -0.0691798 0.545693 0.176513 0.973298 -0.146745 80.5885 -30.2013 539.968 
-0.521563 0.185184 0.832873 0.839999 -0.0596817 0.539295 0.149577 0.98089 -0.124427 80.9071 -30.028 539.918 
-0.518444 0.219896 0.826354 0.835535 -0.0753292 0.544248 0.181927 0.972611 -0.144678 80.6761 -30.2274 540.136 
-0.533409 0.216495 0.817682 0.828842 -0.0591441 0.556347 0.168808 0.974491 -0.147892 80.5763 -30.2137 540.271 
-0.52757 0.226261 0.818826 0.83773 -0.0214032 0.545664 0.140988 0.973832 -0.178255 80.9166 -29.9938 540.148 
-0.543941 0.153026 0.825052 0.832001 -0.0294827 0.55399 0.1091 0.987782 -0.111282 80.7355 -29.932 539.999 
-0.548979 0.184756 0.815161 0.821388 -0.0613028 0.567066 0.154741 0.980871 -0.118103 80.338 -29.8603 540.118 
-0.569855 0.220292 0.791667 0.810195 -0.0103419 0.586069 0.137294 0.975379 -0.172587 80.763 -30.1337 540.146 
-0.584287 0.26691 0.766399 0.798382 0.019638 0.60183 0.145584 0.963521 -0.224571 80.4727 -29.9007 540.279 
-0.59765 0.295846 0.745178 0.788694 0.0498451 0.612761 0.14414 0.953934 -0.263122 80.4699 -30.1482 540.019 
-0.603379 0.328165 0.726802 0.787481 0.101501 0.607923 0.125729 0.939151 -0.319668 80.3945 -29.9 539.997 
-0.589888 0.309786 0.745698 0.790129 0.0310015 0.612156 0.16652 0.950301 -0.263058 80.5029 -29.9238 540.138 
-0.588189 0.341028 0.733303 0.790137 0.049049 0.610965 0.172388 0.938773 -0.298309 80.4886 -29.706 540.047 
-0.585115 0.377557 0.717698 0.777344 0.00899467 0.629011 0.231032 0.925943 -0.298755 80.3205 -29.8664 540.079 
-0.565031 0.423634 0.708007 0.774307 -0.0240825 0.632351 0.284936 0.905513 -0.314416 80.3337 -29.894 540.064 
-0.576793 0.388361 0.718669 0.778177 -0.00640025 0.628012 0.248495 0.921485 -0.298523 80.3292 -29.8413 540.166 
-0.58772 0.352358 0.728305 0.788366 0.0470986 0.6134 0.181835 0.934679 -0.305469 80.3488 -29.7849 540.025 
-0.600449 0.329885 0.728448 0.783109 0.0581811 0.619156 0.161869 0.942227 -0.293271 80.4448 -30.001 540.107 
-0.599889 0.336653 0.725808 0.776824 0.0279312 0.629098 0.191515 0.941214 -0.278276 80.2896 -29.9931 540.109 
-0.583919 0.342508 0.736021 0.772997 -0.0424127 0.63299 0.248021 0.938557 -0.239992 80.2812 -29.7358 539.968 
-0.59309 0.328221 0.735197 0.786966 0.0434234 0.615466 0.170085 0.943602 -0.284054 80.4116 -29.8119 540.181 
-0.589703 0.341339 0.731941 0.783135 0.0202096 0.621523 0.197358 0.939723 -0.279233 80.3575 -29.7655 540.149 
-0.57913 0.322439 0.74876 0.770575 -0.0833136 0.63188 0.266125 0.942917 -0.200215 80.4776 -29.758 539.923 
-0.593385 0.291363 0.750335 0.786389 0.0109776 0.617634 0.171719 0.95655 -0.235639 80.3401 -29.9117 540.097 
-0.588301 0.307082 0.748066 0.785053 -0.0049241 0.619409 0.193893 0.95167 -0.23818 80.3954 -29.8709 540.121 
-0.586662 0.323415 0.742449 0.784932 0.00149038 0.61958 0.199275 0.946256 -0.254733 80.2953 -29.8831 540.082 
-0.580563 0.367629 0.726495 0.795804 0.0675288 0.601777 0.172172 0.927517 -0.331766 80.4049 -29.7045 539.996 
-0.586529 0.409022 0.69906 0.784684 0.0731616 0.615563 0.200635 0.909587 -0.363865 80.2972 -29.8292 540.212 
-0.585306 0.390683 0.710481 0.792289 0.0893461 0.603569 0.172325 0.916179 -0.361829 80.2978 -29.5146 540.137 
-0.594848 0.41409 0.688973 0.784003 0.10964 0.610998 0.177469 0.903609 -0.389867 80.1948 -29.8427 540.107 
-0.599289 0.339495 0.724979 0.788229 0.0920787 0.608454 0.139812 0.93609 -0.322782 80.474 -29.9817 540.183 
-0.597824 0.301486 0.742774 0.796829 0.12226 0.591705 0.0875793 0.9456 -0.313324 80.4825 -29.7288 540.075 
-0.611041 0.246774 0.752151 0.786695 0.0837013 0.611641 0.0879817 0.965452 -0.245281 80.1868 -29.8933 540.231 
-0.599607 0.241077 0.763121 0.793301 0.0532534 0.606496 0.105574 0.969044 -0.223178 80.2904 -29.8678 540.047 
-0.585863 0.29492 0.754842 0.789524 -0.00238877 0.613714 0.1828 0.955519 -0.231447 80.4518 -29.7409 540.058 
-0.560153 0.406472 0.72181 0.780327 -0.0335708 0.624469 0.278061 0.913046 -0.298377 80.5631 -29.792 540.148 
-0.561086 0.408833 0.719748 0.787133 -0.00553263 0.616759 0.256134 0.912593 -0.318702 80.4994 -29.9706 540.132 
-0.572175 0.407266 0.711864 0.789428 0.0382204 0.612652 0.222305 0.91251 -0.343376 80.315 -29.9281 540.072 
-0.565822 0.401686 0.720064 0.798403 0.0488297 0.60014 0.205908 0.914475 -0.348337 80.4688 -30.0311 540.107 
-0.559945 0.39857 0.726363 0.809688 0.0773354 0.581742 0.175692 0.913872 -0.366021 80.6352 -29.8507 540.175 
-0.554651 0.395786 0.731925 0.813765 0.0744589 0.576405 0.173635 0.915319 -0.363376 80.4888 -29.8618 540.009 
-0.550551 0.391759 0.737169 0.818015 0.0769744 0.570023 0.166569 0.916843 -0.362843 80.3153 -29.6428 539.835 
