Lower Arm L
-0.305218 -0.320392 -0.896767 0.320392 0.852254 -0.413536 0.896767 -0.413536 -0.157472 11.677 7.89292 -70.5016 
-0.593401 -0.335455 -0.731673 0.766183 -0.513967 -0.385747 -0.246654 -0.789498 0.562009 126.579 -183.124 475.437 
-0.586485 -0.350421 -0.730233 0.770209 -0.520257 -0.368932 -0.250627 -0.778805 0.57502 125.421 -183.988 475.897 
-0.580096 -0.35487 -0.733182 0.772167 -0.52614 -0.35628 -0.259323 -0.772815 0.579231 124.607 -182.882 476.514 
-0.584099 -0.346418 -0.734046 0.769109 -0.525254 -0.364115 -0.259423 -0.77724 0.573234 125.446 -181.537 476.19 
-0.577808 -0.350249 -0.7372 0.772512 -0.526159 -0.355503 -0.263368 -0.774908 0.57459 124.184 -180.915 476.591 
-0.580327 -0.351925 -0.734418 0.771653 -0.525901 -0.357743 -0.260331 -0.774323 0.576759 124.345 -179.473 476.16 
-0.577636 -0.35244 -0.73629 0.771645 -0.529983 -0.351685 -0.266272 -0.7713 0.578096 123.497 -178.804 476.573 
-0.578267 -0.349028 -0.737419 0.769604 -0.533353 -0.351063 -0.270773 -0.770529 0.577033 123.232 -177.598 476.79 
-0.571401 -0.355883 -0.739493 0.774646 -0.531412 -0.342819 -0.270971 -0.768732 0.579332 121.738 -176.292 477.024 
-0.563987 -0.368944 -0.738782 0.780051 -0.531617 -0.330005 -0.270995 -0.762406 0.58762 120.54 -175.071 477.283 
-0.558482 -0.3701 -0.742377 0.782156 -0.533022 -0.322676 -0.27628 -0.760864 0.587159 120.009 -173.215 477.466 
-0.556772 -0.368715 -0.744348 0.781995 -0.534883 -0.319976 -0.280158 -0.76023 0.586141 120.284 -172.019 477.361 
-0.546871 -0.368036 -0.751986 0.78678 -0.532965 -0.311331 -0.2862 -0.761904 0.581026 119.75 -170.199 477.326 
-0.545279 -0.354327 -0.759686 0.785934 -0.531266 -0.316329 -0.29151 -0.769551 0.568166 121.103 -168.603 477.048 
-0.534251 -0.358287 -0.765641 0.791881 -0.529068 -0.304979 -0.295805 -0.769232 0.566375 120.181 -166.309 477.21 
-0.522634 -0.369894 -0.768136 0.799033 -0.526725 -0.290012 -0.297322 -0.765336 0.570842 118.56 -163.856 477.608 
-0.524736 -0.35962 -0.771574 0.79801 -0.523365 -0.29878 -0.296366 -0.772504 0.561609 119.938 -160.902 477.409 
-0.51972 -0.364823 -0.772525 0.801167 -0.522139 -0.292409 -0.296687 -0.770892 0.56365 118.644 -157.336 478.233 
-0.513892 -0.376528 -0.770806 0.803806 -0.525239 -0.279321 -0.299684 -0.76312 0.572571 116.993 -154.314 479.401 
-0.51134 -0.383041 -0.769293 0.802282 -0.53362 -0.26757 -0.308019 -0.754009 0.580168 115.467 -151.807 480.962 
-0.517045 -0.37881 -0.767573 0.795463 -0.543786 -0.267464 -0.316076 -0.748866 0.582491 114.678 -148.754 482.234 
-0.51043 -0.386027 -0.768404 0.793405 -0.556012 -0.24771 -0.331618 -0.736094 0.59008 112.593 -149.089 484.479 
-0.504973 -0.386558 -0.771735 0.792251 -0.562425 -0.236681 -0.342551 -0.730925 0.59026 109.96 -146.847 485.577 
-0.525595 -0.362328 -0.76972 0.777622 -0.571572 -0.261935 -0.345043 -0.736223 0.582169 110.347 -141.207 485.25 
-0.511389 -0.371308 -0.774991 0.777188 -0.584654 -0.232722 -0.366689 -0.721325 0.587562 106.181 -138.99 487.213 
-0.51801 -0.364299 -0.77392 0.767297 -0.597784 -0.232188 -0.37805 -0.714101 0.589183 103.652 -132.861 487.476 
-0.52391 -0.326132 -0.786865 0.754516 -0.606367 -0.251049 -0.395253 -0.725229 0.563753 103.944 -129.971 488.277 
-0.506427 -0.337732 -0.793391 0.759942 -0.609591 -0.225584 -0.407456 -0.717172 0.56537 100.245 -127.163 489.038 
-0.50907 -0.342258 -0.789752 0.75373 -0.620318 -0.21702 -0.415619 -0.705738 0.573755 99.0168 -124.29 489.422 
-0.507886 -0.342886 -0.790242 0.750391 -0.62662 -0.210382 -0.423043 -0.69984 0.575549 97.7855 -121.717 489.633 
-0.510264 -0.338885 -0.790436 0.747084 -0.629951 -0.212197 -0.426024 -0.698798 0.574616 97.5554 -119.754 489.401 
-0.507817 -0.329472 -0.795971 0.746612 -0.629266 -0.215858 -0.429758 -0.703898 0.56554 97.3519 -117.697 488.988 
-0.508629 -0.324414 -0.797529 0.743309 -0.632913 -0.216596 -0.434499 -0.702977 0.563057 96.6282 -116.226 488.947 
-0.507689 -0.316899 -0.801141 0.741416 -0.63433 -0.218925 -0.43881 -0.705124 0.556996 96.1122 -114.734 488.831 
-0.509744 -0.307997 -0.803305 0.737478 -0.637271 -0.223634 -0.443044 -0.706416 0.551986 95.503 -112.678 488.811 
-0.510362 -0.297334 -0.806922 0.734335 -0.638994 -0.228996 -0.447529 -0.709422 0.544461 94.2235 -111.006 488.894 
-0.510569 -0.308732 -0.802499 0.734989 -0.641058 -0.220992 -0.44622 -0.702659 0.554218 92.2535 -109.512 488.804 
-0.505203 -0.294494 -0.811199 0.728274 -0.649802 -0.217656 -0.46302 -0.700736 0.542754 92.4031 -111.602 490.502 
-0.513724 -0.284853 -0.809288 0.721858 -0.65331 -0.228271 -0.463692 -0.701459 0.541244 92.0023 -109.272 489.854 
-0.508937 -0.280872 -0.813692 0.723196 -0.6522 -0.227206 -0.466874 -0.704092 0.535053 90.1846 -106.817 489.509 
-0.511942 -0.277222 -0.813058 0.719662 -0.655218 -0.22973 -0.469043 -0.702735 0.53494 89.9127 -106.065 489.422 
-0.509494 -0.271311 -0.816582 0.719599 -0.654677 -0.231464 -0.471798 -0.705541 0.528789 88.9756 -104.734 489.203 
-0.50686 -0.270048 -0.818638 0.720958 -0.653401 -0.23084 -0.47256 -0.707207 0.525875 87.8644 -103.214 488.685 
-0.509757 -0.268003 -0.81751 0.718425 -0.655379 -0.23312 -0.473301 -0.706154 0.526624 87.9428 -102.57 488.294 
-0.509161 -0.263007 -0.819502 0.71496 -0.65934 -0.232602 -0.479154 -0.704342 0.523749 88.0584 -102.336 488.522 
-0.497134 -0.265612 -0.82602 0.719792 -0.657849 -0.221666 -0.484518 -0.704759 0.518224 86.4832 -101.791 488.622 
-0.498094 -0.262241 -0.826518 0.717453 -0.659958 -0.222972 -0.486994 -0.704049 0.516866 86.4803 -100.996 488.516 
-0.500377 -0.249199 -0.82917 0.71326 -0.661525 -0.231613 -0.490798 -0.707308 0.508756 87.2792 -100.047 488.699 
-0.498656 -0.233038 -0.834887 0.713307 -0.657563 -0.242496 -0.492479 -0.716452 0.494125 87.1822 -98.4797 488.613 
-0.501128 -0.224311 -0.835796 0.710466 -0.658068 -0.249369 -0.494073 -0.718771 0.489141 87.5514 -97.6222 489.259 
-0.503529 -0.223501 -0.83457 0.709531 -0.658138 -0.251836 -0.492976 -0.718959 0.489972 87.5392 -96.6534 489.668 
-0.505026 -0.212537 -0.836526 0.7058 -0.659552 -0.25853 -0.496785 -0.720985 0.4831 88.1181 -96.173 490.449 
-0.503475 -0.217305 -0.836237 0.705564 -0.662036 -0.252762 -0.498692 -0.717277 0.48664 87.1705 -95.6462 491.172 
-0.506061 -0.200954 -0.838761 0.702154 -0.66074 -0.265336 -0.500882 -0.723215 0.475476 87.7919 -94.4379 491.364 
-0.503834 -0.203441 -0.839502 0.703939 -0.659955 -0.262543 -0.500621 -0.723236 0.475717 86.9218 -94.1035 491.626 
-0.503045 -0.200655 -0.840645 0.702569 -0.661413 -0.262546 -0.503331 -0.722683 0.473694 86.4398 -93.1446 491.759 
-0.507667 -0.179549 -0.842637 0.696337 -0.661442 -0.278584 -0.507335 -0.728187 0.460819 87.616 -92.8861 492.03 
-0.50227 -0.182348 -0.845266 0.699701 -0.660064 -0.273377 -0.508079 -0.728742 0.459119 86.6977 -92.9007 492.192 
-0.500168 -0.18193 -0.846601 0.70219 -0.657325 -0.273594 -0.506716 -0.731317 0.456523 86.5584 -92.6392 491.895 
-0.503533 -0.173967 -0.84628 0.696571 -0.661218 -0.278531 -0.51112 -0.729744 0.454125 86.9199 -92.7089 492.185 
-0.502423 -0.173235 -0.84709 0.694901 -0.663868 -0.276392 -0.514474 -0.727509 0.453923 87.0963 -93.0538 492.207 
-0.504838 -0.159513 -0.848348 0.690574 -0.664295 -0.286042 -0.517926 -0.730251 0.445517 87.5902 -92.4337 492.116 
-0.504839 -0.151925 -0.849739 0.688579 -0.664528 -0.290281 -0.520574 -0.731657 0.440091 87.7623 -92.23 492.007 
-0.502162 -0.168065 -0.848285 0.691129 -0.667599 -0.276862 -0.519782 -0.725304 0.451397 86.7792 -92.9691 492.048 
-0.50561 -0.179698 -0.843841 0.688924 -0.672871 -0.269496 -0.519368 -0.717602 0.464008 86.5412 -93.1151 492.161 
-0.502965 -0.171413 -0.847139 0.68976 -0.670228 -0.273908 -0.520825 -0.722088 0.455335 86.8943 -92.8707 492 
-0.506781 -0.166285 -0.845886 0.685657 -0.672508 -0.278582 -0.52254 -0.721167 0.454828 87.8673 -93.2813 492.189 
-0.507206 -0.168694 -0.845154 0.685038 -0.673959 -0.276591 -0.522939 -0.71925 0.457398 87.4948 -93.583 492.225 
-0.504512 -0.161285 -0.848207 0.683539 -0.674796 -0.278255 -0.527488 -0.720165 0.450687 88.0528 -94.1466 492.44 
-0.508489 -0.169101 -0.844301 0.682975 -0.676346 -0.275865 -0.524389 -0.716911 0.459406 88.284 -94.5672 491.946 
-0.510565 -0.170575 -0.842751 0.682425 -0.676651 -0.276478 -0.523087 -0.716273 0.461878 89.0122 -95.2078 491.456 
-0.509901 -0.178586 -0.841492 0.6849 -0.67616 -0.271515 -0.520493 -0.714783 0.467087 89.0557 -96.3815 490.924 
-0.515021 -0.181038 -0.837842 0.682982 -0.677309 -0.273476 -0.517968 -0.713076 0.472473 90.5168 -97.5301 490.08 
-0.519189 -0.182825 -0.834876 0.680662 -0.679207 -0.274549 -0.516859 -0.710811 0.477078 91.9782 -99.8602 489.46 
-0.513622 -0.195405 -0.83547 0.68667 -0.677458 -0.263695 -0.514468 -0.709131 0.482136 92.5455 -102.362 488.439 
-0.51742 -0.20201 -0.831547 0.68611 -0.678661 -0.262054 -0.5114 -0.706124 0.489753 93.8803 -104.372 487.164 
-0.520677 -0.206234 -0.82847 0.68343 -0.682268 -0.259682 -0.511683 -0.701411 0.496188 95.4763 -106.786 486.066 
-0.520969 -0.222972 -0.823939 0.68402 -0.686472 -0.246727 -0.510596 -0.692127 0.510148 96.6369 -110.161 484.98 
-0.525093 -0.237655 -0.817189 0.683295 -0.690144 -0.238349 -0.507332 -0.683536 0.524778 97.9365 -112.912 483.819 
-0.525092 -0.236752 -0.817451 0.684838 -0.687792 -0.240707 -0.505248 -0.686214 0.523291 100.147 -116.588 482.721 
-0.526994 -0.246144 -0.813444 0.685905 -0.688333 -0.236079 -0.50181 -0.682357 0.531578 102.516 -120.361 481.712 
-0.528356 -0.232475 -0.816576 0.682895 -0.687839 -0.246033 -0.504476 -0.687628 0.522179 105.662 -124.198 481.266 
-0.53168 -0.237763 -0.812887 0.679926 -0.6921 -0.24228 -0.504993 -0.681518 0.529636 107.878 -127.359 480.919 
-0.534961 -0.247739 -0.807739 0.680984 -0.692312 -0.238675 -0.500077 -0.677739 0.539066 109.928 -130.437 480.155 
-0.538004 -0.258444 -0.802346 0.679371 -0.696413 -0.231222 -0.499006 -0.669489 0.550252 112.461 -133.86 480.045 
-0.541343 -0.262071 -0.798916 0.681791 -0.692879 -0.234691 -0.492045 -0.671742 0.553763 115.062 -136.207 479.21 
-0.537289 -0.271879 -0.798375 0.685985 -0.691582 -0.226141 -0.490658 -0.669176 0.558084 116.755 -138.791 479.34 
-0.544056 -0.271991 -0.793741 0.685419 -0.689706 -0.233466 -0.483946 -0.671063 0.561666 120.226 -140.763 478.679 
-0.546175 -0.275788 -0.790971 0.683699 -0.692337 -0.230705 -0.483992 -0.666791 0.566693 122.546 -142.246 478.717 
-0.538211 -0.300249 -0.787515 0.695028 -0.686643 -0.213211 -0.476724 -0.662097 0.578239 123.17 -144.411 478.452 
-0.537181 -0.299887 -0.788356 0.69882 -0.681626 -0.216883 -0.472323 -0.667424 0.575722 125.876 -146.06 478.379 
-0.528399 -0.318256 -0.787088 0.709665 -0.674446 -0.203711 -0.466016 -0.66621 0.582231 126.792 -148.139 478.654 
-0.537576 -0.311306 -0.783646 0.706529 -0.673562 -0.217098 -0.460249 -0.670375 0.582037 131.453 -149.985 478.568 
-0.544319 -0.31564 -0.777232 0.706682 -0.671768 -0.2221 -0.452015 -0.670149 0.588712 134.894 -151.249 478.807 
-0.536894 -0.33334 -0.775003 0.714898 -0.667532 -0.208139 -0.447957 -0.665797 0.596698 136.413 -153.761 479.501 
-0.540609 -0.340242 -0.769401 0.715092 -0.66761 -0.20722 -0.443154 -0.662217 0.60422 139.202 -154.838 479.783 
-0.546332 -0.347881 -0.761905 0.718148 -0.662692 -0.212374 -0.431027 -0.663187 0.61188 142.754 -155.624 479.095 
-0.541376 -0.343057 -0.767609 0.721586 -0.65817 -0.21477 -0.431538 -0.670168 0.603862 145.13 -155.524 479.313 
-0.538244 -0.356764 -0.763553 0.723995 -0.659501 -0.202212 -0.431421 -0.661648 0.613268 146.903 -156.404 480.021 
-0.563625 -0.349665 -0.748372 0.714653 -0.660758 -0.2295 -0.414244 -0.664178 0.622309 152.681 -155.813 478.434 
-0.559918 -0.356407 -0.747975 0.720643 -0.654963 -0.227371 -0.408858 -0.666332 0.623567 154.614 -156.778 478.847 
-0.556827 -0.368469 -0.744429 0.722776 -0.656576 -0.215645 -0.409315 -0.658132 0.63192 156.162 -158.44 480.311 
-0.559755 -0.381252 -0.735746 0.726015 -0.653653 -0.213638 -0.399472 -0.653747 0.642679 158.383 -160.136 480.445 
-0.540732 -0.403739 -0.737973 0.738281 -0.648254 -0.186303 -0.403175 -0.645571 0.648604 156.988 -161.899 482.359 
-0.540623 -0.416743 -0.730789 0.739329 -0.649838 -0.176361 -0.401396 -0.635638 0.659427 158.797 -162.811 482.938 
-0.557411 -0.405257 -0.72461 0.728218 -0.65782 -0.192282 -0.398739 -0.634853 0.661791 162.904 -163.154 482.902 
-0.570096 -0.396058 -0.719812 0.722919 -0.658102 -0.210452 -0.390357 -0.640343 0.661499 166.457 -162.347 481.73 
-0.581902 -0.380979 -0.718502 0.719178 -0.653552 -0.235909 -0.379701 -0.654007 0.654295 169.97 -162.172 480.635 
-0.576922 -0.39623 -0.714257 0.723542 -0.653676 -0.221799 -0.379009 -0.644756 0.663809 170.428 -164.763 481.837 
-0.579744 -0.388164 -0.716397 0.723741 -0.649214 -0.233924 -0.374293 -0.654102 0.657308 173.065 -164.588 481.513 
-0.571618 -0.3724 -0.731144 0.725646 -0.645373 -0.238606 -0.383003 -0.666943 0.639137 173.705 -162.848 482.811 
-0.572941 -0.390838 -0.720406 0.730857 -0.641435 -0.233258 -0.370926 -0.660157 0.65315 174.735 -163.272 482.192 
-0.580995 -0.389176 -0.714834 0.726738 -0.643502 -0.240328 -0.366466 -0.659125 0.6567 176.869 -163.021 482.284 
-0.578455 -0.402326 -0.709594 0.727736 -0.647512 -0.226117 -0.368497 -0.647195 0.667344 176.393 -163.499 483.808 
-0.586086 -0.385256 -0.712798 0.722493 -0.646692 -0.24453 -0.366753 -0.658307 0.657362 178.863 -161.876 483.812 
-0.577014 -0.399181 -0.712538 0.727454 -0.64781 -0.226173 -0.371304 -0.648843 0.66418 177.961 -162.658 485.522 
-0.574937 -0.395668 -0.716167 0.726533 -0.649439 -0.224455 -0.376296 -0.649366 0.660852 178.091 -160.979 486.796 
-0.586601 -0.382136 -0.714053 0.715899 -0.656908 -0.236562 -0.378667 -0.649957 0.658913 179.989 -158.898 487.697 
-0.589254 -0.373805 -0.716275 0.717317 -0.650009 -0.250888 -0.371802 -0.661633 0.651157 180.326 -156.494 488.009 
-0.585286 -0.378901 -0.71685 0.719978 -0.649484 -0.244545 -0.372923 -0.659246 0.652934 179.775 -156.041 489.797 
-0.58597 -0.378014 -0.71676 0.71934 -0.649895 -0.245329 -0.37308 -0.659349 0.65274 178.968 -154.402 491.313 
-0.586752 -0.379829 -0.715159 0.722494 -0.644391 -0.250526 -0.365684 -0.663695 0.652521 178.099 -152.907 491.921 
-0.585876 -0.387385 -0.711817 0.725876 -0.641415 -0.248376 -0.360352 -0.662208 0.656983 177.399 -152.527 492.782 
-0.583182 -0.385132 -0.715243 0.728223 -0.638036 -0.250204 -0.359988 -0.666771 0.652553 177.051 -151.541 493.233 
-0.582864 -0.389172 -0.713313 0.727069 -0.641754 -0.243973 -0.362823 -0.660831 0.657009 176.409 -151.495 494.484 
-0.592819 -0.384185 -0.707791 0.721997 -0.64289 -0.25576 -0.356771 -0.662642 0.658498 177.602 -150.208 494.114 
-0.582155 -0.386006 -0.715608 0.728114 -0.6392 -0.247537 -0.361865 -0.665149 0.65317 175.753 -149.735 495.378 
-0.582386 -0.382164 -0.71748 0.726404 -0.640855 -0.248279 -0.364917 -0.665774 0.65083 176.126 -149.766 496.046 
-0.575845 -0.39766 -0.714332 0.730788 -0.64209 -0.231666 -0.36654 -0.655429 0.660349 174.896 -149.966 496.734 
-0.578546 -0.383349 -0.71995 0.72859 -0.639681 -0.24488 -0.366662 -0.666222 0.649389 175.542 -147.682 496.117 
-0.573573 -0.40992 -0.709211 0.736291 -0.63744 -0.227037 -0.359012 -0.652408 0.667439 174.181 -148.066 496.103 
-0.577775 -0.393975 -0.714814 0.733242 -0.635234 -0.242556 -0.358513 -0.664275 0.655902 175.43 -146.252 495.899 
-0.573162 -0.396581 -0.717084 0.737298 -0.631466 -0.240088 -0.357599 -0.666314 0.65433 175.079 -146.01 496.36 
-0.582052 -0.393378 -0.711667 0.733581 -0.631613 -0.250847 -0.350819 -0.668071 0.656206 176.262 -144.733 495.807 
-0.576669 -0.387988 -0.718971 0.733513 -0.633392 -0.246526 -0.35974 -0.669537 0.649851 176.522 -145.246 496.691 
-0.579747 -0.379255 -0.721152 0.730198 -0.634543 -0.253311 -0.361532 -0.673439 0.644805 177.034 -144.463 496.755 
-0.57716 -0.383283 -0.721097 0.733824 -0.630861 -0.252025 -0.358314 -0.674617 0.64537 176.657 -144.117 496.635 
-0.569951 -0.384643 -0.72609 0.737366 -0.629337 -0.245412 -0.362558 -0.675266 0.642313 175.639 -144.366 497.372 
-0.573969 -0.380786 -0.724956 0.734601 -0.630617 -0.25037 -0.361831 -0.676258 0.64168 176.52 -143.982 497.454 
-0.576262 -0.387531 -0.719543 0.735861 -0.629087 -0.250516 -0.355571 -0.673846 0.647688 176.309 -143.954 497.462 
-0.570038 -0.389842 -0.723242 0.739307 -0.627406 -0.244514 -0.358444 -0.67408 0.645859 175.466 -144.019 497.893 
-0.577704 -0.389224 -0.71747 0.73437 -0.631545 -0.248702 -0.356313 -0.670564 0.65068 176.454 -144.02 497.665 
-0.578152 -0.398487 -0.712003 0.735872 -0.631616 -0.244037 -0.352466 -0.665034 0.658405 176.086 -144.243 497.644 
-0.578715 -0.383851 -0.719547 0.732804 -0.631956 -0.252252 -0.357894 -0.673268 0.647009 177.319 -143.89 497.563 
-0.580042 -0.386401 -0.717109 0.733486 -0.630681 -0.253456 -0.354331 -0.673005 0.649241 177.887 -143.901 496.909 
-0.586313 -0.388013 -0.711114 0.730758 -0.632182 -0.257564 -0.349614 -0.670665 0.6542 178.266 -143.396 496.227 
-0.578041 -0.395562 -0.713722 0.737191 -0.62817 -0.248901 -0.349882 -0.670025 0.654713 177.616 -144.229 496.19 
-0.574581 -0.402009 -0.712913 0.739719 -0.627837 -0.24215 -0.350246 -0.66649 0.658117 177.231 -144.433 495.981 
-0.576792 -0.387394 -0.719192 0.735404 -0.629555 -0.250682 -0.355657 -0.673488 0.648013 178.328 -143.679 495.903 
-0.572246 -0.406236 -0.712395 0.74152 -0.627334 -0.23791 -0.350261 -0.664398 0.660221 177.186 -144.978 495.919 
-0.573323 -0.405014 -0.712226 0.74179 -0.625717 -0.2413 -0.347921 -0.666665 0.659172 178.168 -144.324 495.073 
-0.570975 -0.412925 -0.709564 0.74554 -0.622685 -0.237557 -0.343741 -0.664648 0.663389 178.774 -145.528 494.452 
-0.561975 -0.428912 -0.707261 0.749302 -0.626126 -0.21567 -0.35033 -0.651153 0.673252 177.97 -146.344 494.878 
-0.569374 -0.420504 -0.706392 0.746045 -0.625227 -0.229147 -0.345297 -0.657471 0.669702 179.778 -146.688 493.364 
-0.572023 -0.399169 -0.716558 0.742414 -0.623378 -0.245401 -0.348729 -0.672357 0.652934 182.725 -150.01 492.62 
-0.566057 -0.424089 -0.706915 0.748275 -0.624165 -0.224728 -0.345925 -0.656175 0.670648 181.877 -151.849 492.203 
-0.571183 -0.424573 -0.702487 0.747449 -0.622726 -0.231374 -0.339221 -0.657229 0.673037 183.74 -153.955 490.766 
-0.571899 -0.424449 -0.70198 0.748529 -0.620112 -0.234873 -0.335614 -0.659776 0.672353 184.232 -154.871 489.984 
-0.572212 -0.424486 -0.701701 0.750483 -0.616033 -0.239329 -0.330678 -0.663562 0.671071 185.938 -156.387 488.945 
-0.576129 -0.433054 -0.69321 0.751662 -0.613851 -0.24123 -0.321061 -0.660039 0.679167 187.09 -156.943 487.762 
-0.568089 -0.440496 -0.695154 0.757403 -0.610238 -0.232272 -0.321893 -0.658463 0.680302 187.152 -158.262 487.999 
-0.580349 -0.439778 -0.685413 0.75174 -0.612975 -0.243208 -0.313182 -0.656397 0.686337 189.191 -157.92 487.363 
-0.579969 -0.430556 -0.691562 0.753907 -0.605308 -0.255396 -0.308645 -0.669495 0.675658 191.803 -159.108 486.6 
-0.574252 -0.437965 -0.69168 0.760442 -0.598309 -0.252496 -0.303253 -0.670979 0.676627 192.494 -160.327 486.701 
-0.578075 -0.435537 -0.690027 0.761006 -0.592911 -0.263298 -0.294448 -0.677321 0.674193 194.535 -160.52 485.844 
-0.577328 -0.441967 -0.686555 0.763138 -0.59109 -0.261215 -0.290366 -0.674743 0.678535 195.144 -161.023 485.919 
-0.577635 -0.443044 -0.685602 0.763848 -0.589572 -0.262569 -0.287881 -0.675364 0.678975 196.614 -160.719 485.624 
-0.570083 -0.458486 -0.681759 0.770614 -0.586134 -0.250204 -0.284886 -0.66801 0.687461 196.378 -162.024 485.836 
-0.571159 -0.462471 -0.678158 0.770628 -0.586635 -0.248982 -0.282683 -0.664815 0.691455 196.793 -161.792 485.864 
-0.567668 -0.468282 -0.6771 0.772828 -0.586556 -0.242261 -0.283709 -0.660806 0.69487 197.075 -162.689 486.294 
-0.572358 -0.457847 -0.680281 0.769753 -0.585945 -0.253279 -0.282643 -0.668614 0.687799 198.306 -162.362 486.157 
-0.573708 -0.45456 -0.681347 0.769789 -0.583411 -0.258956 -0.279794 -0.673058 0.684622 198.857 -162.464 486.022 
-0.569482 -0.461619 -0.680145 0.77258 -0.583164 -0.251079 -0.280733 -0.668451 0.688739 198.04 -162.399 486.552 
-0.571823 -0.46227 -0.677735 0.771902 -0.582945 -0.253658 -0.277822 -0.668193 0.690168 198.34 -162.696 486.641 
-0.575956 -0.461707 -0.674612 0.770609 -0.582063 -0.259548 -0.272831 -0.66935 0.691038 198.602 -162.042 486.332 
-0.577493 -0.455857 -0.677272 0.769363 -0.581393 -0.264693 -0.273098 -0.673926 0.68647 199.454 -162.356 486.287 
-0.573487 -0.453177 -0.682454 0.770696 -0.580891 -0.261904 -0.277742 -0.676163 0.682395 199.18 -161.721 486.635 
-0.583343 -0.435334 -0.685708 0.766159 -0.575204 -0.286604 -0.269652 -0.69255 0.669076 202.3 -163.317 485.437 
-0.573707 -0.43905 -0.691444 0.771666 -0.572737 -0.276594 -0.274576 -0.692248 0.667383 201.972 -164.582 486.334 
-0.572966 -0.439223 -0.691948 0.773386 -0.569192 -0.279097 -0.271265 -0.695056 0.665817 202.399 -163.738 486.091 
-0.56405 -0.443991 -0.696218 0.77612 -0.572931 -0.263415 -0.28193 -0.688928 0.667752 202.457 -165.13 487.525 
-0.563005 -0.455641 -0.689505 0.779012 -0.571178 -0.258642 -0.275982 -0.68275 0.676525 202.432 -164.392 487.293 
-0.567421 -0.448311 -0.690689 0.777309 -0.568406 -0.269642 -0.271707 -0.689878 0.671001 203.032 -163.152 487.169 
-0.565363 -0.449005 -0.691924 0.778943 -0.566559 -0.268811 -0.271317 -0.690945 0.670061 203.117 -162.795 487.403 
-0.564341 -0.449563 -0.692396 0.780271 -0.564396 -0.269508 -0.269624 -0.692351 0.669293 203.228 -163.068 487.406 
-0.563933 -0.450114 -0.692371 0.781087 -0.562919 -0.270235 -0.268111 -0.693196 0.669026 203.013 -162.861 487.427 
-0.565038 -0.446115 -0.694056 0.78064 -0.56138 -0.27469 -0.267085 -0.697018 0.665455 203.638 -162.665 487.144 
-0.559097 -0.451734 -0.695231 0.78447 -0.559638 -0.26723 -0.26836 -0.694796 0.667264 202.824 -162.689 487.232 
-0.557735 -0.451776 -0.696297 0.786126 -0.55671 -0.26848 -0.266342 -0.697118 0.665649 202.084 -162.21 487.159 
-0.560671 -0.447457 -0.696728 0.784176 -0.557152 -0.273223 -0.265927 -0.699545 0.663264 202.978 -161.849 486.823 
-0.558401 -0.448131 -0.698117 0.785072 -0.557382 -0.270161 -0.268049 -0.69893 0.663058 202.369 -162.659 487.158 
-0.554746 -0.457653 -0.694846 0.788234 -0.55643 -0.262817 -0.266354 -0.693498 0.669415 201.578 -162.971 487.117 
-0.559652 -0.455933 -0.692037 0.784931 -0.559503 -0.26616 -0.265844 -0.692158 0.671002 201.573 -163.076 487.137 
-0.557617 -0.451243 -0.696737 0.785938 -0.557115 -0.26819 -0.267143 -0.697139 0.665305 201.763 -163.547 486.812 
-0.557706 -0.456311 -0.693357 0.786498 -0.557508 -0.265718 -0.2653 -0.693517 0.669813 200.994 -162.98 486.788 
-0.559305 -0.456269 -0.692096 0.785688 -0.558003 -0.267072 -0.264334 -0.693147 0.670578 201.172 -163.205 486.489 
-0.558742 -0.45612 -0.692648 0.784888 -0.560587 -0.263994 -0.267876 -0.691156 0.671227 200.653 -163.162 486.926 
LFing.0_Hand
0.281918 0.0634359 -0.957339 -0.0634359 0.996861 0.047374 0.957339 0.047374 0.285057 17.1629 13.0369 -53.3627 
0.00884635 -0.130866 -0.991361 0.999352 0.0357512 0.00419809 0.034893 -0.990755 0.131098 126.101 -165.316 469.697 
0.0172446 -0.136419 -0.990501 0.999458 0.0301365 0.0132497 0.0280428 -0.990192 0.136866 125.103 -166.255 469.921 
0.0254838 -0.13713 -0.990225 0.999531 0.0203033 0.0229115 0.016963 -0.990345 0.137584 124.435 -165.215 470.337 
0.0212235 -0.127743 -0.99158 0.999648 0.0185011 0.0190126 0.0159166 -0.991634 0.128091 125.183 -163.845 470.09 
0.024169 -0.12053 -0.992415 0.999636 0.0147953 0.0225478 0.0119654 -0.992599 0.120844 124.066 -163.251 470.406 
0.0257483 -0.135119 -0.990495 0.999574 0.0170808 0.023654 0.0137223 -0.990682 0.135502 124.168 -161.801 469.998 
0.0301196 -0.135969 -0.990255 0.999516 0.0117657 0.0287856 0.00773715 -0.990643 0.136258 123.382 -161.173 470.294 
0.0257047 -0.129612 -0.991232 0.999664 0.00656701 0.0250645 0.00326077 -0.991543 0.129738 123.103 -159.99 470.449 
0.0401228 -0.130694 -0.990611 0.999194 0.00668939 0.0395877 0.00145272 -0.9914 0.130858 121.765 -158.695 470.649 
0.0537801 -0.14611 -0.987805 0.998552 0.00702504 0.0533259 -0.000852081 -0.989243 0.146277 120.733 -157.515 470.799 
0.0613971 -0.142612 -0.987873 0.998083 0.00108656 0.0618747 -0.0077507 -0.989778 0.142406 120.326 -155.692 470.898 
0.0588268 -0.137124 -0.988806 0.998233 -0.000180544 0.0594126 -0.00832543 -0.990554 0.136872 120.641 -154.516 470.741 
0.0692772 -0.126303 -0.98957 0.997546 -0.00131781 0.0700036 -0.0101457 -0.991991 0.125902 120.33 -152.716 470.67 
0.0640723 -0.110573 -0.991801 0.997914 -0.000801052 0.0645564 -0.00793268 -0.993867 0.110292 121.721 -151.092 470.471 
0.0738376 -0.105261 -0.9917 0.997241 0.000250255 0.0742235 -0.00756466 -0.994444 0.10499 121.044 -148.827 470.583 
0.0904222 -0.105234 -0.990328 0.995841 -0.00156605 0.0910919 -0.0111368 -0.994446 0.104655 119.677 -146.421 470.897 
0.0805845 -0.101664 -0.99155 0.996732 0.00268466 0.0807303 -0.0055454 -0.994815 0.101549 121.01 -143.411 470.835 
0.0868346 -0.105992 -0.990568 0.996184 0.000471661 0.0872763 -0.00878337 -0.994367 0.105629 119.827 -139.865 471.626 
0.0961367 -0.115942 -0.988593 0.99525 -0.00411285 0.0972663 -0.0153432 -0.993247 0.114996 118.3 -136.916 472.627 
0.094497 -0.12249 -0.987961 0.995127 -0.0164429 0.0972209 -0.0281535 -0.992333 0.12034 116.828 -134.51 473.945 
0.0874077 -0.123546 -0.988482 0.995368 -0.0290294 0.0916448 -0.0400173 -0.991914 0.120437 115.915 -131.516 475.048 
0.0806617 -0.118969 -0.989616 0.995557 -0.0387619 0.0858057 -0.0485676 -0.992141 0.115315 113.972 -132.021 476.923 
0.0787472 -0.114622 -0.990283 0.995446 -0.0444939 0.0843076 -0.0537251 -0.992412 0.110597 111.458 -129.876 477.829 
0.0589239 -0.107895 -0.992415 0.996826 -0.0469505 0.0642901 -0.0535309 -0.993053 0.104786 111.4 -124.174 477.567 
0.0772419 -0.111309 -0.99078 0.994214 -0.0657985 0.0849018 -0.0746421 -0.991605 0.105584 107.544 -122.19 479.078 
0.0814981 -0.112046 -0.990355 0.992637 -0.0802112 0.0907607 -0.089607 -0.99046 0.104685 104.872 -116.159 479.119 
0.0575423 -0.0776446 -0.995319 0.993126 -0.0973349 0.0650085 -0.101927 -0.992218 0.0715106 105.029 -113.243 479.953 
0.0840912 -0.0783978 -0.993369 0.989285 -0.112832 0.0926502 -0.119348 -0.990516 0.0680701 101.714 -110.585 480.476 
0.0959472 -0.088867 -0.991412 0.986131 -0.12702 0.106822 -0.135422 -0.987911 0.0754479 100.43 -107.844 480.601 
0.0999929 -0.090466 -0.990867 0.984232 -0.13704 0.111835 -0.145906 -0.986425 0.075337 99.2241 -105.358 480.654 
0.0995105 -0.0896668 -0.990988 0.984474 -0.135859 0.111149 -0.144601 -0.986662 0.0747558 98.9415 -103.413 480.382 
0.095563 -0.0796713 -0.99223 0.984924 -0.136828 0.105846 -0.144197 -0.987385 0.0653951 98.7875 -101.331 480.023 
0.0964577 -0.0753027 -0.992485 0.984757 -0.13778 0.10616 -0.144738 -0.987596 0.0608655 98.044 -99.8869 479.929 
0.0914225 -0.0668726 -0.993564 0.985469 -0.137351 0.0999221 -0.143149 -0.988262 0.0533445 97.5441 -98.3951 479.815 
0.0848899 -0.0569319 -0.994763 0.985857 -0.139984 0.0921414 -0.144496 -0.988515 0.0442441 96.8847 -96.3406 479.785 
0.082844 -0.0453279 -0.995531 0.985697 -0.143385 0.0885541 -0.146758 -0.988628 0.0328016 95.5834 -94.6572 479.885 
0.0953597 -0.0618936 -0.993517 0.98447 -0.141919 0.103332 -0.147394 -0.987941 0.0473997 93.618 -93.2215 479.69 
0.0765094 -0.0411531 -0.996219 0.98552 -0.148512 0.0818226 -0.151318 -0.988054 0.0291951 93.8712 -95.408 481.234 
0.0757698 -0.0369535 -0.99644 0.985697 -0.14809 0.0804448 -0.150535 -0.988283 0.0252048 93.2781 -93.0582 480.594 
0.0814171 -0.0272406 -0.996308 0.984055 -0.156406 0.0846922 -0.158135 -0.987317 0.0140727 91.559 -90.5975 480.272 
0.0800538 -0.0270123 -0.996425 0.984078 -0.156999 0.0833179 -0.158688 -0.987229 0.0140143 91.2184 -89.8619 480.147 
0.0802081 -0.0206749 -0.996564 0.98431 -0.155994 0.0824581 -0.157162 -0.987541 0.00783913 90.3269 -88.5168 479.958 
0.0904981 -0.0221649 -0.99565 0.983802 -0.153343 0.0928348 -0.154734 -0.987924 0.00792919 89.2706 -86.9884 479.464 
0.0883564 -0.025142 -0.995772 0.98401 -0.153007 0.0911759 -0.154652 -0.987905 0.0112214 89.2843 -86.3515 479.049 
0.0868122 -0.0206035 -0.996012 0.983753 -0.155933 0.0889693 -0.157144 -0.987552 0.00673238 89.4062 -86.1581 479.208 
0.0972765 -0.00811681 -0.995224 0.982448 -0.159136 0.0973255 -0.159166 -0.987223 -0.00750528 88.0907 -85.6522 479.281 
0.0964798 -0.00876816 -0.995296 0.982555 -0.158889 0.0966444 -0.158989 -0.987257 -0.00671386 88.0629 -84.8711 479.147 
0.0883905 -0.00170775 -0.996085 0.983529 -0.158131 0.0875475 -0.157661 -0.987416 -0.0122971 88.7944 -83.895 479.365 
0.0812229 0.0214407 -0.996465 0.984663 -0.15661 0.0768911 -0.154407 -0.987428 -0.0338316 88.7074 -82.239 479.437 
0.078427 0.0283792 -0.996516 0.984465 -0.159718 0.07293 -0.157092 -0.986754 -0.0404641 89.0087 -81.3559 480.117 
0.0752688 0.0288701 -0.996745 0.985508 -0.154539 0.069944 -0.152017 -0.987565 -0.0400832 88.9441 -80.3771 480.536 
0.0693686 0.0374427 -0.996888 0.986044 -0.154176 0.0628231 -0.151344 -0.987333 -0.0476146 89.4701 -79.8823 481.335 
0.0703112 0.0373325 -0.996826 0.985912 -0.154638 0.0637499 -0.151767 -0.987265 -0.0476788 88.5648 -79.4043 481.977 
0.0572491 0.0469532 -0.997255 0.986968 -0.153131 0.0494486 -0.150389 -0.987089 -0.0551075 89.0982 -78.1316 482.271 
0.0660815 0.0415649 -0.996948 0.987295 -0.147419 0.0592954 -0.144504 -0.9882 -0.050778 88.2806 -77.8004 482.534 
0.0678103 0.0500651 -0.996441 0.987287 -0.147274 0.0597876 -0.143757 -0.987828 -0.0594149 87.8094 -76.856 482.644 
0.0522854 0.0616222 -0.996729 0.987914 -0.149031 0.0426091 -0.145918 -0.98691 -0.0686691 88.8399 -76.5368 483.003 
0.0579222 0.0673721 -0.996045 0.988042 -0.146677 0.0475356 -0.142894 -0.986887 -0.0750618 88.0426 -76.5566 483.173 
0.0561286 0.0685724 -0.996066 0.989153 -0.139452 0.0461386 -0.13574 -0.987851 -0.0756554 87.9467 -76.267 482.934 
0.0523583 0.0715978 -0.996059 0.989259 -0.140027 0.0419356 -0.136472 -0.987555 -0.0781599 88.2179 -76.3575 483.172 
0.0507331 0.0732327 -0.996024 0.988844 -0.143534 0.039814 -0.140047 -0.986932 -0.0796971 88.416 -76.737 483.135 
0.039747 0.0851957 -0.995571 0.988705 -0.147447 0.0268551 -0.144506 -0.985394 -0.0900935 88.8238 -76.0873 483.085 
0.0325921 0.0906084 -0.995353 0.9883 -0.151383 0.0185805 -0.148996 -0.984313 -0.0944817 88.9756 -75.8719 482.994 
0.0454208 0.0760401 -0.99607 0.987949 -0.151104 0.0335151 -0.147962 -0.985589 -0.0819866 88.0915 -76.689 482.908 
0.0470052 0.0618886 -0.996976 0.987422 -0.153715 0.0370125 -0.15096 -0.986175 -0.0683351 87.8092 -76.9171 482.871 
0.0471409 0.0724688 -0.996256 0.987328 -0.154676 0.0354671 -0.151526 -0.985304 -0.0788415 88.198 -76.6287 482.792 
0.0337488 0.0744845 -0.996651 0.987661 -0.155074 0.0218549 -0.152927 -0.985091 -0.0787985 89.0774 -77.0465 482.955 
0.0379628 0.0740488 -0.996532 0.9874 -0.15609 0.0260164 -0.153622 -0.984963 -0.0790409 88.7019 -77.3706 482.952 
0.0321751 0.08528 -0.995838 0.987091 -0.159117 0.0182662 -0.156897 -0.983569 -0.0892982 89.2979 -77.9372 483.167 
0.0353797 0.0724353 -0.996746 0.987301 -0.157094 0.0236281 -0.154871 -0.984923 -0.0770729 89.465 -78.3829 482.62 
0.0315799 0.0682241 -0.99717 0.987566 -0.155848 0.0206129 -0.154 -0.985422 -0.072297 90.1528 -79.0246 482.124 
0.0453054 0.0615457 -0.997076 0.986926 -0.157298 0.0351347 -0.154675 -0.985631 -0.067867 90.2299 -80.2109 481.575 
0.0427044 0.049896 -0.997841 0.987331 -0.154873 0.0345103 -0.152817 -0.986673 -0.0558771 91.5879 -81.3647 480.709 
0.0349854 0.0452548 -0.998363 0.987403 -0.155811 0.0275385 -0.154309 -0.986749 -0.0501354 92.9643 -83.7114 480.051 
0.0474233 0.0393898 -0.998098 0.986334 -0.15969 0.0405622 -0.157788 -0.986381 -0.0464239 93.679 -86.2344 479.01 
0.0483774 0.029756 -0.998386 0.985977 -0.161254 0.04297 -0.159715 -0.986464 -0.0371392 94.9467 -88.2641 477.694 
0.0501941 0.0211935 -0.998515 0.985315 -0.164419 0.0460407 -0.163199 -0.986163 -0.0291346 96.4816 -90.7258 476.508 
0.061076 0.00069052 -0.998133 0.983879 -0.168437 0.0600872 -0.168081 -0.985712 -0.0109663 97.6683 -94.1992 475.261 
0.0627546 -0.0130063 -0.997944 0.982743 -0.173529 0.0640603 -0.174006 -0.984743 0.00189264 98.9042 -97.0269 473.969 
0.068222 -0.0136099 -0.997577 0.982226 -0.174342 0.0695506 -0.174866 -0.984591 0.00147465 101.113 -100.667 472.93 
0.0624374 -0.0219428 -0.997808 0.982915 -0.172092 0.0652899 -0.173147 -0.984836 0.0108235 103.456 -104.466 471.875 
0.0434306 0.00566598 -0.999041 0.983128 -0.178097 0.0417287 -0.17769 -0.983996 -0.0133047 106.551 -108.254 471.504 
0.042817 -0.000763529 -0.999083 0.981827 -0.185023 0.0422188 -0.184885 -0.982734 -0.00717193 108.703 -111.479 471.049 
0.0450038 -0.0203363 -0.99878 0.981404 -0.185855 0.048005 -0.186604 -0.982366 0.0115944 110.697 -114.575 470.252 
0.0359605 -0.0244762 -0.999054 0.981694 -0.186239 0.0398983 -0.187039 -0.982199 0.0173315 113.178 -118.077 470.012 
0.0446055 -0.0360143 -0.998355 0.981178 -0.18637 0.050561 -0.187884 -0.981819 0.0270238 115.711 -120.368 469.26 
0.0475513 -0.037214 -0.998175 0.980312 -0.189989 0.0537834 -0.191644 -0.98108 0.0274477 117.505 -122.977 469.358 
0.042648 -0.0436992 -0.998134 0.981279 -0.18597 0.0500697 -0.187811 -0.981583 0.0349504 120.828 -124.895 468.773 
0.0442963 -0.046032 -0.997957 0.980032 -0.191823 0.0523487 -0.193841 -0.980349 0.0366164 123.105 -126.42 468.742 
0.0625494 -0.0602274 -0.996223 0.979403 -0.188302 0.0728772 -0.19198 -0.980262 0.0472093 123.927 -128.607 468.456 
0.0655439 -0.0566805 -0.996239 0.979318 -0.187864 0.0751191 -0.191415 -0.980558 0.0431955 126.655 -130.184 468.498 
0.0810612 -0.0547948 -0.995202 0.978887 -0.1836 0.0898411 -0.187642 -0.981472 0.0387556 127.776 -132.257 468.802 
0.0644515 -0.0593786 -0.996153 0.981372 -0.177267 0.0740616 -0.180982 -0.98237 0.0468479 132.23 -134.024 468.824 
0.063334 -0.074456 -0.995211 0.982056 -0.172849 0.0754284 -0.177638 -0.98213 0.0621733 135.525 -135.246 469.124 
0.0706947 -0.0820933 -0.994114 0.981931 -0.169652 0.0838381 -0.175536 -0.982079 0.068617 137.215 -137.786 469.783 
0.0756608 -0.089985 -0.993065 0.981573 -0.168536 0.0900568 -0.175471 -0.981579 0.0755758 139.924 -138.868 470.048 
0.0746343 -0.111663 -0.99094 0.98293 -0.159332 0.0919852 -0.16816 -0.980889 0.097866 143.349 -139.579 469.477 
0.0841915 -0.0996229 -0.991457 0.980459 -0.169254 0.100264 -0.177797 -0.980524 0.0834269 145.835 -139.424 469.796 
0.0863909 -0.100466 -0.991183 0.980127 -0.169756 0.102634 -0.178571 -0.980351 0.0838044 147.678 -140.383 470.376 
0.0720135 -0.146145 -0.986639 0.983547 -0.153911 0.0945857 -0.165678 -0.977217 0.132657 152.886 -139.664 468.976 
0.0795835 -0.156275 -0.984502 0.98414 -0.144759 0.102533 -0.158539 -0.977048 0.142277 154.903 -140.584 469.469 
0.0808355 -0.146023 -0.985973 0.984038 -0.145651 0.102248 -0.158538 -0.9785 0.131919 156.517 -142.32 470.808 
0.0841487 -0.167847 -0.982215 0.985185 -0.133805 0.107268 -0.14943 -0.97669 0.154101 158.666 -143.999 470.969 
0.100651 -0.145006 -0.984298 0.982494 -0.141397 0.121297 -0.156766 -0.979275 0.128236 157.685 -145.864 472.732 
0.107669 -0.153961 -0.982193 0.981597 -0.140265 0.12959 -0.157719 -0.97807 0.136026 159.484 -146.85 473.188 
0.0971433 -0.180654 -0.978738 0.982646 -0.138722 0.123136 -0.158018 -0.973714 0.164044 163.222 -147.173 473.166 
0.0874467 -0.19292 -0.97731 0.983837 -0.137169 0.115108 -0.156263 -0.971579 0.177808 166.492 -146.269 472.15 
0.0685743 -0.193121 -0.978776 0.987109 -0.129078 0.0946262 -0.144613 -0.972647 0.18178 169.744 -145.923 471.349 
0.0763614 -0.205089 -0.97576 0.987459 -0.120068 0.102513 -0.138182 -0.97135 0.193349 170.305 -148.585 472.428 
0.0657339 -0.194491 -0.978699 0.989232 -0.115834 0.0894603 -0.130766 -0.974041 0.184783 172.883 -148.308 472.282 
0.0592377 -0.14213 -0.988074 0.987575 -0.135984 0.0787684 -0.145558 -0.980463 0.132309 173.722 -146.51 473.68 
0.0689648 -0.176334 -0.981912 0.989121 -0.116112 0.0903227 -0.129938 -0.977458 0.166408 174.708 -146.924 473.08 
0.0608178 -0.186036 -0.980659 0.989928 -0.114594 0.0831316 -0.127843 -0.975837 0.177193 176.657 -146.658 473.201 
0.0617444 -0.200454 -0.977755 0.989447 -0.116358 0.0863378 -0.131077 -0.972768 0.191155 176.228 -147.242 474.537 
0.0486368 -0.185159 -0.981504 0.990438 -0.118073 0.0713536 -0.129101 -0.975589 0.177646 178.536 -145.523 474.714 
0.0512607 -0.186754 -0.981068 0.990333 -0.117275 0.074069 -0.128887 -0.975381 0.178938 177.833 -146.403 476.246 
0.0494393 -0.180799 -0.982277 0.989389 -0.125664 0.072927 -0.136622 -0.975459 0.172668 178.014 -144.747 477.478 
0.0335428 -0.177757 -0.983503 0.989792 -0.130475 0.0573391 -0.138515 -0.975386 0.171567 179.652 -142.678 478.364 
0.0326698 -0.178455 -0.983406 0.990244 -0.127576 0.0560477 -0.135461 -0.975642 0.172547 179.933 -140.144 478.909 
0.0254181 -0.176322 -0.984004 0.990904 -0.125677 0.048116 -0.13215 -0.976276 0.171524 179.472 -139.714 480.652 
0.0324397 -0.172801 -0.984422 0.989891 -0.130505 0.055528 -0.138067 -0.976272 0.166822 178.649 -138.076 482.169 
0.0278717 -0.161607 -0.986462 0.990482 -0.128607 0.0490542 -0.134793 -0.978439 0.156485 177.761 -136.505 482.911 
0.0385001 -0.181219 -0.982689 0.990424 -0.123563 0.0615894 -0.132585 -0.975649 0.174727 177.075 -136.108 483.804 
0.0340165 -0.177598 -0.983515 0.990672 -0.123937 0.0566438 -0.131953 -0.976267 0.171726 176.791 -135.083 484.324 
0.0398814 -0.178092 -0.983205 0.989765 -0.127891 0.0633128 -0.137019 -0.975667 0.171169 176.154 -135.099 485.461 
0.033429 -0.199108 -0.979407 0.990711 -0.122642 0.0587471 -0.131814 -0.972273 0.193159 177.118 -133.77 485.179 
0.0375055 -0.170909 -0.984573 0.990061 -0.127287 0.0598098 -0.135546 -0.97703 0.164436 175.517 -133.3 486.427 
0.0437121 -0.181242 -0.982467 0.990033 -0.123923 0.0669095 -0.133877 -0.975599 0.174019 175.887 -133.342 487.073 
0.0502704 -0.191783 -0.980149 0.989811 -0.121333 0.0745069 -0.133214 -0.973908 0.183731 174.796 -133.631 487.598 
0.0494736 -0.181646 -0.982119 0.989054 -0.127951 0.0734878 -0.139012 -0.975004 0.173329 175.391 -131.263 487.134 
0.0667495 -0.203525 -0.976792 0.989007 -0.115963 0.0917464 -0.131945 -0.972178 0.193548 174.121 -131.713 487 
0.0536956 -0.188471 -0.98061 0.989631 -0.120969 0.0774394 -0.133218 -0.9746 0.180021 175.289 -129.804 486.969 
0.0640115 -0.189321 -0.979827 0.989339 -0.116656 0.087173 -0.130806 -0.974961 0.179836 175.042 -129.541 487.469 
0.0496593 -0.196517 -0.979242 0.991311 -0.109874 0.072321 -0.121805 -0.974325 0.189353 176.022 -128.215 487.009 
0.0549197 -0.186155 -0.980984 0.990425 -0.114467 0.0771698 -0.126656 -0.975829 0.178087 176.412 -128.764 487.825 
0.049776 -0.174146 -0.983461 0.990254 -0.119633 0.0713037 -0.130072 -0.977425 0.166494 176.859 -127.961 487.928 
0.052076 -0.173024 -0.98354 0.990423 -0.11716 0.0730511 -0.127871 -0.977924 0.165267 176.539 -127.588 487.857 
0.0641194 -0.159593 -0.985098 0.988992 -0.121744 0.0840961 -0.133351 -0.979647 0.15003 175.686 -127.854 488.561 
0.0532217 -0.163082 -0.985176 0.989697 -0.122706 0.0737781 -0.132918 -0.978952 0.154872 176.478 -127.458 488.665 
0.053974 -0.176296 -0.982856 0.990722 -0.113492 0.0747631 -0.124727 -0.977772 0.168536 176.209 -127.416 488.7 
0.057753 -0.167706 -0.984144 0.990545 -0.113252 0.0774276 -0.124442 -0.97931 0.15958 175.507 -127.494 489.106 
0.0572356 -0.182155 -0.981603 0.990612 -0.111896 0.0785252 -0.124141 -0.976882 0.174041 176.319 -127.511 488.848 
0.0615552 -0.190269 -0.9798 0.990676 -0.107888 0.0831895 -0.121538 -0.975785 0.181855 175.932 -127.757 488.786 
0.0515976 -0.1736 -0.983464 0.990649 -0.115646 0.0723883 -0.1263 -0.978002 0.166011 177.164 -127.369 488.769 
0.0582399 -0.183604 -0.981273 0.990542 -0.111695 0.079689 -0.124235 -0.976634 0.175363 177.7 -127.364 488.147 
0.0570954 -0.194497 -0.97924 0.9906 -0.111083 0.079821 -0.124302 -0.974593 0.186327 177.932 -126.854 487.478 
0.0669379 -0.195235 -0.97847 0.99007 -0.108498 0.0893801 -0.123612 -0.974736 0.186035 177.467 -127.691 487.43 
0.0616168 -0.194747 -0.978916 0.990706 -0.107222 0.0836897 -0.12126 -0.974975 0.186331 177.157 -127.923 487.166 
0.0579148 -0.184801 -0.981068 0.989914 -0.116636 0.0804074 -0.129288 -0.97583 0.176183 178.215 -127.144 487.134 
0.0739144 -0.20422 -0.976131 0.989303 -0.108421 0.0975949 -0.125764 -0.972902 0.194022 177.161 -128.484 487.074 
0.0718226 -0.201571 -0.976837 0.989396 -0.109558 0.0953533 -0.12624 -0.973327 0.191565 178.12 -127.8 486.285 
0.0822984 -0.209618 -0.974314 0.988709 -0.105671 0.106249 -0.125229 -0.972056 0.198555 178.771 -128.996 485.677 
0.0808795 -0.204584 -0.975502 0.987711 -0.114871 0.105983 -0.133739 -0.972085 0.19278 178.153 -129.953 485.846 
0.0785362 -0.206828 -0.97522 0.988223 -0.112715 0.103488 -0.131326 -0.971863 0.19554 179.802 -130.22 484.472 
