Lower Arm R
-0.0148834 -0.327094 -0.944875 0.327094 0.891393 -0.313732 0.944875 -0.313732 0.0937236 43.3573 -12.3442 -85.718 
0.430872 -0.0628927 -0.900219 0.88644 -0.157365 0.435271 -0.169038 -0.985536 -0.0120537 -141.559 -178.087 484.416 
0.431515 -0.0671258 -0.899605 0.886221 -0.154775 0.436644 -0.168546 -0.985667 -0.0072996 -142.228 -178.035 484.227 
0.429633 -0.0654337 -0.90063 0.887029 -0.156196 0.434493 -0.169105 -0.985556 -0.00906568 -142.052 -177.562 484.467 
0.4354 -0.0710493 -0.89743 0.884112 -0.154092 0.441138 -0.169629 -0.985499 -0.00427615 -142.35 -176.592 485.048 
0.436318 -0.0742419 -0.896725 0.884217 -0.149256 0.442589 -0.166701 -0.986007 0.000522582 -142.01 -175.804 485.68 
0.437645 -0.0696251 -0.896449 0.884548 -0.1456 0.443143 -0.161377 -0.98689 -0.00213459 -141.719 -174.729 486.09 
0.433044 -0.0689825 -0.89873 0.887063 -0.144347 0.438502 -0.159978 -0.987119 -0.00131706 -141.257 -173.974 486.538 
0.430791 -0.0682255 -0.89987 0.888074 -0.14524 0.436156 -0.160454 -0.987041 -0.00197929 -140.916 -172.926 486.87 
0.426786 -0.0691818 -0.901703 0.889927 -0.145254 0.432356 -0.160888 -0.986972 -0.000425933 -140.666 -172.375 487.118 
0.428321 -0.0713025 -0.90081 0.889365 -0.143152 0.43421 -0.159913 -0.987129 0.00209888 -141.51 -171.358 487.016 
0.426131 -0.0736831 -0.901656 0.889914 -0.145093 0.432439 -0.162688 -0.98667 0.00374267 -141.659 -170.558 487.225 
0.42516 -0.0765989 -0.901872 0.8904 -0.143569 0.431945 -0.162567 -0.986671 0.00716366 -141.549 -169.381 487.15 
0.421848 -0.0796218 -0.903164 0.891847 -0.142935 0.429162 -0.163265 -0.986524 0.0107134 -141.774 -168.172 487.08 
0.420656 -0.0794834 -0.903732 0.892678 -0.141386 0.427946 -0.16179 -0.986758 0.011478 -141.782 -166.841 486.915 
0.419353 -0.0793275 -0.904351 0.893188 -0.142101 0.426641 -0.162354 -0.986668 0.0112636 -141.653 -165.638 486.992 
0.415184 -0.0824509 -0.905994 0.894788 -0.142793 0.423043 -0.16425 -0.986312 0.0144906 -140.88 -164.108 487.166 
0.414305 -0.0862115 -0.906046 0.894309 -0.146298 0.422858 -0.169008 -0.985477 0.0164875 -140.676 -161.536 487.435 
0.411478 -0.0805855 -0.907851 0.895757 -0.148116 0.419144 -0.168244 -0.985681 0.0112385 -140.13 -159.36 487.639 
0.410236 -0.0805929 -0.908412 0.895847 -0.150921 0.417951 -0.170782 -0.985255 0.0102855 -139.878 -157.156 487.955 
0.412988 -0.0836846 -0.906884 0.893499 -0.155592 0.42125 -0.176356 -0.98427 0.0105142 -139.772 -154.634 488.352 
0.407381 -0.077581 -0.909958 0.89564 -0.160833 0.414683 -0.178523 -0.983928 0.003964 -138.464 -152.161 488.495 
0.405971 -0.0761923 -0.910705 0.896144 -0.162221 0.413052 -0.179207 -0.983808 0.00242208 -137.726 -149.169 488.357 
0.39786 -0.0691509 -0.914837 0.899363 -0.167609 0.4038 -0.181258 -0.983425 -0.0044933 -136.417 -146.274 488.342 
0.392194 -0.0639646 -0.917657 0.902118 -0.168364 0.397288 -0.179912 -0.983647 -0.00832774 -135.192 -144.161 488.26 
0.389282 -0.0646403 -0.918848 0.903471 -0.167538 0.394554 -0.179446 -0.983744 -0.00681907 -133.6 -141.565 488.146 
0.387181 -0.0682066 -0.919478 0.903562 -0.170396 0.393119 -0.183489 -0.983012 -0.0043454 -131.848 -139.38 488.466 
0.388096 -0.076586 -0.918432 0.901609 -0.174985 0.395579 -0.191007 -0.981588 0.00113947 -130.506 -137.132 488.976 
0.384293 -0.0762331 -0.920059 0.90149 -0.183926 0.391777 -0.199089 -0.979979 -0.00195816 -128.658 -135.294 489.69 
0.377072 -0.0874848 -0.922043 0.901873 -0.191916 0.387033 -0.210814 -0.977504 0.00653389 -126.808 -133.917 491.091 
0.377033 -0.0978695 -0.921015 0.900041 -0.195953 0.389269 -0.218573 -0.975717 0.0142057 -126.634 -131.906 492.063 
0.372152 -0.098728 -0.922906 0.901234 -0.199378 0.384742 -0.221992 -0.974936 0.014778 -125.59 -130.026 493.035 
0.368021 -0.101628 -0.924247 0.901759 -0.203339 0.381425 -0.226699 -0.97382 0.0168109 -124.633 -128.292 494.259 
0.366721 -0.110811 -0.923709 0.901051 -0.204832 0.382298 -0.231568 -0.972504 0.0247299 -123.868 -126.314 495.696 
0.366759 -0.120167 -0.922523 0.899958 -0.205428 0.384547 -0.235722 -0.971267 0.0328029 -123.758 -124.977 497.232 
0.372421 -0.138589 -0.917658 0.896164 -0.203317 0.394404 -0.241235 -0.969255 0.0484788 -123.733 -123.539 498.793 
0.368643 -0.149706 -0.917438 0.895688 -0.206835 0.393654 -0.24869 -0.966854 0.0578413 -122.436 -121.765 500.14 
0.372425 -0.154053 -0.915187 0.892723 -0.210069 0.398645 -0.253665 -0.965473 0.0592916 -122.198 -120.152 501.321 
0.365012 -0.157905 -0.917514 0.894574 -0.213498 0.392629 -0.257886 -0.964098 0.0633283 -120.862 -118.585 502.202 
0.361523 -0.159099 -0.918689 0.894302 -0.219486 0.389937 -0.263678 -0.962555 0.0629336 -119.564 -117.007 502.963 
0.352166 -0.166084 -0.921084 0.896348 -0.223352 0.382982 -0.269333 -0.960484 0.0702122 -117.989 -115.343 503.461 
0.353916 -0.18597 -0.916602 0.894188 -0.220015 0.3899 -0.274176 -0.957606 0.0884249 -118.163 -114.451 503.782 
0.357422 -0.200943 -0.91207 0.888969 -0.226203 0.398205 -0.28633 -0.953128 0.0977813 -117.842 -113.904 504.277 
0.356138 -0.221243 -0.907864 0.884269 -0.23426 0.40397 -0.302052 -0.946664 0.112209 -117.134 -112.81 504.53 
0.350525 -0.238448 -0.905691 0.882685 -0.239132 0.404579 -0.31305 -0.941253 0.126653 -115.845 -112.053 504.692 
0.347237 -0.24135 -0.906189 0.882549 -0.24262 0.402796 -0.317074 -0.93962 0.128756 -115.266 -112.08 504.535 
0.348581 -0.249684 -0.90341 0.880518 -0.243092 0.406934 -0.321217 -0.937317 0.135114 -114.768 -111.815 504.743 
0.351023 -0.258241 -0.900053 0.877811 -0.243829 0.412307 -0.325934 -0.934804 0.141097 -114.384 -111.203 504.994 
0.354065 -0.264713 -0.896976 0.875718 -0.242805 0.41733 -0.328263 -0.933259 0.145845 -113.944 -110.831 505.219 
0.360099 -0.268063 -0.893572 0.874078 -0.237825 0.423589 -0.326063 -0.933585 0.148668 -114.015 -110.143 505.057 
0.360159 -0.257832 -0.896554 0.874671 -0.240865 0.420637 -0.324402 -0.935685 0.138769 -112.632 -108.661 504.707 
0.354745 -0.259746 -0.898158 0.87377 -0.249722 0.417332 -0.332691 -0.932829 0.138371 -111.444 -108.825 505.171 
0.350648 -0.257824 -0.900319 0.873598 -0.256356 0.413653 -0.337451 -0.931562 0.135344 -110.944 -109.002 505.318 
0.352734 -0.252354 -0.901053 0.873579 -0.256264 0.41375 -0.335319 -0.933084 0.130058 -110.58 -107.766 504.937 
0.350968 -0.25612 -0.90068 0.874489 -0.254259 0.413064 -0.3348 -0.932606 0.134737 -110.304 -107.084 504.756 
0.353605 -0.260187 -0.898481 0.872408 -0.254779 0.417124 -0.337444 -0.931338 0.136898 -110.524 -106.823 504.943 
0.350906 -0.265577 -0.897962 0.86972 -0.262982 0.417647 -0.347065 -0.927528 0.138695 -110.649 -108.331 505.838 
0.356126 -0.270857 -0.894322 0.868006 -0.258528 0.423945 -0.346036 -0.927254 0.143037 -111.324 -107.529 505.459 
0.357753 -0.268502 -0.894383 0.866645 -0.26122 0.425079 -0.347765 -0.927184 0.139243 -111.13 -107.272 505.523 
0.354467 -0.265565 -0.896565 0.868269 -0.262417 0.421008 -0.347079 -0.927692 0.137564 -110.877 -107.169 505.268 
0.346816 -0.253834 -0.902933 0.871515 -0.268607 0.41026 -0.346672 -0.929203 0.128062 -109.28 -106.506 505.058 
0.348294 -0.253675 -0.902409 0.867735 -0.276901 0.412751 -0.354582 -0.926809 0.123679 -109.318 -106.419 505.513 
0.345763 -0.258016 -0.902151 0.867038 -0.27973 0.412308 -0.358741 -0.924759 0.126989 -109.085 -106.515 505.751 
0.344988 -0.268492 -0.899386 0.865673 -0.279321 0.415442 -0.36276 -0.921895 0.136064 -109.251 -106.934 506.041 
0.339126 -0.261166 -0.903762 0.865769 -0.289182 0.408436 -0.368021 -0.920959 0.12804 -108.193 -106.795 506.178 
0.341053 -0.263356 -0.902401 0.863063 -0.292736 0.411618 -0.372567 -0.919211 0.127455 -108.002 -106.934 506.437 
0.340286 -0.270785 -0.90049 0.858302 -0.301716 0.415073 -0.384088 -0.914135 0.129745 -107.852 -107.16 507.189 
0.334309 -0.263897 -0.904764 0.859092 -0.309437 0.407688 -0.387555 -0.913568 0.123264 -107 -107.844 507.363 
0.328846 -0.268705 -0.90535 0.85966 -0.311697 0.40476 -0.390956 -0.911396 0.128494 -106.047 -107.993 507.565 
0.326012 -0.269345 -0.906184 0.859377 -0.315 0.4028 -0.39394 -0.91007 0.128775 -105.386 -109.017 507.845 
0.322673 -0.268575 -0.907607 0.860721 -0.315648 0.399409 -0.393756 -0.910073 0.129317 -103.993 -109.064 507.456 
0.324052 -0.272114 -0.90606 0.857838 -0.319294 0.402698 -0.398879 -0.907747 0.129961 -103.651 -109.868 507.547 
0.321515 -0.269336 -0.907793 0.860692 -0.316554 0.398753 -0.394764 -0.909534 0.130038 -101.871 -110.013 506.924 
0.321977 -0.279231 -0.904634 0.852168 -0.330827 0.405419 -0.412483 -0.901434 0.131433 -102.105 -112.927 508.225 
0.324983 -0.287418 -0.900987 0.847026 -0.335281 0.412475 -0.420636 -0.897205 0.13449 -101.197 -114.206 508.154 
0.322519 -0.286991 -0.902008 0.842109 -0.348158 0.411874 -0.432245 -0.892425 0.12939 -99.1617 -117.067 508.439 
0.321711 -0.289882 -0.901372 0.840199 -0.351511 0.412924 -0.436541 -0.890173 0.130473 -97.2032 -118.704 507.966 
0.321184 -0.296516 -0.8994 0.83433 -0.360715 0.416868 -0.448035 -0.884287 0.131536 -95.7185 -121.495 508.32 
0.310742 -0.29291 -0.904237 0.836387 -0.367684 0.406529 -0.45155 -0.882616 0.130731 -92.4198 -123.987 508.044 
0.31438 -0.301418 -0.900174 0.832918 -0.367343 0.413894 -0.455428 -0.87989 0.135571 -90.847 -126.875 508.205 
0.30163 -0.290049 -0.908236 0.83149 -0.386097 0.399444 -0.466525 -0.875671 0.124715 -87.459 -130.922 509.529 
0.30159 -0.314746 -0.899989 0.828755 -0.380156 0.410668 -0.471392 -0.869722 0.146195 -86.5611 -132.363 509.367 
0.29646 -0.358712 -0.88512 0.826249 -0.368476 0.426074 -0.478983 -0.857643 0.187147 -85.1459 -134.552 509.959 
0.302787 -0.333638 -0.892752 0.827938 -0.371887 0.419785 -0.472059 -0.866248 0.163629 -82.5907 -137.691 510.166 
0.295087 -0.328382 -0.897268 0.832415 -0.372652 0.410142 -0.469052 -0.867926 0.163385 -79.385 -140.282 510.348 
0.295952 -0.319134 -0.900315 0.83025 -0.380128 0.407664 -0.472334 -0.868134 0.152461 -76.6656 -142.731 511.369 
0.290761 -0.390072 -0.873672 0.822652 -0.364352 0.436455 -0.488573 -0.84563 0.214954 -75.8402 -144.237 513.194 
0.310302 -0.360837 -0.879495 0.828405 -0.351191 0.436362 -0.466326 -0.86398 0.189943 -73.5707 -145.999 512.253 
0.307764 -0.388337 -0.868606 0.821742 -0.351689 0.448392 -0.479606 -0.851768 0.210876 -71.684 -148.639 514.429 
0.29772 -0.350682 -0.887911 0.831018 -0.362573 0.421842 -0.469865 -0.86346 0.183478 -66.1686 -150.536 514.305 
0.312551 -0.362079 -0.878187 0.827815 -0.34959 0.43876 -0.465871 -0.86411 0.19047 -64.5318 -151.919 515.054 
0.302809 -0.384745 -0.87194 0.827608 -0.347547 0.440769 -0.472624 -0.855092 0.213177 -61.7944 -152.661 516.413 
0.304306 -0.393453 -0.867522 0.822462 -0.350935 0.447662 -0.480578 -0.849729 0.216808 -59.5168 -156.327 518.817 
0.308097 -0.386492 -0.869311 0.83383 -0.330241 0.442346 -0.458045 -0.861141 0.220522 -55.8652 -156.781 517.955 
0.302644 -0.390893 -0.869258 0.839127 -0.323209 0.437496 -0.451967 -0.861823 0.230191 -52.5739 -157.913 518.662 
0.319964 -0.416829 -0.85081 0.82978 -0.310125 0.463992 -0.457263 -0.854445 0.246648 -51.3841 -158.452 520.765 
0.313072 -0.422498 -0.850578 0.829341 -0.3148 0.461622 -0.462797 -0.849939 0.25184 -48.5567 -162.001 523.45 
0.322671 -0.430442 -0.842973 0.824577 -0.309429 0.473632 -0.464712 -0.847923 0.255089 -46.6229 -162.923 525.266 
0.313102 -0.42282 -0.850406 0.827553 -0.317865 0.46273 -0.465966 -0.848637 0.250382 -42.103 -163.714 526.56 
0.310048 -0.406843 -0.859273 0.82988 -0.325163 0.453398 -0.463866 -0.853667 0.236815 -38.1907 -164.187 527.585 
0.323998 -0.436647 -0.839265 0.819773 -0.313229 0.479438 -0.472227 -0.843343 0.256466 -38.1022 -164.174 529.67 
0.326393 -0.445103 -0.833877 0.81856 -0.308056 0.484831 -0.472681 -0.840824 0.263796 -35.1213 -163.626 530.559 
0.321792 -0.420052 -0.848532 0.824862 -0.315595 0.469046 -0.464816 -0.850856 0.244929 -31.695 -164.467 530.846 
0.321918 -0.442339 -0.837082 0.823574 -0.305286 0.478045 -0.467008 -0.843289 0.266021 -30.5962 -165.103 532.096 
0.319354 -0.446791 -0.835698 0.826187 -0.300662 0.476464 -0.464143 -0.842603 0.273115 -28.6343 -165.72 532.645 
0.319675 -0.457593 -0.829709 0.826634 -0.293313 0.480255 -0.463126 -0.83939 0.284496 -27.4544 -166.092 533.363 
0.322105 -0.474744 -0.819065 0.82366 -0.286001 0.489683 -0.466727 -0.832359 0.298905 -26.5303 -166.695 534.59 
0.331039 -0.462535 -0.822481 0.822877 -0.285093 0.491525 -0.461831 -0.839514 0.286233 -24.6749 -167.224 534.729 
0.331065 -0.46088 -0.823399 0.821825 -0.287961 0.491612 -0.463681 -0.839445 0.283429 -22.7612 -168.132 535.338 
0.33347 -0.464731 -0.820258 0.824948 -0.277322 0.492498 -0.456354 -0.840903 0.290901 -20.4761 -168.025 535.058 
0.341597 -0.484749 -0.80519 0.817408 -0.269592 0.509083 -0.463851 -0.832068 0.304146 -21.1772 -169.49 536.824 
0.338619 -0.46916 -0.815614 0.821016 -0.27612 0.499692 -0.459643 -0.838836 0.291688 -17.7455 -169.64 536.84 
0.345841 -0.468726 -0.812829 0.819623 -0.270775 0.504877 -0.456742 -0.840819 0.290534 -17.089 -168.945 537.092 
0.338815 -0.470539 -0.814738 0.821389 -0.274374 0.500041 -0.458832 -0.838637 0.293533 -15.3084 -168.764 538.151 
0.338779 -0.462554 -0.819313 0.825108 -0.272408 0.494967 -0.452137 -0.843704 0.289371 -13.9886 -168.303 538.414 
0.341392 -0.461456 -0.818847 0.8256 -0.269188 0.495907 -0.449263 -0.845338 0.289079 -13.135 -167.777 539.206 
0.343175 -0.458991 -0.819487 0.823145 -0.273259 0.497758 -0.452399 -0.845373 0.284041 -12.5025 -167.169 540.6 
0.338389 -0.457989 -0.822034 0.827569 -0.27097 0.491636 -0.447911 -0.846653 0.287324 -11.4001 -165.326 541.114 
0.328995 -0.429683 -0.840914 0.834439 -0.284637 0.471904 -0.442125 -0.856945 0.2649 -8.8465 -166.105 541.767 
0.33345 -0.432746 -0.837582 0.832195 -0.282375 0.477198 -0.443017 -0.856151 0.265971 -9.76829 -165.237 542.955 
0.337469 -0.443327 -0.830408 0.832675 -0.270864 0.482996 -0.439053 -0.854455 0.277739 -10.3138 -163.798 543.328 
0.320728 -0.411756 -0.85299 0.844668 -0.28314 0.454277 -0.428567 -0.866192 0.256986 -7.12067 -163.346 543.086 
0.316984 -0.402268 -0.858896 0.847071 -0.287262 0.44716 -0.426606 -0.869288 0.249692 -6.38345 -162.534 543.465 
0.315256 -0.389358 -0.865456 0.851186 -0.287246 0.439286 -0.419639 -0.875151 0.24086 -5.59786 -161.748 543.385 
0.317459 -0.401214 -0.859214 0.849084 -0.283177 0.445947 -0.422229 -0.871113 0.250767 -7.16287 -161.201 544.255 
0.32099 -0.388565 -0.863703 0.857834 -0.267189 0.439012 -0.401357 -0.881832 0.24756 -6.60854 -157.367 542.655 
0.317745 -0.395772 -0.861628 0.856354 -0.270336 0.439974 -0.407059 -0.877657 0.253023 -7.38185 -158.218 544.007 
0.321763 -0.393759 -0.86106 0.853497 -0.27308 0.443815 -0.409894 -0.877713 0.248204 -7.98117 -158.504 545.012 
0.315769 -0.389538 -0.865188 0.855957 -0.276514 0.436896 -0.409424 -0.878521 0.246114 -7.32885 -157.726 545.268 
0.318584 -0.390679 -0.86364 0.85328 -0.278599 0.440791 -0.412818 -0.877355 0.244601 -7.8748 -157.087 545.927 
0.321952 -0.400012 -0.858101 0.848681 -0.279787 0.448843 -0.419628 -0.87276 0.249405 -8.82805 -156.194 546.648 
0.32098 -0.391613 -0.862329 0.857859 -0.265593 0.439931 -0.401311 -0.880965 0.250698 -7.55618 -152.309 544.671 
0.3186 -0.390393 -0.863764 0.855961 -0.272985 0.439102 -0.407217 -0.879245 0.247189 -7.73826 -153.758 545.677 
0.322383 -0.38614 -0.864272 0.8539 -0.27544 0.441575 -0.408565 -0.880357 0.240928 -7.55947 -153.301 546.089 
0.327957 -0.392566 -0.859265 0.850292 -0.273675 0.449563 -0.411643 -0.878062 0.244042 -8.36179 -152.817 546.602 
0.320959 -0.391871 -0.86222 0.853406 -0.27513 0.442723 -0.410713 -0.877918 0.246119 -7.52744 -152.919 546.488 
0.327504 -0.395792 -0.857957 0.850269 -0.272538 0.450296 -0.412049 -0.876967 0.247272 -8.34833 -152.976 546.547 
0.327594 -0.393908 -0.85879 0.85151 -0.270773 0.449015 -0.409408 -0.878361 0.246712 -8.4165 -153.047 546.265 
0.321275 -0.377103 -0.868663 0.8635 -0.259934 0.432208 -0.388783 -0.888947 0.242118 -6.70322 -149.475 544.131 
0.318679 -0.382959 -0.867057 0.860165 -0.267446 0.43427 -0.398198 -0.884203 0.244178 -7.06814 -151.424 545.404 
0.32321 -0.382949 -0.865382 0.858645 -0.265756 0.438297 -0.397826 -0.884717 0.242922 -7.96993 -151.788 545.565 
0.317936 -0.378741 -0.869179 0.861581 -0.267216 0.431595 -0.395721 -0.886087 0.241358 -7.36671 -152.754 545.555 
0.331774 -0.386059 -0.860747 0.855114 -0.262244 0.447224 -0.39838 -0.884413 0.243119 -9.09657 -153.118 545.928 
0.336379 -0.39001 -0.857171 0.853225 -0.259013 0.452681 -0.398568 -0.883631 0.24564 -9.954 -153.761 546.242 
0.335178 -0.382737 -0.860912 0.854937 -0.260418 0.448627 -0.395903 -0.886394 0.23993 -9.51683 -153.752 546.081 
0.331427 -0.382165 -0.862616 0.858341 -0.257422 0.44383 -0.391673 -0.887515 0.242711 -9.36279 -153.836 545.804 
0.337876 -0.380153 -0.861002 0.856256 -0.255615 0.448874 -0.390726 -0.888901 0.239142 -9.7736 -153.566 545.695 
0.328331 -0.369735 -0.869192 0.861892 -0.259211 0.435836 -0.386448 -0.892247 0.233565 -8.63717 -152.432 545.008 
0.318751 -0.357572 -0.877805 0.867749 -0.262497 0.422027 -0.381327 -0.896235 0.226612 -7.71896 -152.115 544.481 
0.319516 -0.351347 -0.880037 0.869974 -0.259329 0.419397 -0.375574 -0.899613 0.222803 -7.71176 -152.292 544.106 
0.313169 -0.340377 -0.886606 0.880153 -0.246649 0.405581 -0.356731 -0.907363 0.222341 -6.36313 -149.69 542.235 
0.318925 -0.345985 -0.882373 0.87392 -0.252965 0.415059 -0.366814 -0.903495 0.221686 -8.19932 -152.099 543.238 
0.323322 -0.344439 -0.881377 0.873198 -0.250346 0.418156 -0.364678 -0.904814 0.219821 -9.18299 -153.011 542.969 
0.324041 -0.350282 -0.878806 0.872045 -0.249561 0.42102 -0.366792 -0.902785 0.224594 -10.7735 -154.132 542.927 
0.331598 -0.347928 -0.876921 0.870405 -0.245729 0.42663 -0.363921 -0.904745 0.221355 -12.1111 -154.593 542.075 
0.334407 -0.346515 -0.876413 0.871046 -0.241387 0.427799 -0.359793 -0.906454 0.221109 -12.8225 -153.943 540.902 
0.326483 -0.344218 -0.880298 0.874907 -0.242396 0.419266 -0.357699 -0.90706 0.22202 -12.1027 -153.726 539.857 
0.327867 -0.339539 -0.881599 0.875843 -0.240551 0.418372 -0.354123 -0.909312 0.218514 -12.9131 -155.716 539.08 
0.339945 -0.35063 -0.872638 0.872598 -0.228451 0.431722 -0.35073 -0.908223 0.228298 -15.2327 -154.929 538.156 
0.355361 -0.344985 -0.868737 0.865824 -0.228739 0.445004 -0.352234 -0.910309 0.217411 -18.0805 -157.09 538.138 
0.36027 -0.343294 -0.867384 0.867114 -0.219622 0.44708 -0.343977 -0.91319 0.218551 -19.1159 -156.266 537.256 
0.356752 -0.33939 -0.87037 0.868559 -0.222569 0.442798 -0.343998 -0.913935 0.215378 -19.9003 -157.963 537.37 
0.362209 -0.336021 -0.869423 0.86673 -0.221733 0.446783 -0.342908 -0.915382 0.210925 -21.1375 -157.15 537.034 
0.371955 -0.334709 -0.865806 0.86245 -0.220307 0.455681 -0.343264 -0.916206 0.206726 -23.2134 -157.549 537.296 
0.377581 -0.322016 -0.868182 0.86485 -0.212369 0.454901 -0.33086 -0.922608 0.198309 -24.7119 -159.052 536.542 
0.381575 -0.321643 -0.866572 0.865054 -0.206084 0.457398 -0.325705 -0.924162 0.199602 -26.6895 -159.047 536.142 
0.382341 -0.313547 -0.869198 0.868607 -0.198899 0.45383 -0.315179 -0.928508 0.196302 -27.5339 -158.298 534.994 
0.386708 -0.313876 -0.867145 0.867394 -0.195535 0.457596 -0.313186 -0.929111 0.196639 -29.28 -158.927 534.583 
0.39474 -0.301707 -0.867844 0.86548 -0.194971 0.461446 -0.308426 -0.933252 0.184158 -31.2867 -159.045 533.661 
0.396132 -0.299482 -0.867981 0.867327 -0.188226 0.460778 -0.301372 -0.935351 0.185186 -33.4243 -159.722 532.503 
0.401033 -0.297453 -0.866427 0.86744 -0.180742 0.463552 -0.294484 -0.937472 0.185539 -35.8592 -159.768 531.112 
0.401683 -0.291975 -0.867987 0.867922 -0.181015 0.462543 -0.29217 -0.93914 0.1807 -37.5905 -160.054 530.065 
0.402813 -0.28062 -0.871203 0.870284 -0.177354 0.459514 -0.28346 -0.943291 0.172779 -39.6994 -160.101 528.225 
0.394676 -0.268404 -0.878744 0.873986 -0.185439 0.449179 -0.283514 -0.945289 0.161393 -41.2919 -162.173 527.245 
0.398547 -0.266682 -0.877521 0.873053 -0.182792 0.452069 -0.280962 -0.946291 0.159976 -44.1273 -162.101 525.812 
0.390369 -0.252352 -0.885399 0.879528 -0.182021 0.439659 -0.27211 -0.950361 0.150895 -45.3842 -163.203 524.249 
0.388629 -0.262524 -0.883204 0.881735 -0.17224 0.439179 -0.267418 -0.949428 0.164539 -47.0561 -159.988 522.661 
0.384978 -0.256849 -0.886466 0.883788 -0.174147 0.434273 -0.265918 -0.950632 0.159957 -50.0537 -163.373 521.706 
0.378858 -0.246981 -0.89189 0.88636 -0.180318 0.426443 -0.266147 -0.952095 0.150599 -51.8155 -164.547 520.816 
0.371874 -0.237365 -0.897423 0.888879 -0.18763 0.41796 -0.267593 -0.953128 0.141214 -53.0016 -165.268 520.058 
0.376091 -0.241348 -0.894599 0.886925 -0.185671 0.422955 -0.26818 -0.952511 0.144228 -55.7193 -164.976 519.067 
0.373907 -0.241015 -0.895604 0.888546 -0.183716 0.4204 -0.26586 -0.952974 0.145459 -57.5179 -165.542 518.037 
0.371607 -0.230859 -0.899229 0.890821 -0.184087 0.415393 -0.261433 -0.955414 0.137246 -59.0365 -165.841 517.122 
0.375187 -0.237579 -0.895987 0.889565 -0.179458 0.420083 -0.260595 -0.954647 0.144012 -60.6376 -163.986 516.287 
0.373072 -0.238116 -0.896727 0.890636 -0.178906 0.418045 -0.259973 -0.954617 0.14533 -62.219 -165.097 515.637 
0.372879 -0.23794 -0.896854 0.891579 -0.175838 0.417336 -0.257002 -0.95523 0.146576 -64.0322 -165.255 514.81 
0.366877 -0.231552 -0.900991 0.894275 -0.179025 0.410151 -0.256271 -0.956208 0.141391 -64.7603 -165.566 514.28 
0.370997 -0.229356 -0.899866 0.893532 -0.175743 0.413178 -0.25291 -0.957345 0.139737 -66.2873 -165.283 513.567 
0.370752 -0.228368 -0.900218 0.894907 -0.17137 0.412038 -0.248367 -0.958373 0.140832 -66.6212 -162.62 512.574 
0.366283 -0.22866 -0.901971 0.895586 -0.176419 0.408415 -0.252513 -0.957387 0.140165 -67.1406 -164.444 512.737 
0.36914 -0.229931 -0.900482 0.89422 -0.176095 0.411537 -0.253195 -0.957143 0.140605 -67.9539 -164.467 512.432 
0.362414 -0.224001 -0.904699 0.896458 -0.181793 0.404124 -0.254992 -0.957483 0.134923 -67.5035 -164.752 512.347 
0.367238 -0.227175 -0.901958 0.894131 -0.180941 0.409624 -0.256258 -0.956897 0.136676 -69.1244 -164.72 511.988 
0.366897 -0.228407 -0.901786 0.893794 -0.182211 0.409796 -0.257916 -0.956362 0.137296 -69.6152 -164.699 511.773 
0.371054 -0.234135 -0.89861 0.891729 -0.180177 0.415158 -0.259112 -0.955362 0.141929 -70.3776 -164.46 511.447 
0.364683 -0.22595 -0.903302 0.894491 -0.184452 0.407264 -0.258637 -0.956516 0.134844 -69.8614 -164.841 510.98 
0.372396 -0.233157 -0.898309 0.89177 -0.178179 0.415932 -0.257037 -0.955976 0.141569 -71.5153 -164.243 510.439 
0.36867 -0.227116 -0.901389 0.893719 -0.180073 0.410904 -0.255638 -0.957075 0.13659 -71.3815 -164.439 509.85 
RFing.0_Hand
-0.461729 0.0039796 -0.887012 -0.0039796 0.999971 0.00655795 0.887012 0.00655795 -0.4617 32.7108 -9.73219 -73.4609 
-0.0995231 0.371634 -0.923029 0.995007 0.0302253 -0.0951151 -0.00744904 -0.927888 -0.372786 -145.609 -162.71 480.225 
-0.0923787 0.366446 -0.925842 0.99572 0.0314207 -0.0869154 -0.00275898 -0.929909 -0.367779 -146.271 -162.642 480.09 
-0.0969478 0.369348 -0.92422 0.995288 0.0349136 -0.0904507 -0.00113987 -0.928635 -0.370992 -146.126 -162.183 480.306 
-0.0932071 0.365329 -0.9262 0.995646 0.0342613 -0.0866824 6.53733e-05 -0.930248 -0.366931 -146.329 -161.177 480.93 
-0.0911648 0.362734 -0.927423 0.99583 0.0363158 -0.0836861 0.00332452 -0.931185 -0.364531 -145.977 -160.363 481.647 
-0.0904225 0.369466 -0.924834 0.995895 0.0372955 -0.0824716 0.00402184 -0.928496 -0.371322 -145.657 -159.272 482.096 
-0.0931121 0.36735 -0.92541 0.995602 0.0439985 -0.0827096 0.0103334 -0.929042 -0.36983 -145.275 -158.53 482.569 
-0.100232 0.367304 -0.924684 0.994941 0.0433413 -0.0906318 0.00678774 -0.929091 -0.369789 -144.973 -157.495 482.888 
-0.104748 0.365374 -0.924948 0.994487 0.0428651 -0.0956913 0.00468506 -0.929874 -0.367849 -144.794 -156.961 483.147 
-0.0998033 0.363787 -0.92612 0.994973 0.0441389 -0.0898859 0.00817876 -0.930436 -0.366363 -145.615 -155.927 483.083 
-0.101914 0.36153 -0.926773 0.994755 0.0451695 -0.0917702 0.00868431 -0.931266 -0.364237 -145.805 -155.142 483.275 
-0.10892 0.358274 -0.927241 0.993986 0.0498057 -0.097517 0.0112443 -0.932288 -0.361544 -145.715 -153.961 483.238 
-0.103223 0.35322 -0.929828 0.994591 0.0474779 -0.092378 0.0115167 -0.934335 -0.35621 -146.001 -152.762 483.196 
-0.112213 0.35326 -0.928771 0.993588 0.0528812 -0.099931 0.013813 -0.93403 -0.356928 -146.03 -151.43 483.057 
-0.111936 0.354446 -0.928352 0.993619 0.0529088 -0.0996054 0.0138134 -0.933579 -0.358106 -145.923 -150.235 483.125 
-0.113058 0.352048 -0.929128 0.993519 0.0510808 -0.101539 0.0117142 -0.934587 -0.355541 -145.226 -148.724 483.309 
-0.115379 0.345918 -0.931144 0.993242 0.0519896 -0.103761 0.0125172 -0.936824 -0.349578 -145.041 -146.168 483.541 
-0.117091 0.351231 -0.928938 0.993055 0.0522021 -0.105435 0.0114604 -0.934833 -0.354904 -144.538 -144.015 483.699 
-0.116378 0.350412 -0.929337 0.99317 0.0488073 -0.10597 0.00822558 -0.935324 -0.353698 -144.308 -141.827 483.975 
-0.115042 0.347365 -0.930646 0.993346 0.0452011 -0.105922 0.00527267 -0.93664 -0.350253 -144.157 -139.311 484.305 
-0.126863 0.351815 -0.927433 0.99192 0.0452256 -0.118529 0.000243543 -0.934977 -0.354709 -142.939 -136.889 484.354 
-0.128411 0.352501 -0.926959 0.991721 0.0455339 -0.120067 -0.000115591 -0.934704 -0.355429 -142.224 -133.91 484.191 
-0.135139 0.356226 -0.924576 0.990819 0.0449068 -0.12752 -0.00390596 -0.93332 -0.359024 -141.047 -131.081 484.079 
-0.143707 0.357341 -0.922852 0.98961 0.047826 -0.135585 -0.00431361 -0.932749 -0.360501 -139.912 -129.003 483.974 
-0.14654 0.358369 -0.922007 0.989198 0.0497043 -0.1379 -0.0035914 -0.932256 -0.361781 -138.37 -126.417 483.881 
-0.147478 0.355181 -0.92309 0.989045 0.0470971 -0.139895 -0.00621297 -0.933611 -0.358236 -136.658 -124.251 484.178 
-0.144368 0.34753 -0.926488 0.989453 0.0395444 -0.139347 -0.0117896 -0.936835 -0.349573 -135.311 -122.011 484.653 
-0.146727 0.346261 -0.926593 0.989057 0.0367615 -0.142881 -0.015411 -0.937418 -0.347865 -133.526 -120.232 485.235 
-0.147107 0.330588 -0.93224 0.988848 0.0270628 -0.146444 -0.0231834 -0.943388 -0.330882 -131.81 -118.915 486.583 
-0.149328 0.323589 -0.93434 0.988365 0.0212374 -0.150608 -0.0288918 -0.94596 -0.322995 -131.646 -116.911 487.539 
-0.155075 0.322734 -0.933699 0.98746 0.0223608 -0.156276 -0.0295572 -0.946226 -0.322154 -130.685 -115.071 488.476 
-0.158867 0.319417 -0.934202 0.986847 0.0227176 -0.160052 -0.0299004 -0.947343 -0.318824 -129.8 -113.372 489.664 
-0.162999 0.310635 -0.936449 0.986153 0.021903 -0.164385 -0.0305526 -0.950277 -0.309903 -129.063 -111.397 491.125 
-0.161587 0.303912 -0.938897 0.986465 0.0228795 -0.162368 -0.027864 -0.952426 -0.303495 -128.959 -110.051 492.695 
-0.152462 0.286528 -0.945863 0.987894 0.0164674 -0.15425 -0.0286207 -0.957931 -0.285569 -128.848 -108.555 494.354 
-0.15109 0.275999 -0.949208 0.988053 0.012669 -0.15359 -0.030365 -0.961075 -0.274615 -127.619 -106.802 495.708 
-0.153696 0.274466 -0.949234 0.987595 0.0114189 -0.156606 -0.0321437 -0.961529 -0.272816 -127.318 -105.18 496.844 
-0.158319 0.268935 -0.950057 0.98687 0.0119438 -0.161073 -0.0319709 -0.963085 -0.267295 -126.107 -103.659 497.717 
-0.165512 0.266206 -0.9496 0.985617 0.0113459 -0.16861 -0.0341109 -0.96385 -0.264255 -124.868 -102.124 498.404 
-0.171681 0.256398 -0.951202 0.984533 0.0104294 -0.174887 -0.03492 -0.966516 -0.254222 -123.449 -100.515 498.91 
-0.164494 0.23929 -0.956912 0.985774 0.00595514 -0.167967 -0.0344942 -0.97093 -0.236865 -123.593 -99.5715 499.365 
-0.157309 0.225036 -0.961568 0.986851 -0.000784723 -0.16163 -0.037127 -0.974351 -0.221953 -123.211 -99.0152 499.813 
-0.152385 0.206458 -0.966516 0.987408 -0.0102119 -0.157861 -0.0424615 -0.978403 -0.202302 -122.515 -97.9363 500.031 
-0.152267 0.186136 -0.970653 0.987061 -0.0212932 -0.158925 -0.0502499 -0.982294 -0.180485 -121.309 -97.203 500.215 
-0.151952 0.184394 -0.971035 0.98706 -0.0225952 -0.158751 -0.0512134 -0.982593 -0.178574 -120.782 -97.2575 500.032 
-0.147254 0.175864 -0.973338 0.987756 -0.0251044 -0.153972 -0.0515131 -0.984095 -0.170013 -120.255 -96.9751 500.259 
-0.142072 0.168211 -0.975459 0.988385 -0.0295992 -0.149059 -0.0539462 -0.985307 -0.162052 -119.821 -96.3428 500.518 
-0.134455 0.161878 -0.977608 0.989331 -0.0339093 -0.141683 -0.0560852 -0.986229 -0.155591 -119.323 -95.9432 500.765 
-0.126156 0.162389 -0.978629 0.990623 -0.0315264 -0.132934 -0.0524397 -0.986223 -0.156889 -119.29 -95.201 500.659 
-0.132325 0.172169 -0.976139 0.989895 -0.0276808 -0.139073 -0.0509643 -0.984679 -0.166766 -117.917 -93.7481 500.223 
-0.135706 0.167253 -0.976529 0.989115 -0.0337067 -0.143229 -0.056871 -0.985338 -0.160858 -116.818 -93.9761 500.585 
-0.137305 0.16791 -0.976193 0.988734 -0.0360566 -0.145271 -0.0595906 -0.985143 -0.161067 -116.388 -94.2064 500.643 
-0.144298 0.173835 -0.974145 0.987844 -0.0321993 -0.152074 -0.0578024 -0.984249 -0.167075 -115.995 -92.9687 500.231 
-0.142541 0.170698 -0.974958 0.98816 -0.031944 -0.150065 -0.0567598 -0.984806 -0.164123 -115.745 -92.2785 500.106 
-0.14016 0.16688 -0.975964 0.98841 -0.0344582 -0.14784 -0.0583015 -0.985375 -0.160116 -115.916 -92.0028 500.285 
-0.134031 0.157509 -0.978379 0.988938 -0.0420384 -0.142246 -0.0635345 -0.986623 -0.150132 -116.081 -93.5551 501.085 
-0.126521 0.154698 -0.979827 0.989914 -0.0437789 -0.134736 -0.0637391 -0.986992 -0.147598 -116.662 -92.7004 500.764 
-0.132093 0.157343 -0.97867 0.988938 -0.0462795 -0.14092 -0.0674651 -0.986459 -0.149489 -116.444 -92.4544 500.767 
-0.134515 0.159679 -0.977961 0.988802 -0.0427313 -0.142984 -0.064621 -0.986244 -0.152142 -116.249 -92.3758 500.503 
-0.151572 0.171334 -0.973483 0.986326 -0.0382555 -0.160305 -0.0647067 -0.984471 -0.163192 -114.791 -91.7959 500.196 
-0.150081 0.170082 -0.973934 0.986074 -0.0456298 -0.159921 -0.07164 -0.984373 -0.160864 -114.805 -91.7465 500.51 
-0.148826 0.16804 -0.974481 0.986014 -0.0495288 -0.159129 -0.0750048 -0.984536 -0.158318 -114.611 -91.8617 500.735 
-0.144991 0.156577 -0.976965 0.986686 -0.050638 -0.15455 -0.0736704 -0.986367 -0.147149 -114.778 -92.2648 501.074 
-0.154457 0.162964 -0.974467 0.985024 -0.0510794 -0.164673 -0.0766108 -0.985309 -0.152633 -113.825 -92.2167 501.063 
-0.149546 0.160103 -0.975706 0.985536 -0.0554222 -0.160148 -0.0797159 -0.985544 -0.149499 -113.599 -92.3633 501.262 
-0.150448 0.153614 -0.97661 0.984411 -0.0677582 -0.162308 -0.091106 -0.985806 -0.141024 -113.453 -92.6312 501.903 
-0.156002 0.158189 -0.975007 0.983225 -0.0695682 -0.168604 -0.0945007 -0.984956 -0.144682 -112.708 -93.3969 501.967 
-0.163233 0.15324 -0.974614 0.981565 -0.074318 -0.176083 -0.0994144 -0.985391 -0.138284 -111.839 -93.5742 502.184 
-0.164736 0.153979 -0.974244 0.981133 -0.0757523 -0.177874 -0.10119 -0.985166 -0.138595 -111.224 -94.6282 502.432 
-0.1692 0.151963 -0.973796 0.980358 -0.0756351 -0.182143 -0.101332 -0.985488 -0.136181 -109.886 -94.6944 502.052 
-0.164912 0.14889 -0.975005 0.980713 -0.0803885 -0.178154 -0.104905 -0.985581 -0.132761 -109.518 -95.5077 502.089 
-0.172497 0.151128 -0.973347 0.979862 -0.0745686 -0.18523 -0.100574 -0.985698 -0.135221 -107.783 -95.6523 501.515 
-0.158613 0.141359 -0.977169 0.981054 -0.0889395 -0.172111 -0.111238 -0.985955 -0.124574 -107.997 -98.6324 502.624 
-0.152476 0.133679 -0.979224 0.981274 -0.0975116 -0.166108 -0.117691 -0.986216 -0.116307 -107.03 -99.9125 502.49 
-0.155136 0.13473 -0.978662 0.979739 -0.106035 -0.169904 -0.126664 -0.985193 -0.115549 -105.035 -102.867 502.585 
-0.155996 0.13088 -0.979048 0.978502 -0.114893 -0.171268 -0.134901 -0.984719 -0.110143 -103.086 -104.523 502.074 
-0.153299 0.124074 -0.980359 0.977095 -0.129142 -0.169133 -0.147591 -0.983834 -0.101434 -101.6 -107.365 502.306 
-0.163655 0.124371 -0.978646 0.974899 -0.131413 -0.179729 -0.15096 -0.983495 -0.0997422 -98.4763 -109.953 501.981 
-0.159512 0.120554 -0.979807 0.975344 -0.134088 -0.175284 -0.152512 -0.98361 -0.0961925 -96.8321 -112.807 502.148 
-0.169792 0.126233 -0.977361 0.972836 -0.136887 -0.186687 -0.157354 -0.982511 -0.0995616 -93.6661 -117.059 503.228 
-0.166701 0.102031 -0.980714 0.971995 -0.150082 -0.180834 -0.165638 -0.983395 -0.0741539 -92.7316 -118.406 503.239 
-0.158719 0.0622393 -0.98536 0.972548 -0.162158 -0.166899 -0.170172 -0.9848 -0.0347925 -91.3129 -120.444 504.185 
-0.165017 0.0861511 -0.982521 0.972899 -0.149381 -0.176499 -0.161975 -0.98502 -0.0591655 -88.7081 -123.633 504.218 
-0.177089 0.0908959 -0.979988 0.971819 -0.14126 -0.188716 -0.155586 -0.985791 -0.0633182 -85.6359 -126.27 504.432 
-0.178379 0.0938958 -0.979471 0.971045 -0.143963 -0.190646 -0.158908 -0.985119 -0.0654965 -82.9192 -128.787 505.298 
-0.154813 0.0301339 -0.987484 0.971358 -0.177736 -0.157709 -0.180264 -0.983617 -0.00175454 -82.0218 -130.058 507.611 
-0.153019 0.0579377 -0.986523 0.975328 -0.151883 -0.160204 -0.159118 -0.986699 -0.0332667 -79.5091 -131.722 506.655 
-0.145243 0.0313212 -0.9889 0.97404 -0.170886 -0.148473 -0.173639 -0.984793 -0.00568771 -77.5954 -134.323 508.905 
-0.166226 0.0621958 -0.984124 0.973112 -0.15102 -0.173911 -0.159439 -0.986573 -0.0354195 -72.3331 -136.4 508.596 
-0.158764 0.0587145 -0.985569 0.975106 -0.147178 -0.165847 -0.154792 -0.987366 -0.0338858 -70.4308 -137.622 509.467 
-0.160406 0.0312459 -0.986556 0.974438 -0.154258 -0.163322 -0.157287 -0.987537 -0.00570285 -67.7958 -138.342 510.995 
-0.149016 0.0236706 -0.988551 0.975899 -0.157652 -0.150885 -0.159419 -0.987211 0.000393132 -65.4705 -142.007 513.346 
-0.159452 0.027374 -0.986826 0.977797 -0.133297 -0.161692 -0.135967 -0.990699 -0.00551126 -61.7761 -142.333 512.785 
-0.160438 0.0298446 -0.986594 0.979882 -0.11539 -0.162838 -0.118703 -0.992872 -0.0107307 -58.5615 -143.435 513.667 
-0.141863 0.00444897 -0.989876 0.982075 -0.124745 -0.141306 -0.124111 -0.992179 0.0133279 -57.0129 -143.79 515.889 
-0.134157 -0.00359424 -0.990953 0.982937 -0.127467 -0.13261 -0.125837 -0.991837 0.020634 -54.2811 -147.379 518.567 
-0.121219 -0.00674284 -0.992603 0.98453 -0.128267 -0.119363 -0.126513 -0.991717 0.0221875 -52.163 -148.225 520.396 
-0.133727 -0.00375459 -0.991011 0.982903 -0.128211 -0.132147 -0.126563 -0.99174 0.0208362 -47.8258 -149.109 521.625 
-0.145952 0.0204729 -0.989079 0.981521 -0.122061 -0.147364 -0.123745 -0.992312 -0.00227906 -44.0127 -149.664 522.525 
-0.123172 -0.00690789 -0.992361 0.983415 -0.134999 -0.121122 -0.133131 -0.990822 0.0234218 -43.5993 -149.485 524.729 
-0.119227 -0.0244149 -0.992566 0.984006 -0.136166 -0.11485 -0.13235 -0.990386 0.0402595 -40.5489 -148.886 525.694 
-0.133556 0.0038757 -0.991033 0.983801 -0.120137 -0.133052 -0.119576 -0.99275 0.0122327 -37.2834 -149.826 525.864 
-0.11791 -0.0223321 -0.992773 0.986174 -0.119853 -0.114431 -0.116431 -0.992541 0.0361557 -36.1079 -150.364 527.32 
-0.119596 -0.0314386 -0.992324 0.986768 -0.113972 -0.115316 -0.109472 -0.992987 0.0446537 -34.1728 -150.956 527.981 
-0.117027 -0.0379541 -0.992403 0.987024 -0.11507 -0.111992 -0.109945 -0.992633 0.0509283 -32.9477 -151.268 528.836 
-0.109546 -0.0524087 -0.992599 0.987648 -0.11829 -0.102755 -0.11203 -0.991596 0.0647201 -31.9162 -151.796 530.181 
-0.103702 -0.0431411 -0.993672 0.988474 -0.115252 -0.0981563 -0.110288 -0.992399 0.0545962 -29.9598 -152.314 530.236 
-0.106147 -0.03736 -0.993648 0.988448 -0.112679 -0.101356 -0.108177 -0.992929 0.0488895 -28.0521 -153.24 530.793 
-0.108154 -0.0376419 -0.993421 0.989078 -0.104727 -0.103714 -0.100134 -0.993789 0.048558 -25.7116 -153.064 530.679 
-0.0821477 -0.0547691 -0.995114 0.990314 -0.116632 -0.0753328 -0.111936 -0.991664 0.0638201 -26.1932 -154.436 532.506 
-0.0990558 -0.0421836 -0.994187 0.988935 -0.115052 -0.0936513 -0.110433 -0.992464 0.0531139 -22.8766 -154.651 532.432 
-0.0896844 -0.0403239 -0.995153 0.990024 -0.112627 -0.0846591 -0.108667 -0.992819 0.0500229 -22.0993 -153.909 532.705 
-0.0930146 -0.0435581 -0.994711 0.989322 -0.116623 -0.0874044 -0.112199 -0.992221 0.0539411 -20.4306 -153.764 533.773 
-0.0954307 -0.0286701 -0.995023 0.989565 -0.111136 -0.0917055 -0.107953 -0.993392 0.0389772 -19.1431 -153.305 534.067 
-0.0968808 -0.0253486 -0.994973 0.989403 -0.111073 -0.0935093 -0.108145 -0.993489 0.0358414 -18.2496 -152.756 534.889 
-0.091345 -0.0228555 -0.995557 0.989293 -0.116349 -0.0880997 -0.113818 -0.992946 0.0332392 -17.5965 -152.168 536.191 
-0.0962125 -0.0252706 -0.99504 0.988985 -0.115388 -0.0926972 -0.112473 -0.992999 0.0360945 -16.5788 -150.329 536.793 
-0.117997 0.00424269 -0.993005 0.98736 -0.106056 -0.11778 -0.105814 -0.994352 0.00832569 -14.2841 -151.252 537.266 
-0.109962 0.00378595 -0.993928 0.988098 -0.107805 -0.109728 -0.107565 -0.994165 0.00811398 -15.1211 -150.353 538.455 
-0.100839 -0.00666516 -0.99488 0.989038 -0.109085 -0.0995166 -0.107863 -0.994011 0.0175926 -15.5623 -148.826 539.004 
-0.135369 0.0230358 -0.990527 0.985755 -0.0975798 -0.136987 -0.0998111 -0.994962 -0.00949786 -12.7526 -148.545 538.655 
-0.142286 0.0344305 -0.989226 0.9847 -0.0966424 -0.144999 -0.100594 -0.994724 -0.0201525 -12.1052 -147.785 538.977 
-0.152168 0.0446773 -0.987344 0.983896 -0.0879256 -0.155616 -0.0937653 -0.995125 -0.0305779 -11.3842 -147.029 538.881 
-0.142969 0.0354585 -0.989091 0.985111 -0.0913048 -0.145668 -0.095474 -0.995192 -0.0218763 -12.8799 -146.431 539.831 
-0.155341 0.0502998 -0.986579 0.984755 -0.0712445 -0.158686 -0.0782703 -0.99619 -0.0384653 -12.3029 -142.527 538.439 
-0.14623 0.0432663 -0.988304 0.98593 -0.0754095 -0.149181 -0.080982 -0.996214 -0.0316299 -13.1096 -143.394 539.784 
-0.142609 0.0456817 -0.988724 0.986166 -0.0787133 -0.145878 -0.0844897 -0.995851 -0.033824 -13.6485 -143.681 540.702 
-0.14911 0.0468758 -0.987708 0.985384 -0.07616 -0.152375 -0.0823665 -0.995994 -0.0348339 -13.1063 -142.95 540.942 
-0.14177 0.0432255 -0.988955 0.986261 -0.07941 -0.144855 -0.0847944 -0.995905 -0.0313732 -13.6029 -142.309 541.544 
-0.130449 0.0352015 -0.99083 0.987531 -0.0842027 -0.133007 -0.0881125 -0.995827 -0.0237779 -14.4745 -141.392 542.239 
-0.147701 0.0422776 -0.988128 0.986233 -0.0688144 -0.150363 -0.0743544 -0.996734 -0.0315311 -13.2423 -137.456 540.49 
-0.140061 0.0417918 -0.98926 0.987136 -0.0719023 -0.142798 -0.0770979 -0.996536 -0.031183 -13.4669 -138.952 541.388 
-0.138241 0.0497037 -0.98915 0.987318 -0.0717849 -0.141592 -0.0780437 -0.996181 -0.0391493 -13.2374 -138.501 541.715 
-0.129582 0.0476099 -0.990425 0.988196 -0.0761038 -0.132949 -0.0817048 -0.995963 -0.0371857 -13.9301 -137.975 542.227 
-0.138278 0.0450142 -0.98937 0.987018 -0.0761304 -0.141414 -0.0816867 -0.996082 -0.0339021 -13.2132 -138.112 542.147 
-0.132364 0.0442783 -0.990211 0.987566 -0.0795866 -0.13557 -0.0848103 -0.995845 -0.0331929 -13.9151 -138.125 542.202 
-0.134068 0.0453535 -0.989933 0.987451 -0.0780126 -0.137306 -0.0834546 -0.995921 -0.0343249 -13.9871 -138.19 541.945 
-0.159155 0.0610166 -0.985366 0.984877 -0.0593865 -0.162754 -0.0684482 -0.996369 -0.0506417 -12.4229 -134.62 540.002 
-0.152399 0.0532464 -0.986883 0.985742 -0.0638712 -0.15567 -0.0713223 -0.996537 -0.0427528 -12.8154 -136.605 541.188 
-0.142617 0.052447 -0.988387 0.987044 -0.0666233 -0.145959 -0.0735047 -0.996399 -0.0422655 -13.6427 -136.942 541.34 
-0.146881 0.0566029 -0.987533 0.986581 -0.0635806 -0.150384 -0.0713001 -0.996371 -0.0465041 -13.1371 -137.945 541.337 
-0.131528 0.0518723 -0.989954 0.988386 -0.0698058 -0.134978 -0.0761062 -0.996211 -0.042088 -14.6194 -138.218 541.698 
-0.123892 0.0492596 -0.991072 0.989232 -0.0722852 -0.127255 -0.0779084 -0.996167 -0.0397731 -15.3895 -138.821 542.037 
-0.133153 0.0589206 -0.989342 0.988129 -0.0692785 -0.137117 -0.0766191 -0.995856 -0.048996 -14.992 -138.835 541.845 
-0.128714 0.0572886 -0.990025 0.988822 -0.0683366 -0.132513 -0.0752464 -0.996017 -0.0478518 -14.9018 -138.921 541.648 
-0.128394 0.0579156 -0.99003 0.988895 -0.0678632 -0.132217 -0.074844 -0.996013 -0.0485587 -15.2106 -138.621 541.511 
-0.146098 0.068154 -0.986919 0.986601 -0.0631854 -0.150415 -0.0726103 -0.995672 -0.058009 -14.259 -137.559 540.813 
-0.158413 0.0779673 -0.984289 0.984904 -0.0579739 -0.163105 -0.06978 -0.995269 -0.067606 -13.527 -137.318 540.271 
-0.165928 0.0869152 -0.9823 0.983897 -0.0525164 -0.170845 -0.0664358 -0.994831 -0.0768011 -13.5212 -137.488 539.922 
-0.188259 0.0995894 -0.977057 0.980505 -0.0379454 -0.192792 -0.0562749 -0.994305 -0.0905039 -12.2991 -134.876 538.268 
-0.171075 0.095422 -0.980626 0.983414 -0.0443122 -0.175874 -0.060236 -0.994451 -0.0862581 -14.0299 -137.277 539.146 
