Lower Arm R
-0.0148834 -0.327094 -0.944875 0.327094 0.891393 -0.313732 0.944875 -0.313732 0.0937236 43.3573 -12.3442 -85.718 
-0.0942783 -0.0237217 -0.995264 0.829244 -0.555056 -0.0653223 -0.550877 -0.831474 0.0720004 -41.1918 -77.3068 526.899 
-0.0928398 -0.0234864 -0.995405 0.830081 -0.553917 -0.0643508 -0.54986 -0.83224 0.0709207 -41.133 -76.7118 526.616 
-0.0923573 -0.0321392 -0.995208 0.831051 -0.553029 -0.0592638 -0.548474 -0.832541 0.0777851 -41.5338 -76.5333 526.466 
-0.0892032 -0.0357745 -0.995371 0.830181 -0.554828 -0.0544582 -0.550311 -0.831195 0.0791912 -42.0372 -76.3462 526.531 
-0.0895208 -0.0405207 -0.995161 0.829165 -0.556587 -0.0519256 -0.551789 -0.8298 0.083424 -42.3921 -76.614 526.716 
-0.0917599 -0.0349869 -0.995167 0.824985 -0.562344 -0.056298 -0.557656 -0.826162 0.0804638 -42.1023 -76.3522 527.426 
-0.091024 -0.034035 -0.995268 0.823189 -0.565002 -0.055965 -0.560423 -0.824387 0.0794455 -42.2679 -76.2578 528.219 
-0.0899111 -0.0360763 -0.995297 0.823462 -0.564804 -0.0539159 -0.560202 -0.824436 0.0804891 -41.7898 -75.7763 528.903 
-0.0839937 -0.0464221 -0.995385 0.820197 -0.570492 -0.0426046 -0.565881 -0.81999 0.0859925 -41.7703 -75.4015 530.002 
-0.0803232 -0.0513 -0.995448 0.81655 -0.576139 -0.0361967 -0.57166 -0.81574 0.0881659 -41.5328 -74.7057 531.186 
-0.076119 -0.0570423 -0.995466 0.812969 -0.581593 -0.0288377 -0.577311 -0.811477 0.0906434 -41.4745 -73.9659 532.246 
-0.0703887 -0.0602081 -0.995702 0.80709 -0.590041 -0.0213767 -0.586218 -0.805124 0.0901251 -41.359 -72.5585 533.232 
-0.0610737 -0.0628677 -0.996152 0.797396 -0.603359 -0.0108098 -0.600358 -0.794987 0.0869794 -41.2056 -71.4626 534.504 
-0.0602266 -0.0696917 -0.995749 0.787394 -0.616433 -0.00448088 -0.613501 -0.784316 0.0920001 -40.3499 -70.2182 535.68 
-0.0560269 -0.0806707 -0.995166 0.778738 -0.62731 0.00700923 -0.624843 -0.774579 0.0979671 -40.2052 -69.1903 536.933 
-0.0562414 -0.0846535 -0.994823 0.770761 -0.637036 0.0106337 -0.634638 -0.766171 0.101075 -39.3444 -68.2294 538.549 
-0.0483292 -0.0940448 -0.994395 0.764095 -0.644663 0.0238327 -0.643291 -0.75866 0.103015 -39.1309 -66.9203 540.004 
-0.0397556 -0.0942113 -0.994759 0.754227 -0.655834 0.0319698 -0.655409 -0.749002 0.0971294 -38.5666 -65.0832 541.561 
-0.0301212 -0.099249 -0.994607 0.74524 -0.665354 0.0438246 -0.666115 -0.7399 0.0940052 -38.7819 -63.2174 542.679 
-0.0300757 -0.0968398 -0.994846 0.740082 -0.671144 0.0429564 -0.671845 -0.734974 0.091854 -37.9285 -61.3197 543.239 
-0.0214461 -0.0998451 -0.994772 0.728638 -0.682859 0.0528299 -0.684564 -0.723695 0.0873951 -37.2611 -59.8234 544.229 
-0.00471126 -0.109075 -0.994023 0.707824 -0.70253 0.0737342 -0.706373 -0.703245 0.080515 -38.0254 -57.9808 545.76 
-0.00510148 -0.106953 -0.994252 0.694229 -0.715996 0.0734583 -0.719736 -0.689863 0.0779018 -36.9054 -56.0365 546.713 
-0.00136621 -0.106346 -0.994329 0.683402 -0.726001 0.0767085 -0.730041 -0.679421 0.0736683 -36.0992 -53.9778 547.497 
0.0122921 -0.113852 -0.993422 0.669431 -0.737061 0.0927545 -0.742773 -0.666167 0.0671553 -36.4054 -52.1703 548.674 
0.0243314 -0.119085 -0.992586 0.651606 -0.751103 0.106086 -0.758168 -0.649355 0.0593209 -36.0155 -50.0653 550.364 
0.0259527 -0.12967 -0.991218 0.64156 -0.758252 0.115992 -0.766634 -0.638936 0.0635121 -35.4352 -47.8307 551.283 
0.0303088 -0.125675 -0.991609 0.630294 -0.767559 0.116544 -0.775764 -0.628537 0.0559477 -34.8847 -45.4038 552.632 
0.0282554 -0.118477 -0.992555 0.626427 -0.771687 0.109946 -0.778968 -0.624869 0.0524125 -33.8513 -43.1401 553.442 
0.0352449 -0.118625 -0.992314 0.618354 -0.777454 0.114902 -0.785109 -0.61765 0.0459503 -34.2192 -41.2403 554.31 
0.0444584 -0.117816 -0.99204 0.608393 -0.784446 0.120427 -0.79239 -0.608903 0.0368025 -34.7071 -39.4183 555.131 
0.0402998 -0.11928 -0.992043 0.598336 -0.792274 0.119566 -0.800232 -0.598392 0.0394402 -34.4378 -37.6469 555.925 
0.0511276 -0.13876 -0.989006 0.564003 -0.813251 0.143258 -0.824188 -0.565126 0.0366812 -35.5955 -37.4612 560.491 
0.0628474 -0.136545 -0.988639 0.554454 -0.818885 0.148346 -0.829838 -0.557477 0.0242425 -36.0681 -34.4164 559.562 
0.0693505 -0.137484 -0.988074 0.535917 -0.830265 0.153141 -0.841418 -0.540145 0.0161002 -35.6756 -31.7156 559.756 
0.0644192 -0.143691 -0.987524 0.51432 -0.843245 0.156248 -0.855176 -0.517968 0.0195813 -35.4108 -29.3907 560.185 
0.0486515 -0.146454 -0.988021 0.497443 -0.854233 0.151117 -0.866131 -0.498836 0.0312922 -34.1843 -27.262 560.078 
0.0546626 -0.154705 -0.986448 0.480991 -0.861668 0.161789 -0.87502 -0.483316 0.0273104 -34.7421 -25.9584 560.834 
0.0540321 -0.165054 -0.984804 0.466749 -0.867693 0.171035 -0.882738 -0.468897 0.0301552 -34.5872 -24.6503 561.46 
0.0613578 -0.174913 -0.982671 0.458381 -0.869624 0.183412 -0.886635 -0.461691 0.0268181 -35.462 -23.4861 561.776 
0.0629385 -0.17425 -0.982689 0.454708 -0.871499 0.183657 -0.888414 -0.458395 0.0243816 -34.8152 -22.559 562.529 
0.0512459 -0.225619 -0.972867 0.438192 -0.870288 0.224912 -0.89742 -0.437828 0.0542652 -35.3015 -22.0479 565.722 
0.069651 -0.220154 -0.972976 0.443062 -0.867039 0.227901 -0.893781 -0.446961 0.0371512 -36.5181 -20.7918 564.978 
0.0788116 -0.211206 -0.97426 0.440661 -0.869253 0.224089 -0.894207 -0.446979 0.0245628 -36.6542 -19.1738 564.97 
0.0867028 -0.212527 -0.973302 0.432742 -0.871961 0.228948 -0.897339 -0.441038 0.0163674 -37.3435 -17.9674 565.425 
0.0697077 -0.214194 -0.974301 0.429201 -0.875216 0.223119 -0.900515 -0.433724 0.0309227 -35.603 -17.2175 565.882 
0.0716981 -0.208951 -0.975295 0.430463 -0.875579 0.219233 -0.899756 -0.435546 0.0271679 -36.1093 -16.3622 565.573 
0.0915148 -0.230077 -0.968861 0.435821 -0.865559 0.246712 -0.895369 -0.444827 0.0210606 -38.3519 -17.289 566.255 
0.100299 -0.282832 -0.953911 0.438721 -0.847935 0.29754 -0.893009 -0.448343 0.0390366 -41.0459 -19.1766 567.944 
0.105998 -0.282138 -0.953501 0.43156 -0.850832 0.299734 -0.895835 -0.443263 0.0315731 -41.3695 -19.2871 568.855 
0.0850276 -0.30563 -0.948347 0.425658 -0.849426 0.311914 -0.90088 -0.430192 0.0578688 -40.6604 -19.117 569.352 
0.100642 -0.309257 -0.945639 0.426135 -0.84547 0.321851 -0.899044 -0.435361 0.0466946 -41.4565 -19.357 569.71 
0.104487 -0.304899 -0.946636 0.431806 -0.843538 0.319354 -0.895894 -0.442131 0.0435179 -41.865 -19.0332 568.813 
0.104039 -0.301511 -0.94777 0.436211 -0.842562 0.315926 -0.89381 -0.446296 0.0438625 -41.4765 -18.4757 567.716 
0.105788 -0.30949 -0.945 0.432486 -0.841422 0.323983 -0.895413 -0.442973 0.0448374 -41.9147 -18.2713 568.208 
0.115025 -0.306166 -0.945004 0.428655 -0.842889 0.325258 -0.896116 -0.442493 0.0342861 -42.6071 -18.1624 568.061 
0.113696 -0.302989 -0.946188 0.425121 -0.845936 0.321969 -0.897967 -0.438851 0.0326273 -42.516 -17.7562 567.97 
0.110684 -0.289332 -0.950809 0.420551 -0.853179 0.30858 -0.900492 -0.434018 0.0272454 -42.0787 -17.291 567.777 
0.114191 -0.290633 -0.949997 0.417585 -0.853631 0.311347 -0.901434 -0.432257 0.023887 -43.0089 -17.4773 568.177 
0.0992315 -0.30331 -0.947711 0.420221 -0.850543 0.316212 -0.90198 -0.429626 0.0430564 -41.7872 -16.9806 567.611 
0.0871898 -0.294022 -0.951814 0.412515 -0.85903 0.303149 -0.906769 -0.419068 0.0463895 -40.3928 -17.9499 570.05 
0.0778676 -0.334225 -0.939272 0.41193 -0.847163 0.3356 -0.907882 -0.413046 0.0717105 -40.5004 -17.7731 570.022 
0.0994647 -0.316475 -0.943372 0.420534 -0.845871 0.328105 -0.901808 -0.429355 0.0489538 -42.0213 -17.474 568.388 
0.0958803 -0.29989 -0.949144 0.417007 -0.853723 0.311867 -0.903832 -0.425701 0.0432006 -41.2785 -16.6301 567.704 
0.0990027 -0.324192 -0.940797 0.422679 -0.84221 0.3347 -0.900856 -0.430791 0.0536477 -41.9407 -16.9399 567.429 
0.0992554 -0.31499 -0.943891 0.421619 -0.845903 0.326626 -0.901325 -0.430381 0.0488448 -41.45 -16.3043 566.866 
0.105101 -0.282365 -0.953533 0.417485 -0.857729 0.300011 -0.902585 -0.429617 0.0277346 -40.7493 -15.6933 566.45 
0.0931544 -0.337804 -0.936596 0.416626 -0.841145 0.344815 -0.904293 -0.422331 0.0623811 -41.4442 -16.7463 567.766 
0.0979302 -0.313447 -0.944543 0.413001 -0.850717 0.325131 -0.90545 -0.421937 0.0461427 -41.5208 -16.2432 567.267 
0.097319 -0.314037 -0.94441 0.416944 -0.848765 0.325199 -0.903707 -0.425414 0.0483346 -41.657 -16.4328 567.106 
0.100191 -0.289366 -0.951961 0.417173 -0.856396 0.304224 -0.903288 -0.427613 0.034912 -40.9134 -15.9288 566.612 
0.0926559 -0.292961 -0.951625 0.420038 -0.855031 0.304122 -0.902764 -0.427897 0.0438307 -40.2433 -15.9115 566.451 
0.0953926 -0.297949 -0.949804 0.41613 -0.854846 0.309956 -0.904288 -0.424809 0.0424394 -40.5939 -15.5567 566.508 
0.12105 -0.285039 -0.950842 0.413135 -0.856514 0.309358 -0.902589 -0.430273 0.0140787 -42.5469 -15.7941 566.902 
0.0975049 -0.322155 -0.941653 0.404785 -0.851529 0.333237 -0.909198 -0.413659 0.0473751 -40.8826 -15.8749 568.278 
0.107114 -0.315397 -0.942896 0.403831 -0.8528 0.331136 -0.908541 -0.41624 0.0360194 -41.6192 -16.0355 568.272 
0.112043 -0.317317 -0.941678 0.407884 -0.849447 0.334769 -0.906133 -0.421603 0.034253 -41.9481 -16.401 568.033 
0.107041 -0.302763 -0.947037 0.410045 -0.854289 0.319458 -0.905762 -0.422522 0.0327018 -40.572 -15.9916 567.216 
0.112641 -0.310956 -0.943727 0.40796 -0.851554 0.329278 -0.906025 -0.422092 0.0309376 -41.0269 -16.2394 567.054 
0.107676 -0.321063 -0.940917 0.400937 -0.852022 0.336612 -0.909756 -0.413493 0.0369836 -41.1046 -15.969 567.076 
0.119061 -0.326115 -0.937803 0.402513 -0.847571 0.34584 -0.907639 -0.418653 0.0303527 -41.7713 -16.5737 566.977 
0.103016 -0.326045 -0.939725 0.402042 -0.850491 0.339157 -0.909808 -0.412747 0.0434692 -40.4154 -16.1259 566.293 
0.110608 -0.322553 -0.940067 0.401572 -0.850717 0.339145 -0.909124 -0.415016 0.035432 -41.0265 -16.0746 565.77 
0.0999623 -0.332961 -0.937628 0.396167 -0.85111 0.344475 -0.912721 -0.405891 0.0468291 -40.4804 -16.4852 566.675 
0.108987 -0.318233 -0.941728 0.398768 -0.853803 0.334671 -0.910553 -0.412005 0.0338475 -41.3909 -17.336 566.498 
0.0771383 -0.313623 -0.94641 0.391915 -0.863287 0.318022 -0.916762 -0.395443 0.0563207 -38.502 -18.3696 568.7 
0.0983046 -0.329721 -0.938947 0.389443 -0.855522 0.341199 -0.91579 -0.399207 0.0443052 -41.4174 -18.6743 568.545 
0.0767904 -0.35139 -0.933075 0.39595 -0.848132 0.351987 -0.915056 -0.39648 0.074004 -39.9002 -19.7611 568.716 
0.0840058 -0.362397 -0.928231 0.392509 -0.844177 0.365104 -0.915904 -0.395009 0.071328 -41.0014 -19.5737 568.34 
0.0690628 -0.386276 -0.919795 0.395216 -0.835964 0.380746 -0.915988 -0.389812 0.0949279 -40.3675 -20.342 568.236 
0.0816206 -0.400183 -0.912794 0.40303 -0.824375 0.397458 -0.91154 -0.400323 0.0939995 -41.8978 -20.892 567.085 
0.0915064 -0.397408 -0.913069 0.396063 -0.826746 0.39953 -0.913653 -0.398191 0.0817455 -41.9776 -21.5432 567.244 
0.108105 -0.3912 -0.913935 0.394707 -0.826867 0.400621 -0.912425 -0.404045 0.0650206 -42.9555 -22.6681 566.962 
0.111736 -0.372977 -0.921089 0.388045 -0.836927 0.385971 -0.914842 -0.40055 0.0512165 -42.4752 -23.4169 566.9 
0.0864659 -0.38707 -0.917988 0.359655 -0.847171 0.391087 -0.92907 -0.363974 0.06596 -40.1478 -24.5216 570.229 
0.0987407 -0.439746 -0.892679 0.356789 -0.821775 0.444283 -0.928952 -0.362366 0.0757534 -42.2746 -25.6711 570.174 
0.105797 -0.400172 -0.910313 0.364546 -0.836105 0.409919 -0.925156 -0.375218 0.0574229 -41.0501 -27.5114 569.703 
0.0814145 -0.419002 -0.904328 0.364301 -0.832047 0.418309 -0.927716 -0.363504 0.0849019 -39.0985 -30.015 571.466 
0.102152 -0.387785 -0.916072 0.378795 -0.836348 0.396277 -0.919826 -0.387483 0.0614557 -39.3064 -31.6066 569.447 
0.108808 -0.375527 -0.920403 0.381545 -0.839204 0.387504 -0.917924 -0.393338 0.0519677 -38.6701 -32.8193 568.601 
0.103562 -0.3683 -0.923922 0.385749 -0.841336 0.378618 -0.916773 -0.395612 0.0549407 -36.8943 -34.8844 568.479 
0.0944495 -0.352231 -0.931136 0.381342 -0.851175 0.360665 -0.919596 -0.389145 0.0539271 -34.2533 -36.2774 568.692 
0.060528 -0.404071 -0.912724 0.361943 -0.843282 0.397331 -0.930233 -0.354403 0.0952081 -31.7129 -38.7625 572.192 
0.086609 -0.38528 -0.918727 0.375148 -0.841697 0.388342 -0.92291 -0.378292 0.071638 -32.4411 -40.5805 570.587 
0.0486008 -0.41427 -0.908856 0.378824 -0.8343 0.400544 -0.924192 -0.363763 0.116387 -28.5129 -42.7805 571.517 
0.0317969 -0.466469 -0.883967 0.347298 -0.824148 0.447396 -0.937216 -0.321226 0.135798 -28.1443 -43.1969 574.559 
0.0329672 -0.42218 -0.905913 0.368799 -0.837301 0.403627 -0.928925 -0.347405 0.128096 -25.3434 -44.9362 573.013 
0.0455848 -0.42455 -0.904257 0.379925 -0.829807 0.40875 -0.923893 -0.362182 0.12347 -25.442 -46.7156 572.396 
0.0206298 -0.451543 -0.892012 0.35682 -0.830118 0.428465 -0.933945 -0.327126 0.143994 -22.6971 -47.3253 574.825 
0.0105274 -0.532916 -0.846103 0.360361 -0.78727 0.500345 -0.932754 -0.31017 0.183754 -23.105 -48.8215 576.566 
0.0339227 -0.513168 -0.857618 0.380029 -0.78703 0.485964 -0.924353 -0.342404 0.16832 -22.562 -49.9202 574.54 
0.0403585 -0.49154 -0.86992 0.372466 -0.800476 0.469582 -0.927168 -0.342967 0.150775 -21.3248 -50.4672 574.964 
0.0359517 -0.462302 -0.885994 0.384094 -0.812077 0.43932 -0.922594 -0.356099 0.148372 -18.14 -51.8265 574.388 
0.0469196 -0.428863 -0.902151 0.394543 -0.821754 0.411164 -0.917679 -0.375229 0.130648 -16.959 -52.906 572.484 
0.0468022 -0.437083 -0.898203 0.402525 -0.814697 0.417422 -0.914212 -0.381085 0.137807 -15.6787 -54.1361 571.215 
0.0596656 -0.412964 -0.908792 0.394671 -0.826472 0.401469 -0.916883 -0.382627 0.113673 -14.5671 -55.0057 571.323 
0.0523861 -0.43191 -0.900395 0.3954 -0.818975 0.415859 -0.917014 -0.3778 0.127874 -12.5628 -56.807 571.591 
0.0566054 -0.451654 -0.890396 0.386591 -0.812339 0.436637 -0.920513 -0.368934 0.128622 -10.8165 -57.924 572.241 
0.0561609 -0.442721 -0.8949 0.390427 -0.815204 0.427796 -0.91892 -0.373417 0.127067 -8.26767 -59.4635 571.519 
0.0608643 -0.460978 -0.885323 0.38868 -0.80601 0.446402 -0.91936 -0.371277 0.130115 -7.96937 -61.0761 571.615 
0.0477903 -0.45105 -0.891219 0.391358 -0.812446 0.432169 -0.918997 -0.369439 0.137695 -4.03929 -62.4869 571.12 
0.0387345 -0.449932 -0.892223 0.392118 -0.814428 0.427725 -0.919099 -0.366424 0.14488 -1.3046 -63.4542 570.172 
0.0325802 -0.459784 -0.887433 0.395198 -0.809618 0.433977 -0.918018 -0.364851 0.155328 1.78359 -65.6449 570.418 
0.0120266 -0.465987 -0.88471 0.390549 -0.812307 0.433161 -0.920504 -0.350732 0.172221 5.61723 -67.9571 572.48 
0.0313516 -0.457352 -0.888733 0.392573 -0.81208 0.431755 -0.919187 -0.362428 0.154084 5.55848 -68.5035 570.671 
0.0354052 -0.442906 -0.895869 0.382619 -0.822121 0.421567 -0.923228 -0.357702 0.140356 7.39979 -68.6959 570.105 
0.00598306 -0.448335 -0.893846 0.37099 -0.829075 0.418331 -0.928618 -0.33411 0.161367 12.2416 -70.4552 571.895 
0.025724 -0.441089 -0.897095 0.385752 -0.823507 0.415969 -0.922244 -0.356756 0.148967 12.7927 -71.6195 569.53 
0.00256493 -0.477301 -0.878737 0.365724 -0.817414 0.445061 -0.93072 -0.322516 0.172463 16.4023 -72.9853 572.27 
0.0110602 -0.466617 -0.884391 0.393118 -0.811197 0.432916 -0.919422 -0.352458 0.174463 17.8647 -74.2285 569.043 
0.0243576 -0.484011 -0.874723 0.376794 -0.806009 0.456482 -0.925977 -0.340709 0.16274 18.1478 -73.8827 569.32 
0.0336448 -0.450535 -0.892125 0.392321 -0.815028 0.426396 -0.919213 -0.364345 0.149332 21.1458 -74.9444 567.551 
0.033986 -0.439592 -0.897555 0.392494 -0.820049 0.416495 -0.919127 -0.366439 0.144667 23.1375 -75.3888 567.009 
0.0262964 -0.445417 -0.894938 0.399991 -0.815768 0.417767 -0.916142 -0.368952 0.156711 26.4493 -76.1414 565.614 
0.0362737 -0.462897 -0.88567 0.400543 -0.805217 0.437253 -0.91556 -0.370609 0.156201 26.7812 -76.7515 565.431 
0.0362496 -0.464794 -0.884677 0.397525 -0.805498 0.439484 -0.916875 -0.367612 0.155568 29.099 -77.0509 565.348 
0.0410039 -0.479048 -0.876831 0.395254 -0.798207 0.454576 -0.917656 -0.36521 0.156615 30.9287 -77.0567 564.203 
0.0277194 -0.466761 -0.88395 0.403654 -0.803759 0.437075 -0.914492 -0.368925 0.16613 35.3673 -78.5252 563.505 
0.0426536 -0.473374 -0.879829 0.395557 -0.800668 0.44996 -0.917451 -0.367214 0.153095 35.4586 -77.8971 563.051 
-0.0118508 -0.520814 -0.853589 0.375498 -0.793489 0.478932 -0.926748 -0.314844 0.204968 41.4409 -78.1924 565.208 
0.00804747 -0.514152 -0.857662 0.393432 -0.786887 0.475415 -0.919318 -0.341257 0.195951 42.7609 -79.1433 563.481 
-0.00238575 -0.542929 -0.839776 0.396321 -0.771522 0.497677 -0.918109 -0.331633 0.217015 45.574 -79.5189 563.318 
0.00379429 -0.570809 -0.821075 0.397918 -0.752413 0.524915 -0.917413 -0.328711 0.22428 46.7785 -78.473 562.38 
-0.0106674 -0.561404 -0.827474 0.409636 -0.757349 0.508547 -0.912187 -0.333538 0.23805 51.263 -78.6375 560.65 
0.0106301 -0.552729 -0.833294 0.409506 -0.757847 0.50791 -0.912246 -0.346637 0.21829 52.453 -78.4238 560.235 
0.0167539 -0.574428 -0.818384 0.402501 -0.745374 0.531423 -0.915266 -0.338303 0.21872 53.1931 -77.021 559.955 
0.00972311 -0.572339 -0.81996 0.411728 -0.744971 0.524879 -0.911255 -0.342704 0.228405 56.858 -77.0847 558.896 
0.0085094 -0.567625 -0.823244 0.411073 -0.748506 0.520343 -0.911563 -0.342841 0.226966 58.2976 -76.1138 557.931 
0.00866072 -0.553661 -0.832697 0.418952 -0.754109 0.505766 -0.907967 -0.35324 0.225426 61.6205 -76.198 557.106 
0.0268689 -0.550571 -0.834357 0.410908 -0.754799 0.511306 -0.911281 -0.356581 0.205953 61.1629 -74.4456 556.397 
0.0274052 -0.522395 -0.852264 0.421521 -0.767036 0.48371 -0.906405 -0.372502 0.199179 64.4656 -74.0248 554.638 
0.047249 -0.488117 -0.871499 0.418482 -0.78254 0.460981 -0.906995 -0.386487 0.167294 64.9993 -73.8297 554.277 
0.0150456 -0.545481 -0.837989 0.414924 -0.75911 0.501587 -0.909732 -0.355248 0.214912 67.7874 -73.0038 554.835 
0.0286363 -0.535832 -0.843839 0.414959 -0.761635 0.497716 -0.909389 -0.364411 0.200538 68.0965 -72.2822 554.093 
0.0321127 -0.513925 -0.857234 0.416954 -0.772592 0.478801 -0.90836 -0.372802 0.189473 69.5991 -71.7049 553.099 
0.0372007 -0.47934 -0.876841 0.423598 -0.787152 0.448282 -0.905086 -0.388104 0.173765 71.1234 -70.8904 551.096 
0.0359954 -0.470891 -0.881457 0.424369 -0.79135 0.440085 -0.904774 -0.389904 0.171347 71.7884 -70.252 550.384 
0.0364654 -0.458491 -0.887951 0.424373 -0.797341 0.429133 -0.904753 -0.39247 0.165495 72.6659 -69.4442 549.907 
0.0401309 -0.43648 -0.898819 0.423938 -0.807126 0.410881 -0.904802 -0.397532 0.152649 73.5095 -68.5083 549.341 
0.0337677 -0.439528 -0.897595 0.416922 -0.810033 0.412337 -0.908315 -0.38815 0.155895 73.8102 -67.6115 549.893 
0.0284623 -0.415985 -0.908927 0.423391 -0.818682 0.387942 -0.9055 -0.395873 0.152823 75.3402 -66.9998 548.404 
0.0233004 -0.439443 -0.897969 0.421329 -0.810231 0.40744 -0.906609 -0.387833 0.166271 74.8571 -66.369 548.751 
0.0143142 -0.447608 -0.894116 0.414851 -0.810953 0.412618 -0.909777 -0.37683 0.174082 75.4314 -65.9424 549.62 
0.0210723 -0.4521 -0.891719 0.413943 -0.807931 0.419403 -0.910059 -0.377958 0.170119 75.1382 -65.6638 550.13 
0.0218128 -0.443144 -0.896186 0.418278 -0.810129 0.410772 -0.908057 -0.383814 0.167686 74.4473 -64.97 549.158 
0.0133741 -0.423945 -0.90559 0.42251 -0.818449 0.389392 -0.90626 -0.387827 0.168175 75.8523 -64.0172 547.95 
0.019754 -0.433837 -0.900775 0.423439 -0.812528 0.400621 -0.905709 -0.389337 0.167653 74.4487 -63.1868 547.79 
0.00238971 -0.47155 -0.881837 0.416183 -0.801369 0.429649 -0.909278 -0.368032 0.194336 74.7535 -62.8665 549.256 
-0.00392795 -0.507508 -0.861639 0.412505 -0.78574 0.460924 -0.910947 -0.353619 0.212436 74.2033 -61.8012 549.575 
0.0158219 -0.553788 -0.832508 0.400178 -0.75951 0.512837 -0.916301 -0.341265 0.209597 70.9509 -59.6173 550.513 
0.0341553 -0.498864 -0.866007 0.421883 -0.778327 0.464996 -0.906007 -0.381236 0.183878 72.0373 -59.8708 547.453 
0.0169643 -0.474208 -0.88025 0.431162 -0.790845 0.434353 -0.902115 -0.386899 0.191044 74.1449 -59.4613 546.269 
0.00290711 -0.489024 -0.872266 0.423783 -0.789466 0.444016 -0.905759 -0.370942 0.204944 75.369 -59.7237 547.823 
0.0226956 -0.467964 -0.883456 0.42712 -0.794437 0.431784 -0.90391 -0.387141 0.181847 74.9072 -59.2963 546.654 
0.0267466 -0.453417 -0.890897 0.422227 -0.802691 0.421202 -0.906095 -0.387426 0.169976 74.8931 -58.1387 546.029 
0.0237286 -0.446095 -0.894672 0.42214 -0.806754 0.413455 -0.90622 -0.387487 0.169171 75.3821 -57.3391 545.309 
0.0235344 -0.442388 -0.896516 0.421073 -0.808953 0.410234 -0.906721 -0.387153 0.167239 75.8109 -56.9745 545.377 
0.0299993 -0.440865 -0.897072 0.421561 -0.808171 0.411273 -0.906304 -0.390508 0.161607 75.6374 -56.9401 545.699 
0.0279256 -0.43475 -0.900119 0.426768 -0.809093 0.404026 -0.90393 -0.395424 0.162943 76.0262 -56.1872 544.784 
0.0206896 -0.437336 -0.899061 0.424547 -0.810307 0.403933 -0.90517 -0.39005 0.168904 76.1818 -55.2356 544.422 
0.0270349 -0.444076 -0.895582 0.425176 -0.805722 0.412354 -0.904707 -0.391928 0.167028 75.4046 -55.3944 544.507 
0.0322482 -0.442826 -0.896028 0.420369 -0.807336 0.414124 -0.90678 -0.390017 0.160115 74.4437 -54.656 544.56 
0.0147345 -0.425435 -0.90487 0.429235 -0.814649 0.390006 -0.903073 -0.394147 0.170608 76.4043 -54.578 543.366 
0.00996926 -0.431649 -0.901987 0.430347 -0.812369 0.393519 -0.902609 -0.39209 0.17766 75.9014 -54.5925 543.764 
0.023203 -0.447228 -0.89412 0.427664 -0.803956 0.413228 -0.90364 -0.39197 0.172609 74.0061 -54.7586 544.633 
0.00449324 -0.48971 -0.871875 0.41569 -0.792066 0.447026 -0.909495 -0.364438 0.200008 74.0105 -55.1371 547.135 
0.00771119 -0.487634 -0.873014 0.420475 -0.790526 0.445274 -0.907271 -0.370514 0.198942 73.8884 -54.9035 546.838 
0.00454702 -0.50062 -0.865656 0.422065 -0.783818 0.45551 -0.906554 -0.367434 0.20773 73.6389 -55.0491 547.249 
0.0118315 -0.50642 -0.862206 0.41509 -0.781973 0.464992 -0.909703 -0.363394 0.200958 72.7238 -54.5423 547.98 
0.0136623 -0.502826 -0.864281 0.425792 -0.779149 0.460029 -0.904718 -0.374288 0.203454 72.7869 -55.102 547.195 
0.0189606 -0.516104 -0.856317 0.414799 -0.775223 0.476414 -0.909716 -0.364232 0.19938 71.4565 -54.4905 548.127 
-0.00200574 -0.496655 -0.867946 0.426276 -0.785563 0.44853 -0.904591 -0.369084 0.213288 74.4998 -54.8666 546.905 
0.00713368 -0.509778 -0.860277 0.429005 -0.775544 0.463126 -0.903274 -0.372366 0.213165 72.92 -55.5115 547.569 
0.00743394 -0.503986 -0.863681 0.425745 -0.779916 0.458772 -0.904813 -0.371118 0.208771 73.4982 -55.3184 547.88 
0.0143479 -0.504397 -0.863353 0.43139 -0.775826 0.460431 -0.902052 -0.379047 0.20646 72.8791 -55.2269 547.534 
0.0169572 -0.516711 -0.855993 0.435311 -0.766902 0.471556 -0.90012 -0.380619 0.211925 72.476 -55.4699 547.81 
0.0299871 -0.500325 -0.865319 0.446133 -0.767993 0.459513 -0.894464 -0.399826 0.200182 71.8755 -55.5313 547.032 
0.0389396 -0.475035 -0.879106 0.436618 -0.783254 0.442581 -0.898804 -0.401067 0.176909 71.2705 -55.0878 547.573 
0.0113641 -0.520855 -0.85357 0.43129 -0.767587 0.47413 -0.902142 -0.373524 0.215916 72.2933 -55.2393 548.927 
0.00153882 -0.521064 -0.853517 0.440887 -0.765731 0.468267 -0.897562 -0.377024 0.228551 73.2931 -55.5182 548.511 
0.0259487 -0.462278 -0.886356 0.451447 -0.785672 0.422983 -0.891921 -0.411118 0.188306 72.9489 -56.24 547.276 
0.0328907 -0.461273 -0.886649 0.454946 -0.782983 0.424219 -0.889912 -0.417329 0.184101 71.6382 -56.7964 547.236 
0.0337184 -0.442742 -0.896016 0.449211 -0.794149 0.409312 -0.892789 -0.416301 0.172107 72.1375 -57.1657 547.537 
0.0255544 -0.458468 -0.888344 0.451214 -0.787674 0.419493 -0.89205 -0.411553 0.186739 72.2272 -58.3674 547.544 
0.022889 -0.426819 -0.904048 0.45455 -0.800967 0.389661 -0.890427 -0.419853 0.175677 73.1255 -58.8098 546.938 
0.00510064 -0.413961 -0.910281 0.463145 -0.805795 0.36904 -0.886268 -0.423474 0.187614 75.4912 -60.3187 546.054 
-0.00795149 -0.390274 -0.920665 0.457781 -0.81997 0.343636 -0.88903 -0.41873 0.18518 77.251 -60.8113 545.805 
-0.0270115 -0.373095 -0.9274 0.464386 -0.826236 0.318871 -0.885221 -0.422058 0.195578 79.0618 -61.8293 544.485 
-0.0229633 -0.355818 -0.934274 0.464073 -0.831528 0.305281 -0.885499 -0.426561 0.18422 79.0016 -63.166 544.497 
-0.0212731 -0.336387 -0.941484 0.459298 -0.83973 0.289653 -0.888028 -0.426259 0.172365 79.9326 -64.5826 544.848 
-0.0237005 -0.332307 -0.942874 0.455039 -0.843362 0.285797 -0.890156 -0.422271 0.171201 80.398 -66.3584 545.542 
-0.0285219 -0.319584 -0.947129 0.45575 -0.847457 0.272228 -0.889651 -0.423889 0.169821 81.9151 -67.901 545.458 
-0.0330625 -0.300629 -0.953169 0.458193 -0.852125 0.252866 -0.888238 -0.428375 0.165919 82.9597 -69.3741 545.234 
-0.0373864 -0.283835 -0.958145 0.467464 -0.852405 0.234271 -0.883222 -0.439139 0.16455 83.6329 -72.9794 544.756 
-0.0327408 -0.277143 -0.960271 0.460059 -0.857126 0.231689 -0.887285 -0.434195 0.155565 83.2957 -74.7254 545.648 
-0.052883 -0.269535 -0.961538 0.471225 -0.855672 0.213943 -0.880426 -0.441786 0.172262 85.4202 -77.8474 545.154 
-0.0507864 -0.26686 -0.962397 0.464035 -0.85961 0.213871 -0.88436 -0.435724 0.167489 84.6797 -80.3446 546.411 
-0.0519194 -0.263374 -0.963296 0.469056 -0.858007 0.209306 -0.881641 -0.440972 0.168084 84.1133 -83.0736 546.607 
-0.0615872 -0.263728 -0.96263 0.479544 -0.853668 0.203196 -0.875354 -0.449108 0.179044 84.4049 -86.0453 546.48 
-0.0559628 -0.268217 -0.961732 0.49608 -0.8434 0.206349 -0.866472 -0.465548 0.180256 83.0004 -89.5521 546.456 
-0.0483998 -0.265002 -0.963033 0.516421 -0.831932 0.202972 -0.854966 -0.487506 0.177118 81.4759 -92.7117 546.23 
-0.0419934 -0.27642 -0.96012 0.534349 -0.818197 0.212189 -0.84422 -0.504128 0.182063 80.184 -95.8923 545.97 
-0.0457898 -0.281742 -0.958398 0.54438 -0.811466 0.212539 -0.837588 -0.511999 0.190531 79.909 -98.3528 545.575 
-0.053077 -0.26781 -0.962009 0.554877 -0.808862 0.194562 -0.830238 -0.523469 0.191533 80.6239 -100.931 544.836 
-0.0491946 -0.272533 -0.960889 0.557065 -0.806006 0.200084 -0.829011 -0.525433 0.191469 79.1993 -103.311 545.137 
-0.03968 -0.259109 -0.965033 0.554844 -0.808928 0.194382 -0.831008 -0.527729 0.175863 77.9848 -104.862 545.238 
-0.0322287 -0.25273 -0.967001 0.558494 -0.806916 0.192277 -0.828883 -0.533866 0.167153 76.6177 -106.776 545.19 
-0.0369052 -0.254504 -0.966368 0.569521 -0.799969 0.188932 -0.821148 -0.543393 0.174468 76.4521 -108.814 544.899 
-0.0365054 -0.254427 -0.966403 0.582092 -0.791473 0.186385 -0.812303 -0.555731 0.176993 75.6411 -110.97 544.942 
-0.0332311 -0.249723 -0.967748 0.594914 -0.783001 0.181621 -0.803102 -0.56969 0.174583 75.0083 -112.798 545.048 
-0.0202702 -0.249248 -0.968228 0.611063 -0.769583 0.185319 -0.791322 -0.587892 0.167906 73.1559 -114.598 545.145 
-0.0294715 -0.248541 -0.968174 0.638125 -0.750208 0.173162 -0.769369 -0.612711 0.180709 73.4752 -117.155 545.008 
-0.0334595 -0.244753 -0.969009 0.665122 -0.729128 0.161197 -0.745985 -0.639115 0.187186 72.6663 -119.389 544.821 
-0.034429 -0.230391 -0.97249 0.689939 -0.70947 0.143654 -0.723049 -0.666011 0.183381 71.9615 -121.172 544.315 
-0.031077 -0.215438 -0.976023 0.713039 -0.68908 0.129398 -0.700436 -0.69192 0.17503 70.9313 -123.208 544.147 
-0.0331362 -0.205466 -0.978104 0.732071 -0.671244 0.116205 -0.680422 -0.71219 0.172658 69.9542 -124.892 543.877 
-0.0331147 -0.191341 -0.980965 0.748283 -0.6554 0.102579 -0.662553 -0.730642 0.16488 68.8165 -126.673 543.808 
-0.0334783 -0.178381 -0.983392 0.767067 -0.635345 0.0891337 -0.640693 -0.751343 0.1581 68.048 -128.027 543.395 
-0.0381418 -0.172917 -0.984198 0.782876 -0.617255 0.0781079 -0.621008 -0.767525 0.158915 67.8414 -129.309 543.043 
-0.0411406 -0.163459 -0.985693 0.792836 -0.605701 0.0673534 -0.608045 -0.778721 0.154515 67.1905 -130.276 542.783 
-0.0377726 -0.154082 -0.987336 0.800962 -0.595466 0.0622852 -0.597522 -0.788465 0.145906 66.5228 -131.163 542.564 
-0.0336209 -0.149547 -0.988184 0.809435 -0.584048 0.0608476 -0.586246 -0.797824 0.140684 66.1559 -132.24 542.383 
-0.0329811 -0.139347 -0.989695 0.815568 -0.576142 0.0539416 -0.577721 -0.805383 0.132649 65.7453 -133.027 542.394 
-0.0322194 -0.135019 -0.99032 0.825389 -0.562362 0.0498188 -0.563645 -0.815792 0.129562 65.2615 -134.469 542.261 
-0.0323879 -0.12543 -0.991574 0.832727 -0.55204 0.0426313 -0.552735 -0.824329 0.122328 64.8436 -135.239 542.137 
-0.0321557 -0.116007 -0.992728 0.838523 -0.543651 0.0363687 -0.543917 -0.831255 0.114756 64.3111 -136.302 542.142 
-0.03816 -0.116169 -0.992497 0.845512 -0.533119 0.0298914 -0.532591 -0.838027 0.118566 63.9714 -137.051 541.907 
-0.0368476 -0.106458 -0.993635 0.852495 -0.522169 0.024332 -0.521436 -0.846171 0.109996 63.3349 -137.885 541.646 
-0.0306355 -0.105265 -0.993973 0.85527 -0.517401 0.0284341 -0.517276 -0.849243 0.10588 62.6521 -138.513 541.708 
-0.0347267 -0.0974907 -0.994631 0.857899 -0.513414 0.0203706 -0.512644 -0.852584 0.101466 62.7742 -138.347 541.484 
-0.0376022 -0.0852463 -0.995651 0.859029 -0.5118 0.0113772 -0.510544 -0.854864 0.0924735 62.9999 -138.148 541.437 
RFing.0_Hand
-0.461729 0.0039796 -0.887012 -0.0039796 0.999971 0.00655795 0.887012 0.00655795 -0.4617 32.7108 -9.73219 -73.4609 
-0.634358 0.249333 -0.731725 0.710678 -0.184359 -0.678932 -0.30418 -0.950708 -0.060246 -52.7654 -68.6326 519.076 
-0.637525 0.249598 -0.728877 0.70841 -0.181976 -0.681939 -0.302849 -0.951097 -0.0608033 -52.6895 -68.0147 518.793 
-0.634388 0.243972 -0.733504 0.711699 -0.186029 -0.677405 -0.301721 -0.951772 -0.05562 -53.0992 -67.7694 518.731 
-0.634786 0.244051 -0.733133 0.710885 -0.18736 -0.677893 -0.302801 -0.951491 -0.054559 -53.5716 -67.5468 518.79 
-0.633806 0.236892 -0.736323 0.712675 -0.191151 -0.674948 -0.300639 -0.952546 -0.0476746 -53.9377 -67.8046 519.003 
-0.638818 0.238634 -0.731412 0.706128 -0.195566 -0.680541 -0.30544 -0.951214 -0.0435751 -53.6653 -67.6522 519.615 
-0.634299 0.237087 -0.735835 0.710282 -0.197069 -0.675769 -0.305226 -0.95129 -0.0433978 -53.8208 -67.5822 520.367 
-0.635837 0.23624 -0.734779 0.71019 -0.193704 -0.676837 -0.302225 -0.952192 -0.0446113 -53.3331 -67.0755 521.064 
-0.630896 0.232329 -0.740265 0.712605 -0.203843 -0.671299 -0.30686 -0.951037 -0.0369554 -53.2602 -66.6355 522.158 
-0.625612 0.227288 -0.74629 0.714768 -0.216314 -0.665068 -0.312595 -0.949499 -0.027129 -52.9868 -65.9302 523.299 
-0.623388 0.223756 -0.749213 0.714509 -0.226173 -0.66206 -0.317591 -0.94804 -0.0188824 -52.887 -65.1697 524.323 
-0.617678 0.223323 -0.754055 0.715789 -0.237525 -0.656679 -0.325758 -0.945362 -0.0131383 -52.708 -63.7755 525.204 
-0.611139 0.226543 -0.75841 0.715089 -0.252766 -0.651734 -0.339347 -0.940631 -0.00752321 -52.4472 -62.718 526.285 
-0.606892 0.218827 -0.764065 0.713925 -0.272377 -0.645075 -0.349273 -0.936977 0.00907715 -51.59 -61.5595 527.368 
-0.601744 0.210961 -0.770323 0.714325 -0.289285 -0.637224 -0.357272 -0.933708 0.023381 -51.408 -60.5427 528.559 
-0.598326 0.20771 -0.773861 0.712933 -0.302793 -0.63249 -0.365694 -0.930147 0.0330853 -50.5541 -59.6637 530.101 
-0.587041 0.202792 -0.783745 0.717093 -0.319043 -0.619669 -0.375713 -0.92579 0.0418704 -50.255 -58.3164 531.482 
-0.581883 0.202512 -0.787655 0.71454 -0.335213 -0.614055 -0.388386 -0.92012 0.0503523 -49.5867 -56.541 532.845 
-0.57364 0.199822 -0.79436 0.716083 -0.348515 -0.604783 -0.397695 -0.915756 0.0568332 -49.6891 -54.6839 533.813 
-0.575209 0.200962 -0.792936 0.71374 -0.350276 -0.606533 -0.399637 -0.914834 0.058047 -48.8329 -52.8716 534.288 
-0.570137 0.199274 -0.797015 0.710386 -0.367723 -0.600109 -0.412667 -0.908333 0.0680912 -48.0619 -51.4399 535.093 
-0.551638 0.194443 -0.811102 0.710744 -0.399337 -0.579114 -0.436508 -0.895948 0.0820902 -48.6258 -49.6808 536.319 
-0.5531 0.195379 -0.80988 0.701132 -0.415907 -0.579167 -0.449992 -0.888171 0.0930522 -47.5089 -47.937 537.102 
-0.550102 0.197183 -0.811483 0.696582 -0.427622 -0.576119 -0.460609 -0.882189 0.0978819 -46.6553 -46.0006 537.733 
-0.535686 0.191089 -0.822511 0.699319 -0.445546 -0.558965 -0.473279 -0.874628 0.105041 -46.7948 -44.2241 538.709 
-0.525673 0.188036 -0.829644 0.69528 -0.46697 -0.546375 -0.490157 -0.86405 0.114736 -46.2549 -42.2327 540.156 
-0.519998 0.18068 -0.834839 0.694049 -0.480333 -0.53626 -0.497892 -0.858274 0.124372 -45.6608 -40.0357 541.033 
-0.519221 0.180943 -0.835265 0.691907 -0.484693 -0.535105 -0.501671 -0.855764 0.126467 -45.0516 -37.7632 542.208 
-0.523625 0.188251 -0.83089 0.686416 -0.484459 -0.54234 -0.504628 -0.854319 0.124456 -44.0397 -35.6249 542.948 
-0.516563 0.19054 -0.834779 0.684753 -0.493402 -0.536347 -0.514077 -0.848675 0.124401 -44.3174 -33.7867 543.686 
-0.510066 0.193376 -0.838115 0.682673 -0.501746 -0.531232 -0.523249 -0.843123 0.123911 -44.6848 -32.0465 544.338 
-0.510936 0.186839 -0.839067 0.676191 -0.515323 -0.526505 -0.530763 -0.836381 0.136958 -44.4708 -30.426 545.081 
-0.479709 0.168754 -0.861046 0.674447 -0.556792 -0.484875 -0.561248 -0.813329 0.153282 -45.4989 -30.4678 549.382 
-0.48177 0.17199 -0.859253 0.669257 -0.560761 -0.487485 -0.565678 -0.809918 0.155052 -45.8157 -27.5015 548.268 
-0.486618 0.172486 -0.856417 0.654583 -0.577227 -0.488191 -0.578553 -0.798159 0.167983 -45.3373 -25.0067 548.265 
-0.49061 0.163389 -0.855924 0.641871 -0.596554 -0.481794 -0.589325 -0.785765 0.187801 -45.1411 -22.947 548.601 
-0.503398 0.156481 -0.849766 0.627632 -0.609707 -0.484082 -0.593858 -0.777027 0.208713 -44.1238 -21.1057 548.515 
-0.495454 0.149107 -0.85574 0.623535 -0.62483 -0.469885 -0.604756 -0.766391 0.216601 -44.6057 -19.9131 549.149 
-0.493025 0.139039 -0.858833 0.618962 -0.637662 -0.458557 -0.611402 -0.757665 0.228323 -44.462 -18.7 549.735 
-0.480953 0.130991 -0.866905 0.625651 -0.641407 -0.444025 -0.614202 -0.755935 0.226532 -45.2417 -17.5165 549.981 
-0.475644 0.124689 -0.870755 0.628055 -0.644944 -0.435424 -0.615881 -0.753989 0.228453 -44.5739 -16.6367 550.693 
-0.456371 0.0867851 -0.885546 0.618558 -0.684471 -0.385857 -0.639618 -0.723856 0.258691 -45.2064 -15.9027 554.124 
-0.445583 0.0924651 -0.890452 0.630058 -0.674222 -0.385293 -0.635989 -0.732717 0.242164 -46.1815 -14.5479 553.229 
-0.44594 0.101065 -0.889338 0.627579 -0.673141 -0.391184 -0.638186 -0.732575 0.236754 -46.1981 -13.004 553.085 
-0.443245 0.0994899 -0.890862 0.622573 -0.680856 -0.385796 -0.644931 -0.725629 0.239847 -46.7807 -11.8522 553.427 
-0.456146 0.0922211 -0.885113 0.618616 -0.682136 -0.389879 -0.639722 -0.725387 0.254104 -45.2679 -11.2139 554.01 
-0.458044 0.0874473 -0.884617 0.624025 -0.677095 -0.390045 -0.633079 -0.730681 0.25557 -45.749 -10.3837 553.668 
-0.434718 0.0785265 -0.897136 0.636199 -0.678295 -0.36765 -0.637393 -0.730582 0.244909 -47.7167 -10.9379 554.323 
-0.401702 0.0417087 -0.914819 0.646268 -0.694854 -0.31546 -0.648823 -0.717941 0.252169 -50.2485 -12.2263 556.223 
-0.394084 0.0413774 -0.918142 0.644387 -0.699875 -0.308124 -0.655334 -0.713066 0.249146 -50.4947 -12.4099 557.03 
-0.398058 0.0200119 -0.917141 0.63377 -0.716815 -0.29071 -0.663238 -0.696976 0.272651 -50.0423 -12.1848 557.762 
-0.387416 0.0195207 -0.921698 0.636825 -0.717244 -0.282867 -0.666605 -0.696548 0.265441 -50.6208 -12.3078 558.017 
-0.38781 0.0257897 -0.921378 0.640607 -0.711189 -0.28954 -0.662741 -0.702528 0.259285 -50.9826 -11.9348 557.114 
-0.397313 0.0288036 -0.917231 0.641983 -0.705488 -0.30024 -0.655744 -0.708136 0.261808 -50.6049 -11.3555 556.038 
-0.390269 0.0197052 -0.92049 0.640377 -0.712521 -0.28676 -0.661519 -0.701374 0.265456 -51.008 -11.112 556.526 
-0.386697 0.0244524 -0.921882 0.639152 -0.713512 -0.287028 -0.664792 -0.700217 0.260284 -51.5776 -11.041 556.262 
-0.391916 0.028093 -0.919571 0.633712 -0.716353 -0.29197 -0.666941 -0.697172 0.262948 -51.5092 -10.7194 556.138 
-0.397931 0.0372319 -0.916659 0.633363 -0.711704 -0.303857 -0.663703 -0.701492 0.259628 -51.131 -10.4651 555.866 
-0.387135 0.0320953 -0.921464 0.636009 -0.714268 -0.292086 -0.667546 -0.699136 0.256106 -52.0112 -10.661 556.223 
-0.397541 0.0184806 -0.917398 0.63343 -0.717826 -0.288948 -0.663873 -0.695977 0.273659 -50.9791 -10.0744 555.855 
-0.387808 0.00875745 -0.921698 0.638012 -0.719139 -0.27528 -0.66524 -0.694811 0.273301 -49.7607 -11.2932 558.289 
-0.388025 -0.00990441 -0.921595 0.625975 -0.736751 -0.255641 -0.676455 -0.676091 0.292078 -49.9344 -10.7633 558.522 
-0.383053 0.00641469 -0.923704 0.63327 -0.726174 -0.267656 -0.672487 -0.687481 0.274101 -51.191 -10.4312 556.695 
-0.395837 0.018528 -0.918133 0.631136 -0.720763 -0.286649 -0.667068 -0.692934 0.273611 -50.5207 -9.81577 555.934 
-0.387243 0.000743814 -0.921977 0.636243 -0.723512 -0.267815 -0.667261 -0.690311 0.279702 -51.1046 -9.79438 555.794 
-0.39904 0.0124381 -0.916849 0.63382 -0.718818 -0.285609 -0.6626 -0.695087 0.278954 -50.6248 -9.26325 555.177 
-0.411043 0.0354171 -0.910927 0.631125 -0.709995 -0.312391 -0.657818 -0.703315 0.269486 -49.8865 -9.00403 554.527 
-0.395458 -0.00400027 -0.918475 0.630322 -0.728528 -0.268219 -0.668062 -0.685005 0.290624 -50.6649 -9.56974 556.196 
-0.398798 0.00995937 -0.916984 0.631206 -0.722394 -0.282359 -0.665236 -0.69141 0.281803 -50.7161 -9.33567 555.515 
-0.399062 0.0110411 -0.916857 0.633458 -0.719625 -0.284379 -0.662933 -0.694275 0.280181 -50.8597 -9.47104 555.391 
-0.407096 0.0300096 -0.912892 0.637755 -0.706145 -0.307615 -0.653866 -0.707431 0.26833 -50.1099 -9.19708 554.759 
-0.412441 0.025401 -0.91063 0.635738 -0.707932 -0.307685 -0.652479 -0.705824 0.275832 -49.5383 -9.1421 554.696 
-0.407565 0.0212847 -0.912928 0.637459 -0.709205 -0.301121 -0.653862 -0.704681 0.275479 -49.8453 -8.77548 554.726 
-0.390163 0.0374538 -0.919983 0.647375 -0.699345 -0.303022 -0.654735 -0.713803 0.248612 -51.4606 -9.06009 554.836 
-0.393243 0.00319932 -0.919429 0.632675 -0.724657 -0.273119 -0.667144 -0.689102 0.282942 -50.0703 -8.98822 556.507 
-0.385012 0.00973334 -0.92286 0.636538 -0.721248 -0.273167 -0.66827 -0.692608 0.271494 -50.6855 -9.18516 556.386 
-0.376662 0.00695454 -0.926324 0.642486 -0.718411 -0.266642 -0.667336 -0.695584 0.26613 -50.9434 -9.45526 556.149 
-0.390163 0.0187093 -0.920555 0.640546 -0.712686 -0.28597 -0.661417 -0.701234 0.26608 -49.6574 -9.18725 555.319 
-0.382402 0.0114453 -0.923924 0.639833 -0.718117 -0.273716 -0.666619 -0.695828 0.267287 -50.0235 -9.35387 555.136 
-0.379869 0.00287439 -0.925035 0.634918 -0.72644 -0.262989 -0.672739 -0.687223 0.274127 -50.1544 -9.09666 555.191 
-0.372689 0.00123873 -0.927955 0.640246 -0.723511 -0.258104 -0.671705 -0.690312 0.268852 -50.6553 -9.5769 555.039 
-0.384362 -0.00110753 -0.923181 0.635757 -0.725403 -0.263824 -0.669387 -0.688323 0.279522 -49.5213 -9.21018 554.475 
-0.385016 0.00384943 -0.922901 0.636691 -0.722816 -0.26863 -0.668122 -0.69103 0.275845 -50.0335 -9.16542 553.873 
-0.386476 -0.00795689 -0.922265 0.632862 -0.729694 -0.258906 -0.670911 -0.683727 0.287045 -49.6166 -9.5895 554.869 
-0.378597 -0.00108881 -0.92556 0.641995 -0.720641 -0.261759 -0.666712 -0.693307 0.273532 -50.4271 -10.5147 554.573 
-0.389607 -0.016803 -0.920828 0.638297 -0.725684 -0.256825 -0.663915 -0.687823 0.293457 -47.9788 -11.8261 556.962 
-0.367368 -0.0170486 -0.929919 0.639817 -0.730297 -0.239374 -0.675037 -0.682916 0.279196 -50.5818 -11.906 556.688 
-0.366025 -0.049669 -0.929278 0.646883 -0.731448 -0.2157 -0.669005 -0.680086 0.299858 -49.3171 -12.7842 557.182 
-0.370364 -0.044515 -0.927819 0.636152 -0.739998 -0.218434 -0.67686 -0.671135 0.302387 -50.2987 -12.4961 556.77 
-0.382043 -0.0563363 -0.922425 0.630567 -0.74558 -0.215628 -0.675594 -0.664031 0.320368 -49.8123 -13.0517 556.921 
-0.377746 -0.0613941 -0.923871 0.636801 -0.741569 -0.211091 -0.672155 -0.668061 0.319221 -51.139 -13.3069 555.795 
-0.374905 -0.0642039 -0.924837 0.636351 -0.743285 -0.206361 -0.674168 -0.665887 0.319518 -51.0918 -14.0289 555.805 
-0.368049 -0.0580186 -0.927994 0.641601 -0.73821 -0.208311 -0.672969 -0.672071 0.308923 -51.8574 -15.1598 555.353 
-0.376524 -0.0422532 -0.925442 0.637352 -0.736787 -0.225673 -0.672318 -0.674804 0.304348 -51.3699 -16.1645 555.123 
-0.383714 -0.060581 -0.921462 0.611894 -0.764026 -0.204574 -0.691628 -0.642335 0.330236 -49.3562 -17.5937 558.498 
-0.363459 -0.100012 -0.926226 0.608927 -0.777945 -0.154948 -0.705057 -0.620321 0.343651 -51.169 -18.1768 558.55 
-0.375932 -0.0653062 -0.924343 0.611895 -0.766601 -0.194698 -0.695887 -0.638794 0.32815 -49.961 -20.3045 557.911 
-0.370602 -0.0883293 -0.924582 0.61806 -0.766517 -0.17451 -0.693293 -0.636121 0.338666 -48.2913 -22.7161 559.95 
-0.374905 -0.0648636 -0.924791 0.628695 -0.750904 -0.202202 -0.681314 -0.657218 0.322297 -48.2987 -24.3625 557.74 
