Bone001
-1.62921e-07 -1 4.40607e-08 -4.07912e-13 -4.40607e-08 -1 1 -1.62921e-07 -4.00733e-13 -0.0323353 5.78256e-09 -0.13229 
0.026006 -0.981291 -0.190764 -0.36211 -0.187117 0.913161 -0.931773 0.0453298 -0.360201 -7.63646 100.893 494.571 
0.0283903 -0.983757 -0.177245 -0.37105 -0.17502 0.91197 -0.928179 0.0398758 -0.369991 -7.62009 100.64 494.64 
0.038867 -0.982533 -0.181983 -0.356069 -0.183784 0.916208 -0.933651 0.0291881 -0.356993 -7.67278 100.879 494.627 
0.0551401 -0.97816 -0.200407 -0.342179 -0.207071 0.916534 -0.938016 0.0180372 -0.346123 -7.62474 100.801 494.649 
0.0403736 -0.983253 -0.177717 -0.383121 -0.179502 0.906089 -0.922815 0.031505 -0.383952 -7.7521 100.848 494.637 
0.0479813 -0.983533 -0.174243 -0.381676 -0.17926 0.906747 -0.92305 0.0229974 -0.383991 -7.77775 100.813 494.596 
0.0456785 -0.983783 -0.17345 -0.356662 -0.178249 0.917071 -0.933116 0.0199727 -0.35902 -7.76127 101.125 494.512 
-0.0475567 -0.981903 -0.183314 -0.344676 -0.156119 0.925649 -0.937516 0.107205 -0.331013 -7.85802 101.009 494.571 
-0.0162957 -0.980432 -0.19618 -0.300062 -0.182367 0.936325 -0.953781 0.0741241 -0.291218 -7.80899 101.135 494.501 
-0.0428898 -0.978677 -0.200875 -0.367081 -0.171561 0.914231 -0.9292 0.112949 -0.351895 -7.64128 100.73 494.656 
-0.0207348 -0.984567 -0.173774 -0.303076 -0.159444 0.939533 -0.952741 0.0721479 -0.295092 -7.71504 100.866 494.601 
0.0590469 -0.982178 -0.178435 -0.279929 -0.187867 0.941459 -0.958203 -0.00564118 -0.286033 -7.87956 101.169 494.543 
0.012606 -0.98101 -0.193546 -0.257082 -0.190235 0.94748 -0.966307 0.0378132 -0.254598 -7.72565 100.906 494.637 
0.0536878 -0.979031 -0.19651 -0.25555 -0.203712 0.94509 -0.965304 -0.000521662 -0.261128 -7.8225 100.846 494.643 
-0.00817784 -0.981505 -0.191264 -0.306462 -0.179607 0.934785 -0.951848 0.0662596 -0.299325 -7.64064 101.14 494.551 
0.0416931 -0.98198 -0.184328 -0.326193 -0.187758 0.926469 -0.944383 0.0214989 -0.328143 -7.66884 100.667 494.701 
0.0598171 -0.97927 -0.193527 -0.333336 -0.202341 0.920839 -0.940908 0.00942756 -0.338529 -7.60855 100.598 494.645 
0.0114536 -0.982642 -0.185155 -0.3736 -0.175963 0.910747 -0.927519 0.0587427 -0.36913 -7.73434 100.734 494.56 
-0.016588 -0.984211 -0.176219 -0.234538 -0.167497 0.957568 -0.971965 0.0572142 -0.228056 -7.65206 101.025 494.549 
-0.0198163 -0.982171 -0.186943 -0.241623 -0.176733 0.95414 -0.970168 0.064077 -0.233812 -7.57248 100.755 494.602 
0.0443511 -0.982086 -0.183136 -0.240442 -0.188422 0.9522 -0.96965 0.00180251 -0.244491 -7.70616 100.759 494.61 
0.0423784 -0.982308 -0.182414 -0.244192 -0.187225 0.951481 -0.968801 0.00422164 -0.247806 -7.70209 100.766 494.621 
0.0434133 -0.982042 -0.183597 -0.247454 -0.188615 0.950364 -0.967927 0.00417332 -0.251198 -7.76578 100.71 494.621 
0.0173147 -0.977446 -0.210472 -0.304112 -0.20568 0.930168 -0.952479 0.0479015 -0.300814 -7.49065 100.929 494.642 
-0.0144622 -0.977419 -0.210814 -0.316454 -0.195525 0.928239 -0.948498 0.0801372 -0.30648 -7.26374 100.914 494.616 
0.054302 -0.971559 -0.230486 -0.283927 -0.236322 0.929267 -0.957307 0.0149799 -0.288684 -7.37341 100.812 494.686 
0.197545 -0.958112 -0.207355 -0.281063 -0.258001 0.924359 -0.939138 -0.124323 -0.320256 -7.53323 100.768 494.535 
0.312638 -0.915516 -0.253154 -0.277472 -0.342913 0.897452 -0.908442 -0.210335 -0.361237 -7.4352 100.74 494.595 
0.388675 -0.880506 -0.271369 -0.275309 -0.392056 0.87778 -0.879282 -0.266461 -0.394793 -7.62861 100.785 494.47 
0.458995 -0.843382 -0.279338 -0.270426 -0.43212 0.860315 -0.846282 -0.31934 -0.426413 -7.72318 100.756 494.435 
0.576226 -0.778899 -0.247546 -0.191034 -0.422858 0.885832 -0.794651 -0.46315 -0.392457 -7.5041 100.77 494.37 
0.62197 -0.752289 -0.217288 -0.195071 -0.417605 0.887442 -0.758354 -0.509576 -0.406487 -7.57759 100.887 494.377 
0.691605 -0.693203 -0.202858 -0.177869 -0.435672 0.882356 -0.700032 -0.57416 -0.424612 -7.64577 101.004 494.251 
0.689774 -0.684999 -0.234495 -0.202798 -0.493704 0.845653 -0.695043 -0.535754 -0.47946 -7.35522 100.812 494.414 
0.627315 -0.733579 -0.261412 -0.203163 -0.478209 0.854424 -0.751798 -0.482884 -0.449024 -7.51177 100.575 494.442 
0.654288 -0.719883 -0.23168 -0.259118 -0.501216 0.825616 -0.710468 -0.480158 -0.514473 -7.41393 100.917 494.47 
0.651463 -0.712745 -0.259981 -0.187596 -0.483366 0.855082 -0.735122 -0.508283 -0.448602 -7.47465 100.616 494.424 
0.698236 -0.658804 -0.280077 -0.160219 -0.525133 0.835802 -0.697708 -0.538713 -0.472219 -7.15868 100.432 494.573 
0.75108 -0.605713 -0.262659 -0.126489 -0.522492 0.84321 -0.647981 -0.600095 -0.469049 -7.09214 100.688 494.53 
0.786411 -0.560393 -0.25984 -0.11296 -0.54403 0.831427 -0.607288 -0.624492 -0.491132 -7.17195 100.586 494.432 
0.740601 -0.574133 -0.349116 -0.0758593 -0.587678 0.805531 -0.66765 -0.570093 -0.478787 -7.01559 100.784 494.427 
0.719449 -0.588605 -0.368696 -0.0639516 -0.584731 0.808703 -0.691595 -0.558242 -0.458326 -6.90008 100.672 494.523 
0.696415 -0.605229 -0.385621 -0.0469861 -0.574649 0.81705 -0.7161 -0.550887 -0.42863 -6.34068 100.837 494.898 
0.833119 -0.449045 -0.322911 0.00330161 -0.579778 0.814768 -0.553085 -0.679864 -0.481541 -6.20143 100.91 494.859 
0.88347 -0.366287 -0.292086 -0.0164596 -0.647349 0.762016 -0.468198 -0.66841 -0.577942 -6.54912 100.47 494.725 
0.909949 -0.311259 -0.274064 0.0394362 -0.592904 0.804307 -0.412841 -0.742686 -0.527237 -6.29617 100.423 494.786 
0.946605 -0.222487 -0.23332 0.078612 -0.542575 0.836321 -0.312664 -0.810007 -0.496113 -7.00445 100.885 494.406 
0.946341 -0.22026 -0.236481 0.105191 -0.481962 0.869855 -0.30557 -0.848056 -0.43293 -6.70285 100.726 494.596 
0.967741 -0.149622 -0.202707 0.106374 -0.48669 0.867074 -0.228389 -0.860666 -0.455074 -8.21731 100.597 494.114 
0.949515 0.00483942 -0.313685 0.166622 -0.854979 0.49117 -0.265817 -0.51864 -0.812621 -7.75525 100.034 494.44 
0.973825 0.0562353 -0.220231 0.165844 -0.838369 0.519263 -0.155434 -0.542195 -0.82575 -7.91578 101.006 494.304 
0.969248 0.182162 -0.165456 0.233991 -0.890404 0.390421 -0.076203 -0.417129 -0.905646 -7.85596 100.735 494.532 
0.955949 0.174422 -0.23609 0.244643 -0.917891 0.312451 -0.162206 -0.356444 -0.920128 -7.65812 100.903 494.581 
0.935248 0.143201 -0.323737 0.25909 -0.90007 0.350352 -0.241215 -0.411543 -0.87889 -7.79964 100.782 494.561 
0.927039 0.118894 -0.355617 0.246153 -0.908394 0.337977 -0.282857 -0.400854 -0.871382 -6.95298 100.794 494.9 
0.941055 0.199763 -0.272965 0.281022 -0.910868 0.302237 -0.188259 -0.36113 -0.913314 -7.25496 100.581 495.133 
0.945669 0.263259 -0.1908 0.313073 -0.895644 0.315922 -0.0877194 -0.358492 -0.929402 -7.15609 101.12 495.132 
0.933841 0.315939 -0.167701 0.349713 -0.904905 0.242586 -0.0751106 -0.285183 -0.955525 -7.09118 100.993 495.251 
0.929662 0.324167 -0.175058 0.359203 -0.903147 0.235159 -0.081872 -0.281499 -0.956062 -7.35423 100.724 494.959 
0.913211 0.362947 -0.185246 0.393386 -0.903802 0.168493 -0.106271 -0.226742 -0.968139 -7.92368 100.372 494.961 
0.903322 0.346805 -0.25246 0.388316 -0.911174 0.137745 -0.182264 -0.222462 -0.957752 -7.64543 100.488 494.87 
0.876924 0.446476 -0.177944 0.469882 -0.87425 0.122055 -0.101072 -0.190645 -0.976441 -7.21296 100.608 495.187 
0.872287 0.47205 -0.127611 0.484529 -0.869558 0.0953933 -0.0659348 -0.145041 -0.987226 -6.8491 100.867 494.976 
0.869034 0.46329 -0.173618 0.475361 -0.879156 0.0334169 -0.137155 -0.111571 -0.984246 -7.46399 100.991 494.462 
0.855779 0.507064 -0.102609 0.508802 -0.860821 -0.0104219 -0.0936119 -0.043288 -0.994667 -7.11548 100.473 494.338 
0.861666 0.507397 -0.00899241 0.506053 -0.86044 -0.0595992 -0.0379776 0.0468046 -0.998182 -7.29761 100.673 494.226 
0.861466 0.505642 -0.0469305 0.50225 -0.862024 -0.068259 -0.0749696 0.0352326 -0.996563 -6.97587 100.513 494.407 
0.87896 0.470921 -0.0752505 0.461498 -0.879698 -0.114672 -0.120199 0.0660652 -0.990549 -7.52791 100.643 494.04 
0.856577 0.513568 -0.0502458 0.504926 -0.85426 -0.123652 -0.106426 0.0805477 -0.991052 -6.82929 100.309 494.092 
0.867086 0.495557 -0.0508385 0.485621 -0.863602 -0.135511 -0.111057 0.092812 -0.98947 -7.08279 100.295 493.872 
0.848338 0.52826 -0.0355527 0.518726 -0.84272 -0.144035 -0.106049 0.103749 -0.988933 -6.7012 100.41 494.287 
0.855954 0.516922 0.0116479 0.509287 -0.838994 -0.191614 -0.0892765 0.169945 -0.981401 -6.86852 100.317 494.224 
0.856666 0.515868 -0.00201917 0.502777 -0.83579 -0.220613 -0.115494 0.187977 -0.975359 -7.06458 100.453 493.722 
0.853788 0.519325 0.036706 0.508973 -0.817781 -0.268664 -0.109506 0.248065 -0.962534 -7.12178 100.887 493.868 
0.851901 0.522376 0.0372537 0.511317 -0.814267 -0.274817 -0.113223 0.253166 -0.960774 -7.20805 100.551 494.058 
0.840057 0.541617 0.0309072 0.527088 -0.801387 -0.282765 -0.128381 0.25383 -0.958691 -6.5005 100.372 494.448 
0.874191 0.483466 0.0452907 0.467522 -0.812806 -0.347519 -0.131201 0.324973 -0.936578 -7.11633 100.998 493.854 
0.821238 0.543367 -0.174132 0.465016 -0.814211 -0.347592 -0.33065 0.204482 -0.921335 -5.95434 100.515 494.334 
0.843336 0.537383 0.00207829 0.524643 -0.822493 -0.219669 -0.116336 0.186345 -0.975572 -6.18793 100.264 493.898 
0.864 0.49809 -0.0735649 0.473851 -0.8538 -0.215618 -0.170207 0.151436 -0.973702 -6.86255 100.607 493.602 
0.870651 0.490974 -0.0301838 0.46681 -0.844031 -0.264008 -0.155097 0.215769 -0.964048 -6.90035 100.278 493.578 
0.865322 0.492255 -0.0943551 0.467901 -0.86085 -0.200015 -0.179684 0.12893 -0.975239 -6.67956 99.9473 493.687 
0.854436 0.515491 0.0648719 0.519411 -0.844557 -0.130138 -0.0122965 0.14489 -0.989371 -6.56207 99.7473 493.591 
0.844977 0.534049 0.0283954 0.533362 -0.837614 -0.118012 -0.0392395 0.114863 -0.992606 -6.31818 99.652 493.792 
0.84945 0.517409 0.103551 0.527025 -0.822214 -0.214961 -0.0260816 0.237173 -0.971117 -6.52042 99.2865 493.34 
0.83693 0.517161 0.179145 0.547308 -0.791786 -0.271161 0.00161129 0.32499 -0.945716 -6.83276 98.4575 493.227 
0.834881 0.519853 0.180903 0.550108 -0.776786 -0.306569 -0.0188477 0.355465 -0.934499 -6.98206 98.5641 493.14 
0.825579 0.560418 0.0659697 0.54514 -0.761899 -0.349759 -0.145749 0.324717 -0.934514 -7.03673 98.1893 493.504 
0.806871 0.587969 0.0570253 0.577151 -0.764066 -0.288269 -0.125922 0.265508 -0.95585 -6.76121 97.1507 493.719 
0.793821 0.608072 0.00978761 0.594217 -0.772107 -0.225293 -0.129437 0.184659 -0.974242 -7.35908 96.3674 493.558 
0.776739 0.628717 0.037306 0.610945 -0.73774 -0.287202 -0.153047 0.245874 -0.957143 -7.24669 95.8098 492.861 
0.730878 0.682256 -0.0185821 0.652976 -0.706914 -0.271836 -0.198597 0.186545 -0.962164 -6.38079 93.7051 493.333 
0.693512 0.710412 0.119815 0.70793 -0.64111 -0.296332 -0.133703 0.290331 -0.947539 -6.34721 92.8141 494.121 
0.665377 0.687063 0.29192 0.745911 -0.596277 -0.296767 -0.0298318 0.415209 -0.909237 -6.18906 91.8275 493.635 
0.654584 0.721464 0.225855 0.744157 -0.562262 -0.360682 -0.133229 0.404169 -0.90493 -6.27902 90.0086 493.583 
0.656825 0.728297 0.195359 0.735974 -0.562819 -0.376266 -0.164082 0.390921 -0.905681 -6.09106 89.2418 494.184 
0.582175 0.719523 0.378628 0.808276 -0.562627 -0.173613 0.0881077 0.40711 -0.90912 -3.91361 87.1582 495.436 
0.578957 0.715859 0.390326 0.727107 -0.66991 0.150123 0.36895 0.196894 -0.908355 -3.42475 85.9206 495.886 
0.595724 0.76297 0.250979 0.743594 -0.642024 0.186743 0.303614 0.0753802 -0.949808 -2.81475 85.0436 495.283 
0.652742 0.702937 -0.282501 0.755698 -0.630426 0.177438 -0.0533683 -0.329306 -0.942713 -2.58268 81.996 495.577 
0.588792 0.675828 -0.443375 0.807678 -0.470686 0.35512 0.0313096 -0.567196 -0.822987 -1.60301 81.1768 495.427 
0.565492 0.542059 -0.621603 0.804665 -0.197279 0.559995 0.180921 -0.816855 -0.547736 -1.69862 80.3216 495.668 
0.411192 0.339367 -0.846021 0.911035 -0.121849 0.393913 0.0305942 -0.932729 -0.359278 0.916802 77.2071 497.506 
0.47356 0.00699764 -0.880734 0.879784 -0.0508591 0.472645 -0.0414862 -0.998681 -0.0302406 1.0257 74.8762 497.506 
0.355421 -0.215918 -0.909426 0.926052 -0.0507547 0.373968 -0.126904 -0.975091 0.181913 2.60781 74.0224 497.069 
0.171311 -0.201507 -0.964389 0.938386 0.331576 0.0974093 0.30014 -0.921657 0.245894 4.57751 72.6991 497.156 
0.213435 -0.36032 -0.908082 0.787934 0.613018 -0.058046 0.577586 -0.70312 0.414748 5.29112 70.7592 497.683 
0.100509 -0.501706 -0.859179 0.853501 0.487266 -0.184687 0.511307 -0.714747 0.477181 7.4303 68.2642 498.311 
-0.225232 -0.295288 -0.92848 0.864816 0.378317 -0.330106 0.448736 -0.877315 0.170161 8.64227 67.4465 498.437 
-0.273173 -0.447442 -0.85157 0.856366 0.290131 -0.427156 0.438194 -0.845943 0.303918 10.3776 65.4303 499.484 
-0.356274 -0.507093 -0.784809 0.847146 0.179073 -0.500277 0.394224 -0.843084 0.365783 14.1102 64.717 500.183 
-0.335312 -0.645254 -0.686449 0.829072 0.143954 -0.540294 0.447444 -0.750283 0.486693 15.311 64.405 501.007 
-0.508268 -0.530809 -0.678163 0.792016 0.0211289 -0.610135 0.338194 -0.847228 0.40967 16.5349 63.0967 500.433 
-0.531139 -0.598334 -0.599905 0.784085 -0.0787782 -0.615634 0.321095 -0.797364 0.510987 18.0493 61.8504 500.298 
-0.733375 -0.376976 -0.565729 0.674152 -0.296005 -0.676683 0.0876343 -0.87765 0.471222 21.4183 60.5538 500.959 
-0.799283 -0.293152 -0.524602 0.600035 -0.437573 -0.669692 -0.0332309 -0.850054 0.525646 22.4611 59.5803 500.138 
-0.905585 -0.0844738 -0.415668 0.40382 -0.471557 -0.783941 -0.129789 -0.87778 0.461147 25.1811 58.1858 500.438 
-0.907977 -0.356536 -0.220136 0.393012 -0.54242 -0.74251 0.145324 -0.760699 0.632628 27.8103 56.152 501.112 
-0.94859 -0.230343 -0.217068 0.313456 -0.588691 -0.745109 0.0438444 -0.774845 0.630629 28.8281 54.9028 500.127 
-0.995929 -0.0759999 -0.048475 0.0832296 -0.568729 -0.818303 0.0346215 -0.819007 0.572739 31.9452 51.9803 500.156 
-0.993099 -0.116701 0.0116061 0.0540295 -0.543112 -0.83792 0.104089 -0.831511 0.545669 35.5308 51.8053 500.006 
-0.995193 -0.0744174 0.0636581 -0.0131482 -0.542615 -0.839878 0.0970431 -0.836679 0.539028 36.9671 50.4196 499.2 
-0.983696 -0.00672028 0.179714 -0.149435 -0.525434 -0.837608 0.100057 -0.850808 0.515864 39.2404 49.6614 498.888 
-0.948962 0.00435804 0.315361 -0.267506 -0.540789 -0.797488 0.167068 -0.841147 0.514355 40.8844 46.5985 498.67 
-0.904546 0.106574 0.412842 -0.403387 -0.527549 -0.747643 0.138115 -0.842813 0.520183 43.0617 45.8071 498.916 
-0.876368 0.0622471 0.477603 -0.451641 -0.450712 -0.769986 0.167332 -0.890497 0.423103 44.3517 45.1023 497.473 
-0.76185 0.171697 0.624584 -0.635568 -0.384293 -0.669605 0.125054 -0.907105 0.401899 46.1001 43.7879 496.493 
-0.579137 -0.103575 0.808624 -0.73038 -0.374696 -0.571092 0.362139 -0.921344 0.141352 47.6066 42.7007 496.12 
-0.500822 0.0162093 0.865398 -0.824336 -0.31378 -0.471181 0.263907 -0.949357 0.17051 50.3041 40.9729 495.953 
-0.162065 0.0271714 0.986406 -0.921499 -0.361713 -0.141437 0.352952 -0.931894 0.0836599 53.6197 40.3329 495.71 
0.159816 -0.336358 0.928074 -0.954595 -0.292104 0.0585177 0.251412 -0.895287 -0.367768 55.7255 40.9316 497.534 
0.357309 -0.443555 0.821942 -0.926224 -0.281503 0.250731 0.120166 -0.850891 -0.511414 58.0244 40.2476 495.655 
0.527478 -0.356923 0.770956 -0.849264 -0.245852 0.467235 0.0227746 -0.901201 -0.432802 60.7637 38.4118 495.981 
0.612297 -0.150532 0.776165 -0.781109 -0.267051 0.564405 0.122315 -0.951853 -0.281096 62.6901 38.2802 494.925 
0.709361 -0.107468 0.696604 -0.702139 -0.194263 0.685027 0.0617057 -0.975045 -0.21326 65.0069 37.6719 493.418 
0.828117 -0.0903339 0.553228 -0.559431 -0.195645 0.805456 0.035476 -0.976505 -0.212552 67.8114 37.1638 493.743 
0.871807 -0.150978 0.466003 -0.481504 -0.0892606 0.871887 -0.0900402 -0.984499 -0.150514 70.1129 36.2979 493.522 
0.906085 -0.181801 0.382046 -0.396519 -0.0498902 0.916669 -0.147591 -0.982069 -0.117292 72.4757 35.7831 492.122 
0.972688 -0.0630043 0.223403 -0.23094 -0.165883 0.958723 -0.0233451 -0.984131 -0.175902 74.8566 35.3666 491.717 
0.953972 -0.28334 0.0982653 -0.134176 -0.110213 0.984809 -0.268206 -0.952666 -0.143157 77.6621 35.8987 490.865 
0.984511 -0.161692 0.067775 -0.0832316 -0.0908106 0.992384 -0.154307 -0.982654 -0.102861 80.1088 36.3469 490.81 
0.96839 -0.248887 0.0166203 -0.0346265 -0.0681439 0.997074 -0.247027 -0.966132 -0.0746073 82.239 36.2842 490.074 
0.972327 -0.203549 -0.114663 0.086798 -0.140925 0.986208 -0.216901 -0.968869 -0.119357 85.3532 35.9162 489.876 
0.960155 -0.185654 -0.208891 0.214591 0.0109276 0.976642 -0.179035 -0.982555 0.0503324 88.3165 36.9522 489.084 
0.916538 -0.29738 -0.267438 0.265659 -0.0471891 0.962911 -0.298971 -0.953592 0.0357517 90.7752 36.9218 489.161 
0.875631 -0.365865 -0.315299 0.276889 -0.15462 0.94838 -0.395731 -0.917734 -0.0340851 92.2209 37.1433 488.44 
0.898048 -0.263847 -0.351986 0.281118 -0.271225 0.920548 -0.338352 -0.925647 -0.1694 95.4958 38.333 488.032 
0.892419 -0.19977 -0.404575 0.373033 -0.17778 0.910626 -0.253842 -0.96358 -0.0841327 97.6245 38.4497 487.843 
0.871538 -0.109538 -0.477936 0.428243 -0.304684 0.85075 -0.238809 -0.946134 -0.218634 99.0656 39.2388 487.353 
0.753805 -0.140674 -0.641863 0.551805 -0.394851 0.734578 -0.356776 -0.907912 -0.220015 101.686 40.4599 487.141 
0.653896 -0.206279 -0.72792 0.625917 -0.392996 0.673633 -0.425027 -0.896104 -0.127864 103.677 41.4817 486.547 
0.623076 -0.140343 -0.769468 0.652032 -0.450163 0.610087 -0.432008 -0.881849 -0.188977 105.038 42.2112 486.105 
0.574852 -0.154306 -0.803576 0.712638 -0.388194 0.58434 -0.402111 -0.908568 -0.113189 106.484 42.5939 485.8 
0.536558 -0.210832 -0.817102 0.713093 -0.404475 0.572624 -0.451225 -0.889915 -0.0666807 107.766 43.4613 485.345 
0.464756 -0.0117378 -0.885361 0.784917 -0.457278 0.418092 -0.409764 -0.889246 -0.203309 109.191 43.899 484.675 
0.300125 -0.191457 -0.934488 0.791208 -0.497255 0.355986 -0.532836 -0.846216 0.00224431 109.711 44.5323 484.316 
0.0755874 -0.31222 -0.946997 0.772291 -0.582427 0.253666 -0.630757 -0.750532 0.197101 110.43 44.8432 484.466 
0.07391 -0.180914 -0.980717 0.804038 -0.570958 0.16592 -0.589966 -0.800798 0.103263 110.407 45.657 483.847 
0.0311279 -0.303385 -0.952359 0.861706 -0.474646 0.179369 -0.506452 -0.826237 0.246655 110.424 46.9708 483.482 
0.0816448 -0.0619769 -0.994732 0.920907 -0.37698 0.0990731 -0.381135 -0.924146 0.0262972 111.568 47.4889 483.493 
-0.0814257 -0.103774 -0.991262 0.853411 -0.521007 -0.0155586 -0.51484 -0.847221 0.130986 111.427 48.1035 483.06 
-0.0778475 -0.117149 -0.990058 0.834952 -0.550322 -0.000534561 -0.544789 -0.826693 0.140655 111.225 48.7502 482.812 
-0.105316 -0.138972 -0.98468 0.87798 -0.477966 -0.0264468 -0.466968 -0.867315 0.172352 110.967 49.7074 482.713 
-0.162167 -0.235559 -0.958234 0.817236 -0.576293 0.00336334 -0.553016 -0.782559 0.285964 111.422 50.4351 482.525 
-0.133601 -0.0861614 -0.987282 0.765826 -0.641279 -0.0476679 -0.629017 -0.762455 0.151661 110.783 51.3612 482.727 
-0.0543492 -0.072051 -0.995919 0.853607 -0.520842 -0.0089019 -0.518075 -0.850607 0.0898112 109.916 52.2038 482.52 
-0.0741934 -0.177566 -0.981308 0.891582 -0.452627 0.0144925 -0.44674 -0.873842 0.191897 110.233 53.0062 482.466 
0.0197697 -0.2125 -0.976961 0.966639 -0.24553 0.0729663 -0.255379 -0.945811 0.200557 110.339 54.2709 482.082 
0.0535089 -0.0765601 -0.995628 0.970206 -0.231954 0.0699789 -0.236298 -0.969709 0.0618681 108.902 54.9056 481.68 
0.0563103 0.00769635 -0.998383 0.986661 -0.153405 0.0544664 -0.152738 -0.988134 -0.0162313 108.787 55.7204 481.557 
0.0117283 -0.00542534 -0.999916 0.996368 -0.0842779 0.0121437 -0.084337 -0.996428 0.00441781 109.976 56.403 481.527 
-0.00712524 -0.0803311 -0.996742 0.994833 -0.10152 0.00107004 -0.101275 -0.991585 0.0806399 110.325 56.8502 481.506 
-0.072992 -0.0204272 -0.997123 0.98655 -0.148098 -0.0691842 -0.146259 -0.988762 0.030963 109.604 57.3005 481.193 
-0.155006 0.0602333 -0.986075 0.932103 -0.321819 -0.16618 -0.327348 -0.944883 -0.00625908 110.016 57.9461 480.979 
-0.264947 0.127664 -0.955774 0.938289 -0.194374 -0.286063 -0.222298 -0.972585 -0.0682861 111.799 57.8971 480.677 
-0.216057 0.146688 -0.965299 0.952421 -0.186013 -0.241441 -0.214975 -0.971536 -0.0995184 111.237 58.1072 480.316 
-0.347852 0.242894 -0.905539 0.906209 -0.160536 -0.391169 -0.240384 -0.956677 -0.164269 111.563 58.8376 480.257 
-0.323479 0.396181 -0.859303 0.933 -0.0178133 -0.359435 -0.157709 -0.917999 -0.363874 110.146 59.2931 479.945 
-0.388709 0.362785 -0.846931 0.899596 -0.0491776 -0.433945 -0.199079 -0.930574 -0.307244 111.295 59.6102 480.111 
-0.284381 0.440777 -0.851377 0.930317 -0.0876514 -0.356128 -0.231598 -0.893327 -0.385135 110.625 60.8667 479.544 
-0.260894 0.607349 -0.750375 0.939335 -0.0195821 -0.342442 -0.222676 -0.794194 -0.565394 111.444 60.1113 479.416 
-0.196655 0.674032 -0.712045 0.943639 -0.0670736 -0.32411 -0.26622 -0.735651 -0.622851 111.56 60.6231 479.31 
-0.0311912 0.835956 -0.547909 0.956825 -0.133518 -0.258182 -0.288985 -0.532307 -0.795699 110.965 60.9028 479.115 
0.005291 0.846177 -0.532876 0.965506 -0.143049 -0.217567 -0.260328 -0.513343 -0.817745 111.02 60.115 479.465 
0.0660977 0.867231 -0.493499 0.95567 -0.19724 -0.218614 -0.286927 -0.457172 -0.841823 110.856 60.3695 479.542 
0.109991 0.881123 -0.459918 0.966616 -0.202565 -0.15691 -0.23142 -0.427305 -0.873988 110.055 60.1809 479.234 
0.238871 0.885394 -0.39877 0.951787 -0.294872 -0.0845679 -0.192462 -0.359343 -0.913143 111.086 60.6294 479.386 
0.387069 0.876393 -0.286555 0.897849 -0.428982 -0.0992043 -0.209869 -0.218884 -0.952913 107.852 61.1608 478.793 
0.283328 0.916311 -0.283018 0.899052 -0.356502 -0.254187 -0.333811 -0.182429 -0.924818 109.493 60.5437 479.284 
0.303648 0.950158 -0.0706922 0.917425 -0.311598 -0.247463 -0.257157 0.0102875 -0.966315 109.195 59.9524 479.279 
0.275556 0.921838 0.272551 0.959252 -0.245259 -0.140297 -0.0624854 0.300106 -0.951857 112.274 60.2984 479.687 
0.318695 0.802088 0.505063 0.947067 -0.29122 -0.135114 0.0387112 0.521389 -0.852441 110.97 60.4752 479.621 
0.309026 0.825308 0.47262 0.943637 -0.204136 -0.260533 -0.118541 0.526494 -0.841874 109.393 60.1947 479.545 
0.299434 0.87214 0.386925 0.948378 -0.227647 -0.220809 -0.104494 0.43307 -0.895283 111.785 59.907 480.149 
0.300514 0.695871 0.652268 0.953657 -0.208351 -0.217091 -0.0151658 0.68728 -0.726235 111.541 60.3433 479.944 
0.289013 0.618552 0.73066 0.956208 -0.223384 -0.189119 0.046238 0.753321 -0.656025 111.662 60.2868 480.059 
0.204496 0.405053 0.89113 0.971823 -0.193032 -0.135273 0.117224 0.893684 -0.433115 111.04 60.4558 480.327 
0.191013 0.311512 0.930846 0.939097 -0.333984 -0.0809367 0.285675 0.889615 -0.356336 110.287 60.4164 480.54 
-0.0391972 -0.142676 0.988993 0.915469 -0.401804 -0.0216826 0.400476 0.904542 0.146364 110.711 60.9478 480.641 
-0.137434 -0.250364 0.958347 0.906904 -0.420857 0.0201097 0.398293 0.871893 0.284895 110.295 60.0939 480.693 
-0.143738 -0.467128 0.872428 0.883292 -0.45809 -0.0997492 0.446246 0.756271 0.478454 111.597 59.9453 480.66 
-0.125726 -0.485673 0.865052 0.913833 -0.396091 -0.0895648 0.386138 0.779252 0.493622 110.932 60.1572 480.092 
-0.116403 -0.657716 0.744218 0.922589 -0.34909 -0.164213 0.367805 0.667492 0.647436 110.89 60.1575 480.111 
-0.195768 -0.699424 0.687373 0.950056 -0.308987 -0.0438236 0.243041 0.644463 0.724981 110.991 59.8476 480.305 
-0.217955 -0.684474 0.695695 0.954828 -0.297079 0.00685096 0.201987 0.665762 0.718304 111.031 59.9959 480.545 
-0.228666 -0.703816 0.672574 0.957929 -0.285766 0.0266425 0.173448 0.65037 0.73955 111.181 60.4491 480.617 
-0.259867 -0.731772 0.630063 0.962018 -0.252684 0.103307 0.0836097 0.632977 0.769642 110.732 60.4542 480.578 
-0.26223 -0.71738 0.645446 0.963674 -0.229792 0.136117 0.0506706 0.657694 0.751579 110.625 60.0236 480.567 
-0.252344 -0.715725 0.6512 0.960467 -0.267045 0.0786809 0.117586 0.64531 0.754816 110.717 60.0614 480.446 
-0.237291 -0.686587 0.687235 0.962437 -0.262238 0.0703224 0.131937 0.678107 0.723023 110.584 60.1183 480.185 
-0.259634 -0.687699 0.677983 0.937537 -0.347829 0.00621727 0.231547 0.637249 0.735051 110.457 60.0442 480.236 
-0.260216 -0.674477 0.690918 0.924857 -0.379661 -0.0223033 0.277358 0.633197 0.722588 110.437 60.3614 480.381 
-0.323883 -0.710364 0.624886 0.932621 -0.350802 0.0845951 0.159118 0.61018 0.776119 110.336 60.1397 480.4 
-0.306033 -0.735092 0.604966 0.933171 -0.357446 0.0377292 0.188508 0.576083 0.795356 110.215 60.5504 480.424 
-0.340181 -0.738553 0.58208 0.926385 -0.369524 0.0725438 0.161515 0.563908 0.809889 110.067 60.5237 480.336 
-0.401538 -0.716013 0.571046 0.911369 -0.373946 0.171962 0.0904134 0.589482 0.802705 109.897 60.293 480.51 
-0.417549 -0.700067 0.579275 0.906035 -0.369143 0.206964 0.0689464 0.611261 0.78842 109.69 60.3598 480.591 
-0.394494 -0.656654 0.642792 0.914424 -0.349489 0.204174 0.090577 0.668329 0.73833 110.003 60.5165 480.46 
-0.403969 -0.60361 0.68736 0.912225 -0.321853 0.253486 0.0682224 0.729428 0.680647 110.054 60.6607 480.534 
-0.432487 -0.566552 0.701409 0.899386 -0.326047 0.2912 0.0637128 0.756778 0.650559 110.092 60.6676 480.75 
-0.416125 -0.503894 0.756922 0.908131 -0.272633 0.317758 0.0462454 0.819611 0.57105 110.125 60.6386 480.668 
-0.451422 -0.550352 0.702376 0.89228 -0.284952 0.350198 0.00741159 0.784803 0.619701 109.831 60.5051 480.662 
-0.449335 -0.602578 0.659544 0.89146 -0.350602 0.287014 0.0582891 0.716923 0.694711 109.874 60.6089 480.583 
-0.439857 -0.51272 0.737322 0.895719 -0.30981 0.318913 0.064917 0.80071 0.595524 110.011 60.3879 480.578 
-0.46299 -0.530608 0.709997 0.886345 -0.282318 0.366999 0.00571244 0.799219 0.601012 109.889 60.4688 480.582 
-0.462922 -0.561984 0.685476 0.886385 -0.2892 0.361503 -0.00491923 0.774943 0.632011 110.057 60.3422 480.558 
-0.448843 -0.541041 0.711207 0.89164 -0.323987 0.316246 0.0593197 0.776085 0.627832 109.946 60.4057 480.736 
-0.455808 -0.550738 0.699233 0.887554 -0.340352 0.310497 0.0669827 0.762134 0.643944 109.676 60.3703 480.711 
-0.433317 -0.550016 0.713946 0.873287 -0.452018 0.181797 0.222725 0.702255 0.676188 109.496 60.4852 480.722 
-0.483902 -0.51254 0.709325 0.870591 -0.364318 0.330671 0.0889382 0.777544 0.622506 109.857 60.6234 480.517 
-0.49253 -0.522845 0.695735 0.865477 -0.378263 0.32843 0.0914523 0.763905 0.638815 109.71 60.3539 480.65 
-0.504681 -0.55812 0.658635 0.858361 -0.405944 0.313728 0.0922709 0.723679 0.68394 109.981 60.4037 480.751 
-0.487079 -0.575868 0.656605 0.868191 -0.400928 0.292406 0.094864 0.712483 0.695246 109.837 60.4135 480.388 
-0.501823 -0.64557 0.575686 0.863149 -0.416917 0.284875 0.0561066 0.639859 0.766441 109.946 60.2053 480.56 
-0.510871 -0.672881 0.535016 0.859218 -0.419573 0.292751 0.0274915 0.609253 0.792498 109.986 60.4424 480.642 
-0.514381 -0.645079 0.565054 0.855239 -0.434349 0.28268 0.0630799 0.628661 0.775116 110.059 60.459 480.62 
-0.519356 -0.604673 0.603855 0.852651 -0.41385 0.318927 0.0570586 0.680514 0.730509 110.07 60.4187 480.616 
-0.514548 -0.618576 0.593805 0.85524 -0.420053 0.303513 0.0616835 0.664018 0.745168 110.056 60.4446 480.554 
-0.514474 -0.600939 0.61171 0.855632 -0.406884 0.319904 0.0566523 0.687981 0.723513 109.945 60.329 480.479 
-0.51899 -0.594338 0.614339 0.854483 -0.379677 0.354546 0.0225305 0.708948 0.7049 109.681 60.6138 480.492 
-0.473634 -0.614661 0.630764 0.875251 -0.408205 0.259432 0.0980183 0.674952 0.731321 109.731 60.4125 480.549 
-0.513434 -0.657922 0.55093 0.858123 -0.395999 0.326816 0.00314803 0.640564 0.767897 110.077 60.366 480.542 
-0.511053 -0.658883 0.551995 0.858628 -0.421049 0.292361 0.039785 0.62337 0.780913 110.321 60.4742 480.583 
-0.503893 -0.665403 0.550756 0.862764 -0.418437 0.283811 0.0416079 0.618182 0.784932 109.979 60.5999 480.584 
-0.499111 -0.651183 0.571707 0.866293 -0.390642 0.311343 0.0205917 0.650661 0.759089 110.025 60.3823 480.623 
-0.508505 -0.676895 0.5322 0.85914 -0.440097 0.261138 0.0574568 0.590024 0.805338 109.721 60.0416 480.677 
-0.510418 -0.662911 0.547744 0.857691 -0.438359 0.268715 0.0619743 0.606952 0.792318 109.858 60.0927 480.678 
-0.512474 -0.657306 0.552557 0.856924 -0.432867 0.279835 0.0552462 0.616907 0.785094 109.717 60.2399 480.739 
-0.50372 -0.710561 0.491294 0.862382 -0.446941 0.237781 0.050622 0.543458 0.837908 109.925 60.3364 480.764 
-0.499727 -0.756574 0.421745 0.865631 -0.41883 0.274343 -0.0309217 0.502172 0.864214 109.739 60.314 480.636 
-0.486273 -0.737777 0.468214 0.870891 -0.452943 0.190767 0.071331 0.500527 0.862776 109.845 60.1902 480.702 
