Lower Arm R
1 1 1 1
-1116.29 -222.503 1034.42
-1116.29 -222.503 1034.42
-1116.29 -222.503 1034.42
-3.40282e+38 3.40282e+38
-3.40282e+38 3.40282e+38
-3.40282e+38 3.40282e+38

RFing.0_Hand
0 1 1 1
1 -1.64185e-09 -2.83117e-07
5.45577e-07 -0.169629 0.985508
1.29851e-07 0.985508 0.169628
-3 3
-10 1
-2 8

RFing.0_0
0 1 1 1
1 3.86041e-07 4.25777e-07
4.717e-07 -0.141628 0.98992
-7.44642e-08 0.98992 0.141629
-5 5
-95 20
-15 30

RFing.0_1
0 0 1 0
1 -8.90189e-08 1.57979e-07
6.18992e-08 -0.0899474 0.995948
9.16809e-07 0.995947 0.0899471
-0 0
-95 10
-0 0

RFing.0_2
0 0 1 0
1 4.11626e-07 -1.45264e-07
-4.47647e-07 -0.0902946 0.995916
-2.90697e-07 0.995914 0.090295
-0 0
-90 5
-0 0

RFing.1_Hand
0 0 1 1
1 1.07996e-07 -4.45809e-07
5.21858e-07 0.0405689 0.999178
-3.70573e-07 0.999179 -0.0405687
-0 0
-5 5
-1 1

RFing.1_0
0 1 1 1
1 -2.86433e-07 -3.43792e-07
-7.25793e-07 0.0700941 0.99754
-5.60993e-08 0.997541 -0.0700937
-5 5
-90 10
-15 15

RFing.1_1
0 0 1 0
1 -4.47185e-07 -2.01435e-07
3.02269e-07 0.0882617 0.996097
4.10481e-07 0.996097 -0.0882621
-0 0
-95 10
-0 0

RFing.1_2
0 0 1 0
1 -1.0747e-07 -3.6156e-07
-1.70872e-07 0.133014 0.991114
-3.05219e-07 0.991113 -0.133014
-0 0
-90 5
-0 0

RFing.2_Hand
0 0 0 0
1 -2.95518e-07 1.40654e-08
6.93871e-07 0.0905495 0.995892
6.42648e-07 0.995892 -0.0905492
-0 0
-0 0
-0 0

RFing.2_0
0 1 1 1
1 -4.16341e-07 -2.18574e-07
1.94157e-08 0.168362 0.985725
5.22002e-07 0.985725 -0.168362
-5 5
-90 10
-10 10

RFing.2_1
0 0 1 0
1 2.77985e-07 -3.26423e-07
-9.96382e-07 0.194555 0.980892
-7.42393e-07 0.980891 -0.194556
-0 0
-95 10
-0 0

RFing.2_2
0 0 1 0
1 -6.61999e-08 3.96281e-07
-4.37831e-07 0.202501 0.979283
1.96603e-08 0.979283 -0.202501
-0 0
-90 5
-0 0

RFing.3_Hand
0 0 0 0
1 -3.74058e-07 3.79201e-07
-8.99574e-08 0.154983 0.987917
3.32095e-07 0.987917 -0.154982
-0 0
-0 0
-0 0

RFing.3_0
0 1 1 1
1 7.07646e-08 -1.09416e-09
-1.16968e-08 0.221037 0.975265
-2.17297e-07 0.975266 -0.221038
-5 5
-90 15
-20 10

RFing.3_1
0 0 1 0
1 -1.19313e-07 -3.11544e-07
6.04654e-07 0.224378 0.974502
-4.69697e-07 0.974502 -0.224378
-0 0
-95 10
-0 0

RFing.3_2
0 0 1 0
1 2.90015e-07 6.62246e-08
-2.95569e-07 0.22044 0.9754
-8.00806e-07 0.9754 -0.22044
-0 0
-90 5
-0 0

RFing.4_Hand
0 0 1 1
1 1.34742e-07 1.58465e-07
-2.6321e-07 0.999849 -0.017409
-2.60283e-07 -0.0174093 -0.99985
-0 0
-15 30
-20 30

RFing.4_0
0 1 1 1
1 -2.27568e-07 2.36795e-08
9.00174e-07 0.996112 0.0880987
-5.79076e-07 0.088099 -0.996112
-15 15
-40 10
-10 15

RFing.4_1
0 0 1 0
1 2.39684e-07 -1.04097e-07
-1.58906e-07 0.999452 -0.033106
4.69787e-07 -0.0331063 -0.999451
-0 0
-90 10
-0 0

