Lower Arm L
-0.305218 -0.320392 -0.896767 0.320392 0.852254 -0.413536 0.896767 -0.413536 -0.157472 11.677 7.89292 -70.5016 
-0.9071 0.18686 -0.377165 0.164966 -0.666548 -0.726981 -0.387242 -0.721664 0.5738 230.534 94.0428 633.205 
-0.902171 0.187744 -0.388382 0.168476 -0.675477 -0.717878 -0.397119 -0.713081 0.577766 229.948 93.8707 634.227 
-0.900722 0.187895 -0.391658 0.164308 -0.687267 -0.70758 -0.402123 -0.701685 0.588164 229.716 93.9332 635.048 
-0.901801 0.180181 -0.392799 0.165395 -0.695832 -0.698902 -0.39925 -0.695237 0.597701 228.866 93.9559 635.042 
-0.902223 0.179637 -0.392078 0.159589 -0.705526 -0.690482 -0.400656 -0.68554 0.607874 228.682 94.3112 635.184 
-0.896869 0.180686 -0.403708 0.167886 -0.705371 -0.688671 -0.409196 -0.685424 0.602291 227.699 94.1546 635.819 
-0.899008 0.170536 -0.403365 0.170858 -0.711492 -0.681608 -0.403229 -0.681688 0.610499 227.388 94.2639 635.175 
-0.89904 0.177254 -0.400388 0.167265 -0.706033 -0.688144 -0.404662 -0.685639 0.605103 227.232 95.7575 634.546 
-0.896184 0.173573 -0.408323 0.176067 -0.705613 -0.686377 -0.407253 -0.687011 0.601799 226.213 95.3093 634.196 
-0.897108 0.178292 -0.40424 0.16699 -0.710255 -0.683853 -0.409038 -0.680994 0.607402 226.058 95.5146 633.584 
-0.895141 0.181642 -0.407101 0.166206 -0.711387 -0.682866 -0.413642 -0.678923 0.606601 226.101 94.6587 632.859 
-0.896292 0.183562 -0.403691 0.16021 -0.714802 -0.680729 -0.413515 -0.674807 0.611263 225.789 94.2757 631.372 
-0.897099 0.176745 -0.404938 0.159537 -0.725092 -0.669919 -0.412022 -0.665586 0.622282 225.281 93.1425 629.95 
-0.896144 0.167306 -0.411018 0.163372 -0.736774 -0.656106 -0.412597 -0.655114 0.632923 224.178 91.8052 628.662 
-0.898413 0.160505 -0.408772 0.159514 -0.747975 -0.644275 -0.40916 -0.644029 0.646387 223.188 91.6903 626.823 
-0.896736 0.14744 -0.417285 0.157934 -0.774186 -0.612939 -0.413427 -0.615548 0.670955 222.593 89.1861 626.622 
-0.898033 0.145385 -0.415212 0.149455 -0.786861 -0.598761 -0.413764 -0.599762 0.684899 221.425 89.5356 625.228 
-0.902186 0.136552 -0.409164 0.139365 -0.805421 -0.576088 -0.408214 -0.576761 0.707609 220.502 89.0849 623.921 
-0.901494 0.111375 -0.418218 0.146864 -0.830262 -0.537678 -0.407114 -0.546134 0.732119 216.894 86.8767 623.479 
-0.906339 0.0989111 -0.410814 0.144931 -0.840478 -0.522106 -0.396921 -0.532744 0.747422 212.811 86.8012 621.799 
-0.909641 0.093418 -0.404756 0.138919 -0.849871 -0.508353 -0.391479 -0.518646 0.7601 209.325 86.2786 620.343 
-0.906534 0.093085 -0.411744 0.132914 -0.862836 -0.487699 -0.400664 -0.496842 0.769817 206.762 84.5156 620.472 
-0.908893 0.0792212 -0.409436 0.130221 -0.878786 -0.459107 -0.396177 -0.470596 0.788407 203.24 83.1271 619.14 
-0.908672 0.0661299 -0.412242 0.132054 -0.891168 -0.434031 -0.396079 -0.44883 0.801046 200.695 79.8592 619.148 
-0.912761 0.0776853 -0.40104 0.123756 -0.883026 -0.452715 -0.389298 -0.462851 0.796378 197.374 80.2678 616.418 
-0.910979 0.0704931 -0.406385 0.127058 -0.88941 -0.439099 -0.392396 -0.451644 0.801277 193.908 78.1992 615.682 
-0.911637 0.0496689 -0.407985 0.127991 -0.909001 -0.396657 -0.39056 -0.413825 0.822322 192.423 73.712 616.362 
-0.914376 0.0628632 -0.399958 0.123454 -0.897537 -0.423306 -0.385587 -0.436437 0.812925 188.163 75.2732 613.235 
-0.918483 0.0627667 -0.39045 0.123746 -0.892127 -0.434509 -0.375603 -0.447405 0.811636 185.122 74.8357 611.072 
-0.919998 0.0570631 -0.387748 0.126029 -0.893726 -0.430548 -0.371109 -0.444971 0.815035 181.582 73.9643 609.969 
-0.92063 0.0507722 -0.387122 0.129634 -0.895515 -0.425734 -0.368288 -0.442127 0.817856 178.778 72.7653 609.087 
-0.923927 0.0406524 -0.380404 0.134814 -0.895959 -0.423183 -0.358029 -0.442274 0.82232 174.354 72.7354 607.143 
-0.923 0.0388881 -0.382831 0.134841 -0.899114 -0.41643 -0.360402 -0.435986 0.824638 172.609 71.3761 606.778 
-0.919594 0.0339168 -0.391404 0.140641 -0.901824 -0.408578 -0.366834 -0.430773 0.824542 169.484 69.8116 606.475 
-0.913969 0.0141671 -0.405538 0.160577 -0.905187 -0.393514 -0.372662 -0.424779 0.825038 166.083 68.3488 605.478 
-0.904936 -0.00711319 -0.425489 0.183549 -0.908597 -0.375184 -0.383928 -0.417615 0.823528 162.458 65.5586 605.628 
-0.901185 -0.0248732 -0.432723 0.192164 -0.917802 -0.347441 -0.388511 -0.396262 0.831888 159.046 63.8153 605.371 
-0.900741 -0.033383 -0.433073 0.191669 -0.92527 -0.327323 -0.389782 -0.37784 0.839827 156.394 62.2332 605.06 
-0.905885 -0.0266613 -0.422685 0.188528 -0.919071 -0.346074 -0.37925 -0.393191 0.837599 151.917 63.689 602.479 
-0.906628 -0.019798 -0.421468 0.187978 -0.913243 -0.361461 -0.377746 -0.406937 0.831692 149.058 62.2836 602.037 
-0.909487 -0.0296307 -0.414677 0.184477 -0.922644 -0.338672 -0.372564 -0.384516 0.844598 147.751 59.2847 602.808 
-0.912591 -0.0215112 -0.408309 0.170255 -0.927917 -0.33164 -0.371742 -0.372168 0.850471 145.816 58.3749 602.768 
-0.911967 -0.022187 -0.409666 0.167741 -0.931428 -0.322965 -0.374408 -0.363251 0.853153 143.893 56.3275 602.988 
-0.911964 -0.015776 -0.409968 0.164314 -0.929665 -0.329736 -0.37593 -0.368071 0.850413 141.43 55.6969 602.055 
-0.910956 -0.0102933 -0.412376 0.164991 -0.925335 -0.341373 -0.378071 -0.379014 0.844637 138.507 55.4222 600.973 
-0.910859 -0.00609858 -0.412674 0.160204 -0.926714 -0.339908 -0.380357 -0.37572 0.845083 137.901 53.9408 600.885 
-0.912068 -0.00161469 -0.410038 0.16347 -0.918522 -0.359996 -0.376047 -0.395369 0.838018 135.564 53.9934 599.064 
-0.909811 -0.00885778 -0.414931 0.165817 -0.924269 -0.343852 -0.380461 -0.381643 0.842378 135.232 51.229 599.896 
-0.90973 -0.00701566 -0.415143 0.161617 -0.926987 -0.338493 -0.382457 -0.375031 0.844441 134.19 50.3275 599.84 
-0.907961 -0.00811905 -0.418977 0.161767 -0.929107 -0.332557 -0.386574 -0.369725 0.844906 133.808 48.7428 600.046 
-0.906352 -0.0129625 -0.422326 0.164721 -0.931287 -0.32492 -0.389094 -0.364057 0.846209 132.863 47.5152 600.098 
-0.905502 -0.0196908 -0.423887 0.165767 -0.935966 -0.31063 -0.390626 -0.351543 0.850783 132.201 46.3002 600.277 
-0.903919 -0.0160334 -0.427404 0.164605 -0.93537 -0.313034 -0.394761 -0.35331 0.848138 131.969 45.1561 600.491 
-0.903026 -0.00914195 -0.42949 0.159703 -0.935265 -0.315875 -0.398799 -0.353834 0.846028 132.12 44.6664 600.314 
-0.904743 -0.00621804 -0.425913 0.155078 -0.936083 -0.315756 -0.396726 -0.351728 0.847879 131.656 43.3091 599.395 
-0.906382 -0.0042828 -0.42244 0.147702 -0.940056 -0.307376 -0.3958 -0.340995 0.852682 131.71 42.1222 599.53 
-0.903502 -0.0044814 -0.428563 0.14882 -0.941009 -0.303904 -0.401919 -0.338356 0.850869 130.988 40.8965 599.425 
-0.904751 -0.00270942 -0.425933 0.139936 -0.946366 -0.291225 -0.402299 -0.323089 0.856604 131.154 40.0375 599.594 
-0.905367 -0.0013658 -0.424629 0.136472 -0.947879 -0.287927 -0.402103 -0.318629 0.858365 131.054 39.642 599.322 
-0.902717 9.77974e-05 -0.430236 0.138844 -0.946431 -0.291534 -0.407217 -0.322908 0.854346 131.132 39.3142 599.214 
-0.902454 0.00203302 -0.430782 0.13443 -0.948725 -0.286096 -0.409275 -0.316099 0.855907 131.843 39.6341 599.443 
-0.901284 -0.00695285 -0.433174 0.14192 -0.94944 -0.280044 -0.409325 -0.313875 0.856701 131.414 39.1302 599.696 
-0.901481 -0.00648446 -0.432772 0.141477 -0.949379 -0.280475 -0.409045 -0.31407 0.856764 131.451 39.1902 599.926 
-0.902052 -0.00776775 -0.431559 0.141391 -0.949991 -0.278437 -0.407814 -0.312183 0.858039 131.056 39.2133 599.901 
-0.903621 -0.00368989 -0.428319 0.136589 -0.950242 -0.279973 -0.405973 -0.311493 0.859163 131.651 38.8151 600.088 
-0.902854 -0.00551292 -0.429912 0.139752 -0.949385 -0.281316 -0.406601 -0.314068 0.857927 130.993 38.0204 600.278 
-0.905975 -0.000370724 -0.423332 0.132596 -0.94993 -0.282937 -0.40203 -0.312466 0.860662 130.994 37.5541 600.157 
-0.906449 0.00670652 -0.422263 0.127324 -0.949011 -0.288391 -0.402666 -0.315176 0.859376 131.297 37.3712 600.039 
-0.907107 0.000168294 -0.420902 0.129736 -0.951201 -0.279978 -0.400409 -0.308576 0.862818 130.472 36.2415 599.95 
-0.908462 0.00147449 -0.417966 0.130097 -0.949323 -0.286117 -0.397206 -0.314302 0.862232 130.149 35.3849 599.205 
-0.905103 0.00468781 -0.425169 0.129866 -0.949112 -0.286922 -0.404877 -0.314908 0.858434 130.284 33.6601 599.76 
-0.907773 -0.00330629 -0.419449 0.130197 -0.952802 -0.274261 -0.398745 -0.303578 0.865358 129.853 32.2894 599.399 
-0.908036 0.00628163 -0.418846 0.12067 -0.953581 -0.275906 -0.401137 -0.301075 0.865128 130.814 31.0195 599.487 
-0.908457 0.011987 -0.417807 0.112969 -0.955347 -0.273041 -0.402423 -0.295245 0.866538 131.364 30.2306 599.196 
-0.909912 0.00911572 -0.414702 0.114421 -0.955456 -0.272054 -0.398709 -0.294996 0.868338 130.276 29.4971 598.291 
-0.907878 0.015761 -0.418938 0.109589 -0.955627 -0.273439 -0.404658 -0.29416 0.865866 131.724 28.3326 598.566 
-0.908596 0.0116181 -0.417516 0.109156 -0.95827 -0.264208 -0.403162 -0.285633 0.869412 131.945 27.576 598.32 
-0.906627 0.00557489 -0.421899 0.115652 -0.958336 -0.261189 -0.405776 -0.285594 0.868207 131.939 26.5442 598.172 
-0.907046 0.0189561 -0.420606 0.106343 -0.956282 -0.272428 -0.407381 -0.291833 0.865376 133.058 26.4673 598.021 
-0.907738 0.0230405 -0.418906 0.101212 -0.956975 -0.271952 -0.407147 -0.289259 0.86635 133.631 26.5399 597.999 
-0.908333 0.0241121 -0.417553 0.0989208 -0.957629 -0.270487 -0.406382 -0.286997 0.867461 134.004 26.6718 598.009 
-0.90972 0.0184021 -0.414816 0.10202 -0.958489 -0.266256 -0.402495 -0.284538 0.870079 133.699 26.2477 598.201 
-0.909805 0.0212605 -0.414493 0.102006 -0.956601 -0.272966 -0.402307 -0.290626 0.868152 134.213 26.6385 598.5 
-0.913191 0.0182307 -0.407125 0.0967434 -0.960746 -0.260017 -0.395883 -0.276832 0.875581 134.353 27.1616 598.626 
-0.914921 0.0185696 -0.403207 0.0915644 -0.963351 -0.252135 -0.393112 -0.267602 0.87969 134.184 27.8706 598.596 
-0.91247 0.0219731 -0.408555 0.0920027 -0.961966 -0.257214 -0.398667 -0.272288 0.875743 134.52 27.6938 598.815 
-0.91152 0.022724 -0.410629 0.090918 -0.962634 -0.255091 -0.401082 -0.269854 0.875394 134.343 28.0265 598.617 
-0.911095 0.0272804 -0.411294 0.0875949 -0.962205 -0.257859 -0.402783 -0.270961 0.87427 134.501 27.7701 598.105 
-0.910209 0.0262498 -0.413318 0.0912085 -0.960783 -0.261877 -0.403983 -0.27606 0.872119 134.394 27.3817 597.4 
-0.909542 0.0204395 -0.415111 0.0939298 -0.96284 -0.253215 -0.404861 -0.2693 0.873823 134.27 26.8355 597.293 
-0.909345 0.0280089 -0.415101 0.0905941 -0.960461 -0.263265 -0.406062 -0.277004 0.870853 134.894 26.8318 596.821 
-0.908393 0.0409926 -0.416105 0.0862105 -0.955438 -0.282327 -0.409135 -0.292337 0.864378 136.012 26.7876 596.461 
-0.909474 0.036701 -0.41414 0.0851144 -0.958566 -0.271862 -0.406957 -0.2825 0.868666 136.123 26.7605 596.157 
-0.909053 0.0441365 -0.414337 0.0798954 -0.957462 -0.27728 -0.40895 -0.285166 0.866858 136.949 26.6535 595.825 
-0.906521 0.0459182 -0.419658 0.0810115 -0.956673 -0.279671 -0.414317 -0.287525 0.863523 137.244 25.9041 595.849 
-0.905108 0.0439176 -0.422909 0.0799 -0.959364 -0.270627 -0.417608 -0.278736 0.864819 137.033 25.869 595.676 
-0.90573 0.0464919 -0.421298 0.0793275 -0.957811 -0.276239 -0.416366 -0.283618 0.86383 137.298 25.3542 595.346 
-0.906638 0.0414609 -0.419869 0.0810058 -0.959541 -0.269669 -0.414062 -0.278503 0.866597 137.322 25.1079 595.091 
-0.905278 0.0545862 -0.421299 0.0737094 -0.956488 -0.282312 -0.418377 -0.286624 0.861864 138.775 24.8975 595.277 
-0.906031 0.052975 -0.419883 0.0750586 -0.956294 -0.282612 -0.416503 -0.287571 0.862456 138.806 25.1988 594.652 
-0.904225 0.0558201 -0.423395 0.0748533 -0.955359 -0.285813 -0.420447 -0.290131 0.85968 138.601 24.8357 594.819 
-0.903186 0.0532438 -0.425935 0.0773394 -0.955855 -0.283481 -0.422225 -0.288977 0.859197 138.407 24.9419 594.828 
-0.906238 0.053389 -0.419384 0.0764491 -0.954947 -0.286763 -0.415799 -0.291937 0.861328 138.982 25.0185 594.536 
-0.906853 0.0454184 -0.418994 0.0822871 -0.955962 -0.281722 -0.413337 -0.289958 0.86318 138.876 24.7682 594.692 
-0.908144 0.0467729 -0.416039 0.0805959 -0.955622 -0.28336 -0.410829 -0.290863 0.864072 138.857 25.0496 594.63 
-0.908181 0.0489662 -0.415705 0.0782179 -0.955789 -0.283462 -0.411206 -0.28995 0.864199 138.788 25.3518 595.048 
-0.909208 0.042379 -0.414182 0.0860154 -0.954226 -0.286454 -0.407362 -0.296072 0.863944 138.811 25.5242 595.074 
-0.9103 0.0401412 -0.411999 0.0872307 -0.954338 -0.285713 -0.404655 -0.296023 0.865232 138.738 25.9208 595.554 
-0.911124 0.0342938 -0.410706 0.0902161 -0.955769 -0.279943 -0.402139 -0.292114 0.86773 137.998 26.4178 595.88 
-0.911863 0.0248269 -0.409745 0.0950374 -0.958283 -0.269561 -0.399344 -0.284744 0.871463 137.194 26.4449 596.449 
-0.912778 0.024589 -0.407716 0.0958978 -0.957386 -0.272429 -0.39704 -0.287766 0.871523 137.023 26.524 596.626 
-0.913156 0.026954 -0.406721 0.0942241 -0.956829 -0.274957 -0.396573 -0.289401 0.871194 136.96 26.4817 596.828 
-0.915018 0.0280673 -0.402436 0.0909079 -0.957573 -0.273479 -0.393037 -0.286823 0.873645 135.833 26.7183 596.561 
-0.913553 0.0348262 -0.405226 0.0874667 -0.956194 -0.279363 -0.397204 -0.290657 0.870488 136.609 25.5656 596.99 
-0.914298 0.0401027 -0.403054 0.0827164 -0.955631 -0.282717 -0.396508 -0.291826 0.870414 136.872 24.5858 596.839 
-0.914253 0.0475654 -0.402344 0.075897 -0.955397 -0.285407 -0.397974 -0.291471 0.869864 136.868 23.4095 596.758 
-0.915158 0.055154 -0.399305 0.0692162 -0.954382 -0.290457 -0.397109 -0.293452 0.869593 136.483 23.0352 596.121 
-0.914449 0.0525014 -0.401283 0.0675661 -0.957829 -0.279285 -0.399022 -0.282505 0.872338 136.23 21.386 596.569 
-0.915898 0.0535112 -0.397829 0.0593182 -0.962153 -0.26598 -0.397005 -0.267209 0.87806 136.177 20.5385 596.602 
-0.91542 0.0573639 -0.398393 0.0587478 -0.960152 -0.273238 -0.398191 -0.273532 0.875572 136.26 19.6747 596.197 
-0.914343 0.0617336 -0.400209 0.0561571 -0.959432 -0.276293 -0.40103 -0.275101 0.873783 135.568 18.6939 596.201 
-0.91599 0.0601425 -0.396669 0.0547517 -0.960713 -0.272093 -0.397449 -0.270953 0.87671 134.704 18.2815 595.788 
-0.915128 0.0518802 -0.399812 0.0604407 -0.962826 -0.263278 -0.398608 -0.265098 0.877973 134.408 16.5338 596.374 
-0.915575 0.0641757 -0.396995 0.0511881 -0.960559 -0.273328 -0.398878 -0.270574 0.876178 134.63 16.3651 596.223 
-0.916235 0.0707904 -0.394338 0.0450203 -0.959842 -0.276909 -0.398104 -0.271467 0.876254 136.056 15.8462 596.49 
-0.917016 0.0730428 -0.392107 0.0424722 -0.959617 -0.278087 -0.396584 -0.271664 0.876882 135.736 15.1918 596.564 
-0.918247 0.0701007 -0.389756 0.0426049 -0.961009 -0.273218 -0.393711 -0.267487 0.879457 135.497 14.4405 596.788 
-0.919417 0.0683047 -0.387309 0.0402095 -0.963318 -0.265337 -0.391225 -0.259529 0.882944 135.398 13.6488 597.046 
-0.92004 0.0750692 -0.384566 0.0337984 -0.962614 -0.268764 -0.390364 -0.260271 0.883106 135.663 13.4518 597.046 
-0.918835 0.0732573 -0.387785 0.0334833 -0.964607 -0.26156 -0.393221 -0.253315 0.883861 135.457 13.2264 597.866 
-0.920175 0.0719617 -0.384838 0.035561 -0.963538 -0.2652 -0.38989 -0.257716 0.884065 135.582 13.0072 597.824 
-0.922257 0.0683644 -0.380485 0.0357885 -0.964914 -0.260118 -0.384918 -0.253513 0.887452 135.026 13.4605 598.044 
-0.921666 0.0643317 -0.382616 0.0399908 -0.965155 -0.258607 -0.38592 -0.25365 0.886978 134.46 13.8295 598.608 
-0.924304 0.0607805 -0.376787 0.0405324 -0.966023 -0.255261 -0.379499 -0.25121 0.890436 133.881 14.3511 598.554 
-0.924673 0.0690276 -0.374454 0.0292334 -0.967659 -0.250567 -0.379639 -0.242639 0.89275 134.001 15.8044 599.367 
-0.925795 0.0707596 -0.371345 0.0271676 -0.967333 -0.252053 -0.377049 -0.243438 0.89363 134.301 15.9825 599.689 
-0.925917 0.0596548 -0.372987 0.0383536 -0.9675 -0.249948 -0.375776 -0.245736 0.893537 133.616 15.6928 599.877 
-0.926816 0.0678281 -0.36934 0.0293482 -0.967461 -0.251315 -0.374368 -0.243762 0.894668 133.585 17.3231 600.141 
-0.925963 0.0637002 -0.372205 0.0322064 -0.968757 -0.245916 -0.376241 -0.239696 0.894981 133.619 17.2774 600.53 
-0.925653 0.0634987 -0.373008 0.0315815 -0.969413 -0.243397 -0.377054 -0.237081 0.895335 133.585 17.1685 600.368 
-0.925434 0.066263 -0.373073 0.0282757 -0.96977 -0.242383 -0.377855 -0.234858 0.895583 134.48 17.2479 599.802 
-0.920791 0.0755318 -0.382674 0.0259361 -0.967046 -0.25328 -0.389194 -0.243143 0.888489 134.801 16.6193 599.829 
-0.923467 0.0740557 -0.376466 0.0255963 -0.967121 -0.25303 -0.382826 -0.243301 0.891208 135.504 16.3488 598.562 
-0.922279 0.0728533 -0.3796 0.0294087 -0.966006 -0.256846 -0.385407 -0.248047 0.888784 135.85 15.2894 598.223 
-0.921266 0.0681682 -0.382915 0.0333312 -0.967063 -0.252351 -0.387505 -0.245245 0.888649 136.323 14.9434 597.836 
-0.920108 0.0719227 -0.385006 0.0341137 -0.964544 -0.26171 -0.390178 -0.253935 0.885031 136.536 14.5672 597.33 
-0.922168 0.0654411 -0.381215 0.0339788 -0.968068 -0.248376 -0.385295 -0.241998 0.890498 136.444 14.5297 596.991 
-0.920486 0.0672733 -0.384943 0.0343882 -0.967305 -0.251276 -0.389261 -0.244533 0.888077 136.286 14.1574 596.9 
-0.920628 0.0702619 -0.384067 0.0325884 -0.966416 -0.254911 -0.389079 -0.247195 0.88742 136.541 14.302 596.573 
-0.919338 0.0727868 -0.38668 0.0342002 -0.964241 -0.262814 -0.391981 -0.254839 0.883974 136.752 13.8492 596.478 
-0.919407 0.0730668 -0.386461 0.0343763 -0.963905 -0.264022 -0.391803 -0.256029 0.883709 136.134 13.9711 596.171 
-0.91837 0.0736763 -0.388806 0.0364284 -0.962606 -0.26845 -0.394045 -0.2607 0.881343 136.287 13.7668 596.236 
-0.917378 0.074459 -0.390993 0.0391923 -0.960675 -0.2749 -0.396085 -0.267511 0.878383 136.078 13.9028 596.159 
-0.918106 0.0770359 -0.388777 0.0324374 -0.963034 -0.267424 -0.395006 -0.258134 0.881668 136.387 14.3998 596.516 
-0.918862 0.0762903 -0.387135 0.031371 -0.963902 -0.264407 -0.393331 -0.255098 0.883299 136.608 14.5073 596.67 
-0.918548 0.0736002 -0.388398 0.034095 -0.964105 -0.263326 -0.393837 -0.25512 0.883068 136.661 14.4157 596.704 
-0.920457 0.0743394 -0.38371 0.0289955 -0.966053 -0.256715 -0.389768 -0.247421 0.887055 136.744 14.5392 596.955 
-0.919551 0.0695943 -0.38676 0.0340149 -0.966405 -0.254767 -0.391497 -0.247427 0.886291 136.346 14.3516 597.187 
-0.919411 0.0723132 -0.386594 0.0335026 -0.964981 -0.260176 -0.39187 -0.25216 0.884791 137.134 14.8227 597.477 
-0.918882 0.0668173 -0.388834 0.038111 -0.965915 -0.256043 -0.392688 -0.250092 0.885015 136.472 15.4829 597.604 
-0.922178 0.0574869 -0.382472 0.0433653 -0.96729 -0.249943 -0.384329 -0.247078 0.88952 136.25 15.9571 597.61 
-0.92426 0.059785 -0.377055 0.0384694 -0.968051 -0.247789 -0.379822 -0.243526 0.892431 136.706 16.761 598.25 
-0.923506 0.0571978 -0.379298 0.0423344 -0.967583 -0.248983 -0.381243 -0.245995 0.891147 136.382 17.2474 598.733 
-0.922589 0.0536798 -0.382033 0.0433087 -0.969603 -0.240825 -0.383347 -0.238728 0.89222 136.259 17.3042 599.622 
-0.925585 0.0547156 -0.374566 0.0394434 -0.970173 -0.239186 -0.376481 -0.236161 0.895819 136.546 17.5205 599.845 
-0.92677 0.0542816 -0.371688 0.038924 -0.9703 -0.238755 -0.373608 -0.235738 0.897132 136.175 17.1797 599.626 
-0.924746 0.0632906 -0.375288 0.0301927 -0.970769 -0.238112 -0.379387 -0.231523 0.895804 136.396 17.2983 599.922 
-0.925065 0.0706865 -0.373176 0.0292713 -0.96634 -0.255601 -0.378682 -0.247371 0.891858 136.716 16.2962 599.397 
-0.924499 0.0712542 -0.374466 0.0293181 -0.966173 -0.256225 -0.380056 -0.247858 0.891137 136.241 15.3841 598.952 
-0.926948 0.0745896 -0.367702 0.0205358 -0.968485 -0.248227 -0.374629 -0.237645 0.896203 136.47 15.3643 598.296 
-0.926425 0.0744762 -0.369041 0.0207236 -0.968665 -0.247508 -0.37591 -0.236945 0.895852 136.345 14.6432 598.148 
-0.927222 0.0705237 -0.367814 0.0191744 -0.971884 -0.234681 -0.374023 -0.224653 0.8998 136.574 13.8503 598.389 
-0.92466 0.0717188 -0.373982 0.0240153 -0.969168 -0.245233 -0.380038 -0.235738 0.894428 136.663 12.9516 598.434 
-0.924996 0.0717232 -0.373149 0.0247392 -0.968575 -0.247494 -0.379173 -0.238162 0.894153 136.813 11.9479 598.422 
-0.924362 0.0705604 -0.374936 0.0237846 -0.970181 -0.241217 -0.380775 -0.23189 0.89512 136.865 11.4117 598.522 
-0.923991 0.0766652 -0.374651 0.0181749 -0.969789 -0.243271 -0.381983 -0.231589 0.894683 137.209 11.435 598.119 
-0.924736 0.0770276 -0.372735 0.0150474 -0.971144 -0.238022 -0.380313 -0.225716 0.896893 137.51 11.1837 597.964 
-0.92451 0.0771404 -0.373273 0.0137935 -0.971895 -0.235012 -0.38091 -0.22242 0.897462 137.426 11.1567 597.893 
-0.925442 0.0762674 -0.371135 0.0137847 -0.972107 -0.234136 -0.37864 -0.221795 0.898577 137.842 11.073 597.758 
-0.924591 0.0716829 -0.374158 0.0205891 -0.971302 -0.236962 -0.380406 -0.226796 0.896581 137.576 11.0451 597.941 
-0.92549 0.0712143 -0.372019 0.0209211 -0.971058 -0.237931 -0.378195 -0.227985 0.897214 137.926 11.4871 598.255 
-0.927439 0.0658001 -0.368142 0.0244795 -0.971609 -0.235328 -0.373174 -0.227264 0.899496 137.855 12.3912 598.249 
-0.928183 0.0601911 -0.367226 0.0275333 -0.97302 -0.229075 -0.371106 -0.222734 0.901483 137.77 12.8489 598.705 
-0.929124 0.0601168 -0.36485 0.028966 -0.971832 -0.233892 -0.368634 -0.227883 0.901211 137.667 13.4069 598.915 
-0.926945 0.0619886 -0.370042 0.0292542 -0.971316 -0.235992 -0.374055 -0.229576 0.898543 137.722 14.3505 599.891 
-0.931695 0.0600807 -0.35824 0.0296194 -0.970378 -0.239773 -0.362034 -0.234006 0.902316 137.564 14.6749 599.457 
-0.932485 0.0586867 -0.356411 0.0332604 -0.968572 -0.246503 -0.359676 -0.241714 0.901227 137.141 14.9661 599.196 
-0.931657 0.0642367 -0.357618 0.0337124 -0.964721 -0.261111 -0.361774 -0.255322 0.896623 137.554 15.8612 599.646 
-0.932256 0.056675 -0.357335 0.0384943 -0.966513 -0.253719 -0.359747 -0.250287 0.898855 137.597 15.78 599.749 
-0.930604 0.0654091 -0.360138 0.0348258 -0.963619 -0.265003 -0.364369 -0.259155 0.89447 138.086 16.0506 600.074 
-0.930961 0.0603389 -0.360101 0.0378298 -0.965004 -0.259496 -0.363156 -0.255202 0.896098 137.55 15.6648 599.955 
-0.931482 0.0614479 -0.358561 0.0330437 -0.967267 -0.251604 -0.362284 -0.246212 0.898961 137.015 15.55 599.852 
-0.930327 0.0649507 -0.360936 0.0311171 -0.966664 -0.254155 -0.365411 -0.247678 0.897292 137.148 15.5685 599.454 
-0.929498 0.0644154 -0.36316 0.0316698 -0.967057 -0.252587 -0.367467 -0.24628 0.896837 136.762 15.119 599.09 
-0.92945 0.0689408 -0.362451 0.0295259 -0.965339 -0.259327 -0.367765 -0.251733 0.895199 137.019 14.8715 598.467 
-0.930287 0.0671895 -0.360627 0.026245 -0.968374 -0.248121 -0.365893 -0.240288 0.899103 137.105 15.1962 597.899 
-0.928521 0.0632561 -0.365853 0.0332931 -0.967226 -0.251728 -0.369785 -0.245915 0.895984 136.849 14.2805 597.847 
-0.927531 0.0645437 -0.368134 0.0338224 -0.966441 -0.254658 -0.372215 -0.248654 0.89422 137.458 14.1402 597.619 
-0.926854 0.0683181 -0.369154 0.0293878 -0.967084 -0.252758 -0.374271 -0.245118 0.894338 137.572 14.4805 597.593 
-0.92628 0.0754384 -0.369209 0.0228449 -0.966716 -0.254835 -0.376144 -0.244483 0.893726 138.11 14.823 597.362 
-0.925564 0.0700387 -0.372057 0.0263214 -0.968458 -0.247787 -0.377676 -0.239136 0.894526 137.637 14.2145 597.369 
-0.925542 0.0754272 -0.371057 0.0229705 -0.96697 -0.253856 -0.377948 -0.243477 0.893239 138.16 14.1877 597.058 
-0.924872 0.0747886 -0.372853 0.0214084 -0.968677 -0.247403 -0.379677 -0.236798 0.894301 138.008 14.0966 597.18 
-0.924929 0.0764202 -0.372381 0.0206182 -0.96806 -0.249875 -0.379582 -0.238794 0.89381 138.063 14.2112 596.746 
-0.923312 0.0831359 -0.374946 0.0192255 -0.965061 -0.261322 -0.38357 -0.24849 0.889454 138.229 14.4298 596.59 
-0.924117 0.0844523 -0.372662 0.0186723 -0.964126 -0.26479 -0.381654 -0.251655 0.889388 138.459 14.9567 596.154 
-0.926318 0.075595 -0.369083 0.0186721 -0.969248 -0.24538 -0.376282 -0.234191 0.89642 138.217 15.4871 596.545 
-0.92567 0.0685113 -0.372079 0.0289849 -0.967736 -0.250297 -0.377222 -0.242477 0.893818 137.721 14.7654 596.449 
-0.925402 0.0735753 -0.371777 0.0272418 -0.965525 -0.258885 -0.378007 -0.249701 0.891494 138.486 15.5662 596.29 
-0.925072 0.0716767 -0.372968 0.0308513 -0.964604 -0.261895 -0.378537 -0.253778 0.890117 138.455 15.0937 596.656 
-0.925693 0.0668109 -0.372331 0.0347374 -0.965108 -0.259541 -0.37668 -0.253188 0.891073 138.201 15.2244 596.937 
-0.92675 0.0693249 -0.369228 0.0313328 -0.965141 -0.259853 -0.37437 -0.252388 0.892272 138.345 16.1814 597.11 
-0.925554 0.0643997 -0.373099 0.0390535 -0.963935 -0.263261 -0.376597 -0.258233 0.889659 137.694 15.9969 597.713 
-0.926067 0.0684217 -0.371106 0.0312513 -0.966143 -0.256113 -0.376064 -0.248775 0.892574 137.738 17.3821 598.304 
-0.927472 0.0627128 -0.368597 0.0358991 -0.966344 -0.254741 -0.372166 -0.249497 0.894005 137.916 17.2091 598.527 
-0.926335 0.062722 -0.371445 0.0350821 -0.967393 -0.250841 -0.375066 -0.245394 0.893929 137.559 17.1713 598.975 
-0.928493 0.0684078 -0.364997 0.0301938 -0.965727 -0.257802 -0.370123 -0.250388 0.894604 137.66 17.0798 598.686 
-0.926929 0.070938 -0.368473 0.0302395 -0.964654 -0.261782 -0.374019 -0.253795 0.89202 138.029 16.27 598.956 
-0.926519 0.0691023 -0.36985 0.0319185 -0.965012 -0.260259 -0.374894 -0.252939 0.891896 137.843 15.7463 598.664 
-0.926146 0.0735623 -0.369924 0.0283794 -0.964425 -0.262832 -0.376098 -0.253919 0.89111 137.857 15.5272 598.478 
-0.926708 0.0777633 -0.36765 0.0230239 -0.964768 -0.262095 -0.375078 -0.25135 0.892268 137.917 15.0645 597.985 
-0.924479 0.0861284 -0.371378 0.0170643 -0.963822 -0.266002 -0.380852 -0.25225 0.889564 137.808 14.5477 598.223 
-0.924674 0.0925207 -0.36935 0.011559 -0.962763 -0.270104 -0.380586 -0.254027 0.889172 138.301 13.9078 598.078 
-0.92436 0.0875835 -0.371333 0.0150861 -0.964143 -0.264956 -0.381224 -0.250517 0.889894 137.932 12.6326 598.02 
-0.92362 0.0940036 -0.371607 0.0105856 -0.962839 -0.269873 -0.383166 -0.253193 0.888301 138.558 12.3862 598.017 
-0.924434 0.0991155 -0.368238 0.00234654 -0.964137 -0.265397 -0.381337 -0.246206 0.891048 138.691 12.6684 598.024 
-0.926439 0.0927536 -0.36484 0.00226919 -0.967778 -0.251799 -0.376439 -0.234104 0.896377 138.545 12.283 597.943 
-0.924443 0.0956941 -0.36912 0.0044532 -0.965225 -0.261384 -0.381296 -0.243278 0.891869 138.184 11.2932 598.341 
-0.926962 0.0937597 -0.363253 -0.00136756 -0.969106 -0.246645 -0.375155 -0.228134 0.898452 138.362 11.2391 598.514 
-0.928853 0.0976299 -0.357355 -0.007281 -0.969274 -0.245879 -0.370379 -0.225784 0.901023 137.711 11.3667 598.471 
-0.926006 0.0971982 -0.364783 -0.00165997 -0.967326 -0.253533 -0.377506 -0.234167 0.895911 136.978 10.205 599.142 
-0.926608 0.0973324 -0.363216 -0.00572215 -0.969459 -0.245189 -0.375987 -0.225116 0.898865 136.634 10.109 599.412 
-0.926726 0.100513 -0.362047 -0.00966653 -0.969616 -0.244443 -0.375616 -0.223032 0.89954 136.271 9.99538 599.842 
-0.927089 0.103483 -0.360275 -0.014545 -0.970346 -0.241286 -0.37456 -0.218453 0.901102 136.204 10.5003 599.954 
-0.927726 0.0990013 -0.359896 -0.0130555 -0.972203 -0.23378 -0.373036 -0.212185 0.90323 135.549 10.616 600.007 
-0.927207 0.0942707 -0.362494 -0.0096422 -0.973496 -0.228503 -0.374428 -0.208374 0.903541 135.463 10.3793 600.492 
-0.929944 0.0925226 -0.355872 -0.00909663 -0.973319 -0.229278 -0.36759 -0.209978 0.905974 135.968 10.8535 600.312 
-0.931477 0.0862863 -0.35342 -0.00404421 -0.973863 -0.227104 -0.363779 -0.210112 0.90748 135.484 11.3334 600.378 
-0.932567 0.0843257 -0.351012 -0.00250649 -0.973826 -0.227286 -0.36099 -0.21108 0.908369 135.55 11.8681 600.581 
-0.932881 0.0862294 -0.349713 0.00469514 -0.967928 -0.251186 -0.360156 -0.235969 0.902557 135.15 11.9129 600.579 
-0.93406 0.0883039 -0.346027 0.00172356 -0.967822 -0.251632 -0.357113 -0.235635 0.903852 135.005 12.9386 600.973 
-0.933694 0.0911826 -0.34627 -0.000909614 -0.967636 -0.25235 -0.358073 -0.235303 0.903559 135.281 13.3724 601.388 
-0.931676 0.0872107 -0.352668 0.00373858 -0.968407 -0.24935 -0.363272 -0.233632 0.901916 134.518 13.1198 601.866 
-0.931031 0.0932845 -0.352818 -0.00293346 -0.968662 -0.248369 -0.36493 -0.230204 0.902128 134.989 13.4218 602.134 
-0.931755 0.0940988 -0.350684 -0.00601708 -0.969704 -0.24421 -0.363039 -0.225434 0.904093 135.148 13.6893 601.831 
-0.931323 0.0935635 -0.351973 -0.00674904 -0.970706 -0.240178 -0.364134 -0.221308 0.904672 135.203 13.5989 601.709 
-0.931726 0.0938972 -0.350815 -0.00807037 -0.971113 -0.238486 -0.363074 -0.219372 0.905569 135.464 13.3167 601.164 
-0.931956 0.09225 -0.350641 -0.00517077 -0.970375 -0.24155 -0.362536 -0.223301 0.904824 135.803 12.5628 600.671 
-0.930588 0.0947146 -0.353606 -0.00665628 -0.970169 -0.242343 -0.36601 -0.223168 0.903457 136.438 11.9308 600.579 
-0.928692 0.093991 -0.358746 -0.00645135 -0.971299 -0.237776 -0.370798 -0.218506 0.902644 136.38 11.3723 600.461 
-0.928037 0.0925377 -0.360812 5.38471e-05 -0.968618 -0.248558 -0.372489 -0.23069 0.898908 136.135 10.1324 599.883 
-0.927433 0.0933419 -0.362155 0.00208618 -0.967048 -0.254587 -0.373985 -0.236868 0.896678 136.2 9.61984 599.332 
-0.927298 0.0888519 -0.363628 0.00628369 -0.96759 -0.252451 -0.374273 -0.236382 0.896686 136.078 9.31027 598.637 
-0.927769 0.0872998 -0.362801 0.00400405 -0.969865 -0.243613 -0.373135 -0.227469 0.899461 136.262 9.96238 598.346 
-0.929485 0.0905176 -0.357582 -0.00134843 -0.970251 -0.2421 -0.368858 -0.224546 0.901956 137.119 10.6068 597.876 
-0.928111 0.0919567 -0.36077 0.000405874 -0.968768 -0.247971 -0.372304 -0.230291 0.899087 137.129 10.104 598.121 
-0.928722 0.0895551 -0.3598 0.00158856 -0.969424 -0.24539 -0.370774 -0.228471 0.900183 137.182 9.99975 598.097 
-0.927116 0.0870109 -0.364535 0.0107841 -0.966081 -0.258018 -0.37462 -0.243144 0.894731 137.094 9.53255 597.81 
-0.92898 0.0871274 -0.359731 0.00532672 -0.968653 -0.248363 -0.370093 -0.23264 0.899395 137.211 10.4774 597.988 
-0.930345 0.0847851 -0.356749 0.00659189 -0.968879 -0.247452 -0.366627 -0.232567 0.900833 136.81 10.9373 597.915 
-0.930144 0.0755668 -0.359338 0.0130838 -0.971155 -0.238093 -0.366964 -0.226162 0.902325 136.543 10.5104 598.539 
-0.932574 0.0771662 -0.352636 0.00877997 -0.971748 -0.235861 -0.360873 -0.223054 0.905549 136.222 11.3977 598.44 
-0.931912 0.0822583 -0.353234 0.00768106 -0.969247 -0.245973 -0.362604 -0.231938 0.902621 136.474 11.9209 598.717 
-0.929671 0.0778835 -0.360066 0.0124121 -0.970221 -0.241907 -0.368184 -0.229362 0.901019 136.287 11.7287 599.408 
-0.933365 0.0734019 -0.351346 0.0117224 -0.972112 -0.234229 -0.35874 -0.222739 0.906474 135.983 12.2506 599.286 
LFing.0_Hand
0.281918 0.0634359 -0.957339 -0.0634359 0.996861 0.047374 0.957339 0.047374 0.285057 17.1629 13.0369 -53.3627 
-0.692468 0.0292972 -0.720853 0.7135 -0.120106 -0.690285 -0.106802 -0.992329 0.0622658 219.458 106.633 624.891 
-0.678436 0.0380256 -0.733675 0.723668 -0.137518 -0.676309 -0.12661 -0.989769 0.0657793 219.053 106.466 625.684 
-0.68074 0.0398027 -0.731443 0.720133 -0.14653 -0.678188 -0.134171 -0.988405 0.0710854 218.873 106.416 626.276 
-0.670775 0.0291927 -0.741086 0.728972 -0.158092 -0.666038 -0.136603 -0.986993 0.0847636 218.053 106.409 626.193 
-0.667761 0.021537 -0.744064 0.730693 -0.171812 -0.660734 -0.142069 -0.984895 0.098992 217.858 106.637 626.17 
-0.661146 0.0331625 -0.749525 0.735148 -0.170854 -0.656024 -0.149814 -0.984738 0.08858 217.066 106.589 626.728 
-0.655312 0.0209289 -0.755068 0.740204 -0.181435 -0.647441 -0.150545 -0.983181 0.103405 216.763 106.702 626.079 
-0.661457 0.0258785 -0.749537 0.734493 -0.179721 -0.654386 -0.151641 -0.983377 0.0998701 216.549 108.18 625.498 
-0.651137 0.0331378 -0.758237 0.742729 -0.177691 -0.645586 -0.156124 -0.983529 0.0910884 215.667 107.848 625.147 
-0.658434 0.0412082 -0.75151 0.733958 -0.185928 -0.653251 -0.166646 -0.981699 0.0921763 215.437 107.91 624.427 
-0.65952 0.048573 -0.750116 0.732705 -0.181306 -0.655952 -0.167862 -0.982227 0.0839851 215.523 107.038 623.63 
-0.655702 0.0464232 -0.753592 0.734532 -0.191717 -0.650928 -0.174694 -0.980352 0.0916097 215.151 106.557 622.08 
-0.652732 0.0373325 -0.756669 0.736336 -0.203657 -0.64524 -0.178189 -0.97833 0.105444 214.673 105.354 620.532 
-0.644132 0.0324626 -0.764226 0.742156 -0.215382 -0.634678 -0.185204 -0.97599 0.114642 213.687 103.993 619.086 
-0.645425 0.0192439 -0.763582 0.73962 -0.233918 -0.631066 -0.190759 -0.972066 0.136743 212.67 103.754 617.118 
-0.629244 0.0087667 -0.777158 0.747288 -0.267952 -0.608082 -0.213572 -0.963393 0.162056 212.242 101.037 616.485 
-0.629792 0.00304401 -0.776758 0.742268 -0.292343 -0.602972 -0.228914 -0.956309 0.181855 211.043 101.175 614.88 
-0.638285 -0.0122773 -0.769703 0.732296 -0.317976 -0.602192 -0.237353 -0.94802 0.21195 210.037 100.431 613.334 
-0.623697 -0.0263143 -0.781223 0.736625 -0.354148 -0.576163 -0.261507 -0.934819 0.240265 206.64 98.0744 612.534 
-0.617375 -0.0423103 -0.78553 0.740243 -0.369209 -0.561896 -0.26625 -0.928383 0.25926 202.466 97.8631 610.801 
-0.618143 -0.0532296 -0.784262 0.736905 -0.386537 -0.554582 -0.273626 -0.920737 0.27816 198.895 97.156 609.242 
-0.616227 -0.046702 -0.786183 0.730133 -0.408101 -0.548052 -0.295246 -0.911742 0.285581 196.45 95.1575 609.038 
-0.611515 -0.0605774 -0.788911 0.727825 -0.43416 -0.530828 -0.310357 -0.898797 0.309585 192.93 93.5201 607.477 
-0.599213 -0.0626218 -0.798137 0.727799 -0.457957 -0.510475 -0.333545 -0.886766 0.31999 190.474 90.0913 607.266 
-0.621331 -0.0574153 -0.781442 0.716261 -0.445965 -0.536737 -0.317679 -0.893207 0.318216 186.931 90.5183 604.748 
-0.616634 -0.0602519 -0.784941 0.715721 -0.458176 -0.527086 -0.327883 -0.886817 0.32565 183.576 88.3962 603.867 
-0.60278 -0.0772546 -0.794159 0.714071 -0.496343 -0.493708 -0.356034 -0.864682 0.354351 182.189 83.5971 604.201 
-0.611604 -0.0666002 -0.788356 0.712657 -0.479132 -0.5124 -0.3436 -0.875213 0.340502 177.75 85.2972 601.344 
-0.616243 -0.0775418 -0.783729 0.716249 -0.468957 -0.516786 -0.327463 -0.879811 0.344531 174.554 84.9492 599.395 
-0.612327 -0.0821929 -0.786321 0.7186 -0.472563 -0.510196 -0.329651 -0.877456 0.348427 170.99 84.0814 598.317 
-0.610218 -0.0880078 -0.78733 0.719733 -0.476915 -0.504517 -0.331088 -0.874533 0.354364 168.198 82.8988 597.438 
-0.60126 -0.103406 -0.792334 0.728382 -0.478649 -0.490262 -0.328553 -0.871896 0.363111 163.703 82.9254 595.609 
-0.598102 -0.10199 -0.794904 0.726578 -0.487541 -0.484138 -0.338171 -0.867123 0.365703 162.004 81.5149 595.157 
-0.581099 -0.101054 -0.807535 0.733917 -0.493874 -0.466322 -0.351696 -0.863642 0.361154 159.037 79.9749 594.732 
-0.561349 -0.105872 -0.82078 0.744915 -0.496718 -0.445392 -0.360541 -0.861431 0.357697 155.948 78.6862 593.615 
-0.531981 -0.111816 -0.839341 0.758887 -0.502668 -0.414024 -0.375615 -0.857218 0.352265 152.751 76.085 593.574 
-0.520426 -0.12758 -0.844322 0.762092 -0.515427 -0.391858 -0.385192 -0.847384 0.365469 149.546 74.2446 593.07 
-0.516347 -0.137004 -0.845349 0.760089 -0.528076 -0.378685 -0.394527 -0.838073 0.376805 146.942 72.4922 592.581 
-0.522955 -0.131248 -0.842195 0.759579 -0.520064 -0.390609 -0.386728 -0.843984 0.371663 142.255 74.0549 590.251 
-0.524996 -0.128383 -0.841367 0.761708 -0.51191 -0.397179 -0.379713 -0.849392 0.36654 139.343 72.765 589.951 
-0.525754 -0.148935 -0.837497 0.760095 -0.524266 -0.383931 -0.381889 -0.83843 0.38884 137.969 69.5322 590.576 
-0.532405 -0.147519 -0.833537 0.753152 -0.532045 -0.3869 -0.386403 -0.833767 0.394367 135.888 68.3592 590.436 
-0.533732 -0.15121 -0.832025 0.750409 -0.538313 -0.383545 -0.389893 -0.829069 0.400784 133.991 66.2043 590.549 
-0.532245 -0.147303 -0.833677 0.751349 -0.53597 -0.384984 -0.390116 -0.831287 0.395943 131.503 65.5793 589.641 
-0.529386 -0.139057 -0.836907 0.752861 -0.531752 -0.387869 -0.391091 -0.835406 0.386192 128.594 65.4091 588.631 
-0.531197 -0.137201 -0.836066 0.750498 -0.53413 -0.389178 -0.393171 -0.834195 0.386697 127.973 63.8461 588.489 
-0.529575 -0.132365 -0.837873 0.755837 -0.521997 -0.395261 -0.385048 -0.842614 0.376483 125.572 64.1081 586.89 
-0.526068 -0.135788 -0.839532 0.754052 -0.530969 -0.386624 -0.393266 -0.836441 0.381717 125.355 61.2479 587.551 
-0.52155 -0.136435 -0.842242 0.754579 -0.534505 -0.38068 -0.398244 -0.834081 0.381722 124.308 60.2419 587.415 
-0.518975 -0.135683 -0.843952 0.754412 -0.536925 -0.377592 -0.401905 -0.832648 0.381011 123.995 58.6111 587.53 
-0.5122 -0.139139 -0.847521 0.755763 -0.5418 -0.367798 -0.408011 -0.828911 0.382666 123.129 57.3641 587.505 
-0.508389 -0.144144 -0.848978 0.755432 -0.547901 -0.359346 -0.413357 -0.824032 0.387437 122.525 56.0468 587.56 
-0.508859 -0.13677 -0.849916 0.751955 -0.551256 -0.361499 -0.419078 -0.82305 0.383356 122.336 54.9057 587.744 
-0.511071 -0.129174 -0.849777 0.749404 -0.551145 -0.366926 -0.420953 -0.824351 0.378477 122.49 54.3679 587.528 
-0.514355 -0.129538 -0.847738 0.746123 -0.554931 -0.367905 -0.422778 -0.821749 0.382083 121.952 52.9421 586.614 
-0.517656 -0.132552 -0.845259 0.742336 -0.560788 -0.366682 -0.425406 -0.817281 0.388693 121.939 51.5782 586.668 
-0.512925 -0.126624 -0.849043 0.741949 -0.562859 -0.364284 -0.431764 -0.816797 0.382653 121.321 50.34 586.475 
-0.514977 -0.127651 -0.847646 0.736075 -0.572629 -0.360958 -0.43931 -0.809816 0.388852 121.435 49.245 586.514 
-0.515961 -0.129359 -0.846789 0.734834 -0.574869 -0.359926 -0.440233 -0.807956 0.391667 121.306 48.771 586.209 
-0.514218 -0.122811 -0.848821 0.735842 -0.571589 -0.363075 -0.440587 -0.811297 0.384291 121.473 48.5083 586.08 
-0.517887 -0.118873 -0.84715 0.729798 -0.578054 -0.365033 -0.446305 -0.807294 0.386119 122.185 48.7177 586.232 
-0.510631 -0.12678 -0.850401 0.733816 -0.579703 -0.354203 -0.448074 -0.804904 0.389048 121.837 48.2729 586.466 
-0.510733 -0.128285 -0.850115 0.734422 -0.579163 -0.35383 -0.446964 -0.805055 0.390013 121.865 48.3301 586.701 
-0.510232 -0.130691 -0.850049 0.734008 -0.581278 -0.351211 -0.448214 -0.803141 0.392515 121.456 48.3348 586.675 
-0.51519 -0.12676 -0.847651 0.730355 -0.582477 -0.356795 -0.44851 -0.802903 0.392666 121.977 47.8789 586.876 
-0.508601 -0.129976 -0.851135 0.734057 -0.582098 -0.349749 -0.449985 -0.802664 0.391465 121.354 47.142 587.08 
-0.514972 -0.131613 -0.847043 0.731358 -0.58288 -0.354072 -0.447124 -0.801829 0.396423 121.22 46.5842 586.994 
-0.520775 -0.124468 -0.844572 0.727957 -0.581543 -0.363164 -0.445952 -0.803938 0.39346 121.474 46.3694 586.891 
-0.517809 -0.133543 -0.845009 0.729182 -0.585459 -0.354308 -0.447402 -0.799628 0.400532 120.654 45.2045 586.774 
-0.518699 -0.133155 -0.844524 0.730099 -0.582977 -0.356503 -0.444867 -0.801504 0.399606 120.276 44.4049 586.109 
-0.513317 -0.128107 -0.848584 0.73043 -0.584309 -0.353634 -0.450531 -0.801357 0.393508 120.519 42.6834 586.587 
-0.514318 -0.138065 -0.846413 0.729277 -0.589734 -0.346944 -0.451257 -0.795709 0.403998 120.027 41.2109 586.202 
-0.520977 -0.129974 -0.843617 0.722458 -0.59349 -0.354718 -0.454574 -0.794277 0.403095 120.934 39.8143 586.244 
-0.527349 -0.125677 -0.840303 0.716453 -0.597409 -0.360275 -0.456726 -0.792028 0.405084 121.442 38.8872 585.894 
-0.526593 -0.127686 -0.840474 0.716918 -0.598022 -0.358328 -0.456868 -0.791243 0.406455 120.315 38.1669 585.026 
-0.529752 -0.118216 -0.839874 0.713305 -0.597838 -0.36577 -0.458868 -0.792853 0.40103 121.805 36.9425 585.231 
-0.529839 -0.124768 -0.83887 0.712418 -0.602133 -0.360413 -0.460143 -0.788587 0.407921 122.021 36.101 584.935 
-0.522887 -0.128585 -0.842648 0.715897 -0.602841 -0.352243 -0.462689 -0.787432 0.407271 122.114 35.1398 584.759 
-0.529576 -0.119336 -0.839826 0.711356 -0.601804 -0.363052 -0.462085 -0.789678 0.403592 123.155 35.0204 584.638 
-0.535822 -0.117107 -0.836171 0.70812 -0.601696 -0.369498 -0.45985 -0.790094 0.405327 123.682 35.0128 584.599 
-0.538227 -0.115735 -0.834816 0.705724 -0.603369 -0.37135 -0.460723 -0.789019 0.406427 124.028 35.0982 584.6 
-0.534374 -0.1262 -0.835774 0.709703 -0.60405 -0.362557 -0.459094 -0.786891 0.412353 123.701 34.6842 584.815 
-0.536948 -0.117346 -0.835414 0.708358 -0.600533 -0.370932 -0.458166 -0.790943 0.405578 124.197 35.1317 585.163 
-0.541137 -0.129763 -0.830863 0.705514 -0.607726 -0.364584 -0.457627 -0.783474 0.420412 124.228 35.4664 585.254 
-0.544198 -0.13271 -0.828394 0.702863 -0.611251 -0.363809 -0.458075 -0.780231 0.425919 123.992 36.0307 585.185 
-0.542901 -0.126561 -0.830206 0.703461 -0.608495 -0.367256 -0.458696 -0.783401 0.419383 124.402 35.904 585.378 
-0.542325 -0.122365 -0.831211 0.700783 -0.611618 -0.367189 -0.463452 -0.781633 0.417447 124.257 36.2023 585.136 
