Lower Arm R
-0.0148834 -0.327094 -0.944875 0.327094 0.891393 -0.313732 0.944875 -0.313732 0.0937236 43.3573 -12.3442 -85.718 
0.325181 -0.37302 -0.868973 0.840109 -0.307909 0.446554 -0.434137 -0.875242 0.213251 -89.0256 -34.0706 668.727 
0.325214 -0.383885 -0.864216 0.83651 -0.309417 0.452231 -0.441007 -0.869997 0.220496 -89.29 -33.5639 669.398 
0.323444 -0.381302 -0.866022 0.839277 -0.307102 0.448669 -0.437035 -0.871951 0.220687 -88.7659 -33.8188 669.372 
0.325163 -0.379911 -0.865989 0.836673 -0.311222 0.450689 -0.440736 -0.871097 0.216662 -88.9798 -33.887 669.849 
0.320594 -0.376829 -0.869034 0.83727 -0.316292 0.446026 -0.442944 -0.870609 0.214106 -88.5476 -34.8772 670.263 
0.329588 -0.386127 -0.861555 0.832364 -0.311839 0.458179 -0.445582 -0.868138 0.218619 -89.6893 -33.1756 669.835 
0.324679 -0.376706 -0.867569 0.832414 -0.32171 0.451212 -0.449079 -0.868675 0.209123 -89.2171 -34.6668 669.852 
0.326864 -0.374791 -0.867578 0.82741 -0.33011 0.454337 -0.456677 -0.866348 0.202204 -90.2053 -35.7452 669.933 
0.327813 -0.38524 -0.862629 0.824317 -0.329463 0.460388 -0.461564 -0.862001 0.209557 -90.8611 -36.4667 669.221 
0.31292 -0.367973 -0.875601 0.825306 -0.350911 0.442417 -0.470055 -0.86108 0.193882 -90.1448 -40.1668 669.445 
0.316846 -0.370822 -0.872984 0.822937 -0.350141 0.447413 -0.471577 -0.86017 0.194222 -91.1147 -40.1325 667.715 
0.311423 -0.370953 -0.874877 0.820146 -0.360099 0.444625 -0.479977 -0.855992 0.192092 -91.7731 -43.3505 667.136 
0.308152 -0.366476 -0.877917 0.813993 -0.376073 0.442703 -0.492401 -0.851037 0.182421 -91.8986 -45.6748 666.21 
0.306428 -0.368515 -0.877667 0.810549 -0.382435 0.443571 -0.499113 -0.847314 0.181511 -92.1368 -48.2361 664.505 
0.306901 -0.359838 -0.881095 0.804507 -0.39655 0.442174 -0.508509 -0.84455 0.16779 -92.3357 -51.6465 663.146 
0.303413 -0.359975 -0.882246 0.795799 -0.413505 0.442402 -0.524067 -0.83632 0.161005 -92.6219 -55.9287 662.265 
0.296785 -0.354684 -0.886633 0.787979 -0.433537 0.437192 -0.539453 -0.828399 0.150816 -92.1885 -60.4865 661.366 
0.298753 -0.356413 -0.885278 0.782882 -0.438959 0.440923 -0.545751 -0.824794 0.147889 -92.0728 -63.0088 659.154 
0.290314 -0.347759 -0.891505 0.777014 -0.458107 0.431729 -0.558542 -0.818048 0.137219 -90.4265 -67.5378 657.918 
0.291925 -0.355052 -0.888098 0.763215 -0.473152 0.440036 -0.57644 -0.806267 0.132855 -90.2578 -71.5688 657.254 
0.293279 -0.352698 -0.88859 0.753599 -0.486649 0.441885 -0.588283 -0.799235 0.123068 -89.1134 -75.6915 655.932 
0.302281 -0.34322 -0.889284 0.743146 -0.499399 0.44535 -0.596961 -0.795488 0.104103 -87.573 -79.2437 654.021 
0.305562 -0.351881 -0.884767 0.735025 -0.50352 0.454102 -0.605287 -0.789081 0.104784 -86.9232 -82.7576 651.876 
0.30974 -0.370381 -0.875717 0.723181 -0.506188 0.469878 -0.61731 -0.778841 0.111065 -86.1995 -86.0065 649.904 
0.311185 -0.358172 -0.880271 0.712448 -0.52509 0.465511 -0.628954 -0.772006 0.0917777 -83.4486 -90.9885 648.915 
0.319609 -0.35356 -0.879117 0.704557 -0.531708 0.469987 -0.633601 -0.769599 0.0791644 -81.8672 -94.6846 646.565 
0.325574 -0.354955 -0.876361 0.698763 -0.534077 0.475914 -0.636972 -0.767313 0.0741476 -80.01 -97.6003 643.725 
0.333366 -0.342927 -0.878219 0.687613 -0.548862 0.475332 -0.645025 -0.762333 0.0528287 -77.2261 -102.288 642.502 
0.327825 -0.338125 -0.882158 0.675256 -0.569187 0.469102 -0.660728 -0.749465 0.0417267 -74.0642 -107.975 642.569 
0.350836 -0.305702 -0.885133 0.676453 -0.570889 0.465293 -0.647554 -0.761992 0.00650399 -70.0625 -110.021 638.206 
0.351367 -0.31042 -0.883279 0.663286 -0.583297 0.468848 -0.660753 -0.750603 0.000945088 -67.7237 -114.974 638.18 
0.357162 -0.28636 -0.889063 0.662343 -0.593493 0.457241 -0.658588 -0.752174 -0.0223049 -62.5057 -117.273 635.446 
0.364655 -0.284396 -0.886649 0.652727 -0.601015 0.461227 -0.66406 -0.746927 -0.0335312 -58.7423 -121.049 634.361 
0.355537 -0.253054 -0.899754 0.658849 -0.614957 0.433299 -0.662958 -0.746855 -0.0519157 -53.3073 -123.926 632.568 
0.361216 -0.272784 -0.891691 0.641842 -0.620946 0.449963 -0.676434 -0.734857 -0.0492118 -49.6995 -126.172 633.149 
0.376849 -0.285256 -0.881257 0.635783 -0.612235 0.470053 -0.673622 -0.737426 -0.0493594 -46.8755 -125.701 630.993 
0.364349 -0.265763 -0.892536 0.643068 -0.621423 0.447547 -0.673583 -0.737024 -0.0555113 -40.8452 -127.331 631.091 
0.38395 -0.283679 -0.878697 0.620277 -0.625698 0.473033 -0.683988 -0.726656 -0.0642775 -38.1306 -128.266 633.307 
0.388025 -0.262872 -0.883366 0.619963 -0.634765 0.461217 -0.68197 -0.726617 -0.0833336 -31.4854 -128.653 634.285 
0.396688 -0.290164 -0.870887 0.623959 -0.610625 0.487661 -0.673287 -0.736846 -0.061178 -28.5709 -126.792 632.669 
0.403515 -0.301404 -0.863905 0.62052 -0.60373 0.500466 -0.672408 -0.738015 -0.0565869 -24.5555 -124.272 632.312 
0.415648 -0.287734 -0.862813 0.61093 -0.614451 0.499215 -0.673798 -0.734615 -0.0796103 -19.8775 -124.478 633.932 
0.430615 -0.309346 -0.847865 0.605245 -0.597904 0.525539 -0.669515 -0.73947 -0.0702366 -18.6001 -123.541 634.832 
0.46238 -0.268984 -0.844898 0.582013 -0.626797 0.518061 -0.668929 -0.731282 -0.133267 -14.5595 -123.043 636.964 
0.459363 -0.262107 -0.848696 0.612096 -0.598987 0.516289 -0.643681 -0.756647 -0.114718 -9.25475 -119.857 632.711 
0.462305 -0.264458 -0.846366 0.595542 -0.614573 0.51733 -0.656966 -0.743211 -0.126625 -7.34152 -119.967 635.384 
0.461588 -0.276911 -0.842768 0.60467 -0.596922 0.527313 -0.649085 -0.752997 -0.108093 -4.7744 -117.661 634.379 
0.476672 -0.261428 -0.839309 0.591711 -0.610675 0.526265 -0.650125 -0.747484 -0.136402 -2.48543 -116.691 635.379 
0.479803 -0.257915 -0.838612 0.59066 -0.611828 0.526107 -0.648777 -0.747761 -0.141217 0.228238 -115.368 635.521 
0.461267 -0.269981 -0.845188 0.571027 -0.638752 0.515679 -0.67909 -0.72049 -0.140469 2.46341 -116.839 641.26 
0.474838 -0.279121 -0.834638 0.572714 -0.622085 0.533863 -0.668228 -0.731507 -0.135534 1.96411 -115.301 640.075 
0.475943 -0.273641 -0.835823 0.561021 -0.637428 0.52815 -0.6773 -0.720282 -0.149862 3.47703 -114.614 642.709 
0.477956 -0.268102 -0.836469 0.57535 -0.62401 0.528758 -0.663726 -0.733985 -0.143997 5.4662 -114.154 642.22 
0.483768 -0.283674 -0.827948 0.554662 -0.632398 0.540762 -0.676993 -0.720834 -0.148591 5.65846 -111.251 644.371 
0.495035 -0.301879 -0.814745 0.568583 -0.596499 0.566483 -0.657004 -0.743679 -0.123645 6.38361 -107.142 643.124 
0.493913 -0.3012 -0.815677 0.559854 -0.607601 0.56337 -0.665293 -0.734915 -0.131474 7.03433 -105.374 645.519 
0.499526 -0.286599 -0.817518 0.569543 -0.602427 0.5592 -0.65276 -0.744945 -0.137697 8.06792 -104.007 645.004 
0.49745 -0.280366 -0.820938 0.544809 -0.635461 0.547151 -0.675076 -0.719434 -0.163365 8.53868 -103.687 650.077 
0.479753 -0.28457 -0.829974 0.548121 -0.641445 0.536762 -0.685129 -0.712439 -0.151757 10.6089 -104.694 652.234 
0.492384 -0.296486 -0.818324 0.528908 -0.644766 0.551847 -0.691243 -0.704537 -0.160659 8.32436 -102.837 653.479 
0.488844 -0.302347 -0.818302 0.530091 -0.642036 0.55389 -0.692847 -0.70454 -0.153584 8.39134 -103.412 654.155 
0.499065 -0.313497 -0.80787 0.52114 -0.636266 0.568841 -0.69235 -0.704902 -0.154162 6.36381 -103.405 654.582 
0.497336 -0.318479 -0.806988 0.533078 -0.621686 0.573877 -0.684461 -0.715596 -0.139413 6.83128 -103.34 653.297 
0.491784 -0.296444 -0.8187 0.550799 -0.622312 0.556192 -0.674366 -0.724465 -0.142762 8.82002 -104.117 651.768 
0.507245 -0.32821 -0.796857 0.556884 -0.580839 0.593724 -0.657712 -0.744919 -0.111853 7.27747 -101.443 647.362 
0.509388 -0.347497 -0.787255 0.545263 -0.577418 0.607682 -0.665743 -0.738806 -0.104653 7.53154 -100.339 647.205 
0.493024 -0.303416 -0.815393 0.558939 -0.607755 0.564112 -0.66672 -0.733875 -0.130047 11.1581 -102.599 647.124 
0.490767 -0.310542 -0.814071 0.541648 -0.623107 0.564231 -0.682471 -0.717845 -0.137596 11.1054 -102.718 648.652 
0.488693 -0.311548 -0.814934 0.538264 -0.62745 0.562654 -0.686624 -0.713614 -0.138936 11.6631 -102.803 648.053 
0.496857 -0.305929 -0.812121 0.537332 -0.626402 0.564709 -0.681475 -0.716958 -0.146847 11.2719 -102.431 646.735 
0.497287 -0.29139 -0.817189 0.538424 -0.634926 0.554049 -0.680299 -0.715515 -0.158849 12.5395 -102.657 645.983 
0.486968 -0.286111 -0.825229 0.533174 -0.650982 0.540323 -0.691802 -0.70311 -0.164461 14.4383 -102.847 646.776 
0.481157 -0.271945 -0.833387 0.530087 -0.666918 0.52367 -0.69821 -0.693734 -0.176738 15.9568 -103.046 647.104 
0.489548 -0.277961 -0.826487 0.517004 -0.670734 0.531813 -0.702176 -0.687644 -0.18465 14.748 -102.534 647.504 
0.481991 -0.275551 -0.831719 0.526043 -0.668126 0.526201 -0.700688 -0.691144 -0.177079 15.8157 -102.15 646.68 
0.480513 -0.272273 -0.833651 0.522622 -0.674455 0.521516 -0.704255 -0.686279 -0.181788 16.4845 -101.485 646.991 
0.479614 -0.269758 -0.834986 0.516911 -0.682081 0.517272 -0.709066 -0.679703 -0.187695 16.8778 -100.846 647.798 
0.478829 -0.270031 -0.835348 0.519829 -0.679574 0.517647 -0.707461 -0.682102 -0.18503 17.0132 -100.089 648.108 
0.488627 -0.271521 -0.829169 0.518834 -0.673634 0.526336 -0.701467 -0.687382 -0.188281 16.1738 -98.5183 648.174 
0.47874 -0.253194 -0.840655 0.529161 -0.680839 0.506407 -0.70057 -0.687278 -0.191965 18.2419 -97.8894 649.28 
0.492973 -0.259664 -0.830393 0.525676 -0.67163 0.522092 -0.693285 -0.693894 -0.194597 17.2841 -94.0793 648.515 
0.481978 -0.23108 -0.845163 0.533075 -0.688193 0.492162 -0.695363 -0.687745 -0.208511 19.96 -93.9109 649.912 
0.473161 -0.21926 -0.853255 0.534011 -0.698936 0.475733 -0.70068 -0.680745 -0.213623 21.189 -93.7653 651.444 
0.474354 -0.21732 -0.853089 0.540535 -0.69297 0.477091 -0.694847 -0.687433 -0.211245 21.395 -93.144 650.752 
0.475784 -0.217636 -0.852212 0.542502 -0.690043 0.479097 -0.692331 -0.690272 -0.210243 21.4848 -92.7986 650.317 
0.474524 -0.219921 -0.852327 0.543345 -0.688624 0.480183 -0.692535 -0.690965 -0.207276 21.4394 -92.9578 650.291 
0.468282 -0.219683 -0.855834 0.550053 -0.685544 0.476941 -0.691488 -0.694096 -0.200191 22.3509 -93.7501 649.525 
0.466307 -0.224706 -0.855608 0.549765 -0.684133 0.479293 -0.69305 -0.69388 -0.195481 22.3642 -93.9645 648.758 
0.471938 -0.237935 -0.848918 0.545195 -0.677947 0.493104 -0.692848 -0.69554 -0.190228 20.9114 -94.52 647.659 
0.469112 -0.252276 -0.84634 0.544002 -0.672387 0.501955 -0.695699 -0.695883 -0.178186 20.7793 -96.046 646.743 
0.4668 -0.274617 -0.840645 0.542567 -0.661718 0.517447 -0.69837 -0.69765 -0.159892 20.5264 -97.612 645.627 
0.470169 -0.268517 -0.840738 0.54717 -0.658749 0.516388 -0.692494 -0.702815 -0.162799 20.7936 -99.9024 643.882 
0.481299 -0.28564 -0.828711 0.553036 -0.634548 0.539908 -0.680076 -0.718163 -0.147438 19.9733 -100.688 640.476 
0.465612 -0.280399 -0.839394 0.555279 -0.645984 0.523804 -0.689109 -0.709987 -0.145078 21.0139 -104.107 641.092 
0.469854 -0.297844 -0.830979 0.550669 -0.636846 0.539622 -0.689929 -0.711138 -0.135211 19.9153 -105.781 640.674 
0.476238 -0.318775 -0.8195 0.548823 -0.620401 0.560265 -0.687017 -0.71658 -0.120508 18.1408 -106.672 639.761 
0.474472 -0.316031 -0.821585 0.551894 -0.620317 0.557334 -0.685778 -0.717866 -0.119907 18.3951 -108.478 639.515 
0.477848 -0.318014 -0.818858 0.550572 -0.617937 0.561272 -0.684495 -0.719042 -0.120191 18.0487 -109.514 638.921 
0.482767 -0.318484 -0.815785 0.548176 -0.616568 0.56511 -0.682965 -0.720008 -0.123074 17.5307 -109.934 638.607 
0.479098 -0.316691 -0.818641 0.544132 -0.62467 0.560098 -0.688758 -0.71379 -0.126956 17.9008 -110.839 639.417 
0.485212 -0.323558 -0.81233 0.540588 -0.619196 0.569528 -0.687267 -0.715477 -0.12553 17.1255 -110.506 639.267 
0.499428 -0.321635 -0.804439 0.551311 -0.598278 0.581482 -0.668304 -0.733904 -0.121476 16.5191 -108.813 636.641 
0.492202 -0.31956 -0.809703 0.535894 -0.621777 0.571151 -0.685971 -0.715035 -0.13479 16.9069 -109.126 640.052 
0.484001 -0.304662 -0.82032 0.534414 -0.639401 0.552782 -0.692925 -0.705937 -0.146656 18.1286 -109.589 642.124 
0.480695 -0.297683 -0.824814 0.539271 -0.641358 0.545754 -0.691463 -0.707139 -0.147766 18.7265 -108.737 642.775 
0.478164 -0.302318 -0.824599 0.531445 -0.647899 0.545706 -0.699233 -0.699165 -0.149137 18.5911 -107.699 645.223 
0.473929 -0.299228 -0.828163 0.535238 -0.648921 0.540762 -0.699224 -0.699546 -0.147384 19.2005 -106.504 645.874 
0.476702 -0.323728 -0.817286 0.523205 -0.64263 0.559718 -0.706409 -0.694426 -0.136967 18.0757 -104.027 646.985 
0.467422 -0.307022 -0.829008 0.525755 -0.657349 0.539885 -0.710704 -0.688208 -0.145842 19.0415 -104.879 648.75 
0.472483 -0.325302 -0.819108 0.51909 -0.648373 0.55692 -0.712255 -0.688325 -0.137484 17.7416 -103.395 649.208 
0.473247 -0.317778 -0.821617 0.525731 -0.646492 0.552862 -0.706857 -0.693589 -0.138885 17.798 -103.824 648.708 
0.47463 -0.318258 -0.820633 0.520747 -0.650127 0.553316 -0.709613 -0.689962 -0.142838 18.0267 -103.487 648.992 
0.466868 -0.299614 -0.832025 0.526721 -0.661548 0.53378 -0.710352 -0.687449 -0.151043 19.4703 -104.758 649.184 
0.465321 -0.305357 -0.830803 0.525425 -0.660064 0.536885 -0.712325 -0.686348 -0.1467 19.33 -104.976 648.996 
0.472917 -0.324137 -0.81932 0.517436 -0.650476 0.556006 -0.71317 -0.686889 -0.139901 18.1437 -104.49 648.344 
0.465074 -0.30731 -0.830221 0.519214 -0.664895 0.536967 -0.717025 -0.680791 -0.149666 19.6823 -105.74 648.115 
0.459869 -0.300146 -0.835723 0.512964 -0.678436 0.525922 -0.724838 -0.67055 -0.158028 20.2563 -106.927 648.515 
0.479226 -0.326682 -0.81463 0.523798 -0.638296 0.564106 -0.704258 -0.697035 -0.134773 18.0381 -105.377 643.522 
0.460567 -0.299947 -0.83541 0.518276 -0.673203 0.527436 -0.720604 -0.675892 -0.1546 20.6084 -108.481 646.292 
0.462871 -0.309167 -0.830763 0.524657 -0.65986 0.537886 -0.714484 -0.684836 -0.143223 20.8086 -109.131 644.744 
0.470904 -0.316276 -0.823541 0.519319 -0.655251 0.548594 -0.713133 -0.686015 -0.144313 19.9645 -109.203 644.103 
0.465999 -0.307036 -0.829804 0.528155 -0.655909 0.539292 -0.709858 -0.689574 -0.143491 21.4085 -110.51 643.126 
0.464016 -0.309481 -0.830007 0.529952 -0.653826 0.540059 -0.709818 -0.690458 -0.139376 21.9929 -111.051 642.349 
0.488405 -0.339805 -0.803737 0.533056 -0.613055 0.583109 -0.690878 -0.71323 -0.118284 19.5332 -108.497 637.938 
0.471161 -0.324918 -0.820022 0.528164 -0.640659 0.557315 -0.706436 -0.695691 -0.130244 21.5477 -110.24 640.728 
0.474593 -0.322915 -0.818833 0.527049 -0.640817 0.558188 -0.70497 -0.696477 -0.133935 21.5701 -109.722 640.332 
0.477196 -0.319895 -0.818505 0.526121 -0.642039 0.55766 -0.703905 -0.696745 -0.138075 21.1573 -109.034 640.653 
0.474133 -0.314184 -0.822488 0.535523 -0.638592 0.552645 -0.698867 -0.702488 -0.134526 22.0307 -108.622 640.503 
0.477024 -0.298962 -0.826481 0.541455 -0.640759 0.544295 -0.692298 -0.707143 -0.143783 22.1122 -108.434 641.241 
0.480327 -0.315707 -0.8183 0.545099 -0.623464 0.5605 -0.687134 -0.715278 -0.127376 21.3408 -106.067 640.94 
0.482354 -0.299823 -0.823068 0.544324 -0.633589 0.549798 -0.686329 -0.713212 -0.142414 21.9385 -105.828 642.472 
0.517361 -0.341002 -0.784892 0.537329 -0.5844 0.608076 -0.666046 -0.736339 -0.119116 18.4037 -100.325 638.487 
0.517056 -0.351188 -0.78059 0.544155 -0.569084 0.616474 -0.660719 -0.743512 -0.103148 18.7567 -98.5299 637.261 
0.51811 -0.347798 -0.781408 0.55329 -0.560409 0.61629 -0.652253 -0.75165 -0.0979209 19.1404 -98.2279 637.013 
0.512432 -0.346844 -0.785565 0.560143 -0.558382 0.611924 -0.650887 -0.753598 -0.091851 19.2753 -98.3393 637.994 
0.503844 -0.344423 -0.792158 0.56375 -0.563716 0.603665 -0.654468 -0.750732 -0.0898569 19.8191 -98.6551 639.229 
0.505652 -0.328074 -0.797925 0.563853 -0.574345 0.593464 -0.652984 -0.749997 -0.105434 19.8274 -98.9123 639.779 
0.503441 -0.313479 -0.805158 0.569974 -0.579858 0.582148 -0.649368 -0.751995 -0.11325 20.8409 -98.9995 639.155 
0.509374 -0.298112 -0.807259 0.568259 -0.587937 0.575685 -0.646236 -0.751971 -0.130075 20.2756 -99.9059 638.883 
0.504961 -0.293594 -0.811675 0.56842 -0.594556 0.568685 -0.649549 -0.748536 -0.133343 20.7993 -101.074 638.785 
0.487414 -0.244605 -0.83821 0.574356 -0.633238 0.518775 -0.657681 -0.734288 -0.168159 23.7589 -105.02 640.282 
0.49414 -0.24815 -0.833215 0.563528 -0.638375 0.524323 -0.662014 -0.728629 -0.175607 23.6088 -105.114 639.165 
0.476348 -0.215353 -0.852477 0.563275 -0.669725 0.483933 -0.675141 -0.710698 -0.197719 25.9565 -108.627 640.729 
0.47139 -0.20812 -0.857017 0.550381 -0.689882 0.470261 -0.689111 -0.693361 -0.210658 26.6173 -110.05 641.325 
0.469928 -0.195038 -0.860888 0.539427 -0.708533 0.454974 -0.698704 -0.67819 -0.227751 26.6961 -111.475 641.695 
0.470493 -0.187114 -0.862337 0.537691 -0.714079 0.448309 -0.699661 -0.674596 -0.23536 26.9421 -112.363 640.897 
0.467804 -0.187415 -0.863734 0.538274 -0.714705 0.44661 -0.701016 -0.67385 -0.233461 26.9229 -113.321 640.43 
0.458487 -0.185002 -0.869232 0.540444 -0.718407 0.437964 -0.705487 -0.670571 -0.229397 27.7745 -114.512 640.43 
0.459549 -0.185662 -0.86853 0.535748 -0.722009 0.437811 -0.708371 -0.666508 -0.23233 27.5508 -114.473 640.529 
0.463624 -0.180975 -0.867353 0.534979 -0.72316 0.43685 -0.706294 -0.666549 -0.238457 27.4286 -115.15 640.471 
0.461377 -0.182383 -0.868256 0.531452 -0.72682 0.435078 -0.710416 -0.662171 -0.238411 27.3947 -115.575 641.205 
0.457997 -0.19065 -0.86827 0.530529 -0.7251 0.439057 -0.713288 -0.661728 -0.230948 27.247 -115.928 641.657 
0.459841 -0.202941 -0.864501 0.521886 -0.7259 0.448002 -0.718459 -0.657179 -0.227887 26.3761 -115.674 642.547 
0.480405 -0.223909 -0.847984 0.523591 -0.702444 0.482106 -0.703609 -0.675602 -0.220221 24.0725 -113.89 639.584 
0.47736 -0.237366 -0.846041 0.522232 -0.697695 0.490404 -0.706684 -0.675928 -0.209092 24.2049 -113.647 640.162 
0.478586 -0.255623 -0.840007 0.517723 -0.690532 0.505103 -0.709168 -0.676626 -0.198137 23.5733 -112.735 640.694 
0.480508 -0.26292 -0.836651 0.515892 -0.68674 0.512098 -0.709203 -0.677688 -0.194346 23.7435 -111.831 641.548 
0.460706 -0.23868 -0.854858 0.509421 -0.717608 0.4749 -0.726802 -0.654271 -0.209018 25.6616 -112.745 646.505 
0.457717 -0.245498 -0.854533 0.507346 -0.717163 0.477784 -0.730135 -0.652233 -0.203706 25.5869 -111.79 647.985 
0.492836 -0.278613 -0.824311 0.497538 -0.686965 0.529656 -0.713842 -0.671159 -0.199941 21.5007 -107.621 645.263 
0.466221 -0.250947 -0.84833 0.504698 -0.712119 0.488024 -0.72658 -0.655677 -0.205353 24.5642 -109.586 649.536 
0.487529 -0.287259 -0.824498 0.503785 -0.678721 0.534359 -0.713104 -0.675885 -0.18618 21.8576 -106.449 647.088 
0.495558 -0.292276 -0.817923 0.500638 -0.673404 0.543957 -0.709778 -0.679045 -0.187386 20.9559 -105.373 647.253 
0.490955 -0.288779 -0.821931 0.503828 -0.675567 0.538301 -0.710719 -0.678393 -0.186179 21.6876 -105.775 647.942 
0.485728 -0.296423 -0.822315 0.508031 -0.66981 0.541535 -0.711318 -0.6808 -0.174754 21.9748 -106.183 647.875 
0.466302 -0.269588 -0.842547 0.514665 -0.691978 0.506248 -0.719503 -0.669693 -0.183923 24.4849 -109.049 649.676 
0.489287 -0.302606 -0.817942 0.50753 -0.663907 0.549219 -0.709234 -0.683855 -0.171259 21.1272 -106.936 646.478 
0.494076 -0.301653 -0.815411 0.507293 -0.661653 0.552151 -0.706077 -0.686456 -0.17388 21.3271 -107.589 645.051 
0.472329 -0.278904 -0.836133 0.509995 -0.687225 0.517329 -0.718896 -0.670772 -0.182357 23.9868 -110.148 646.624 
0.464628 -0.265923 -0.844634 0.510171 -0.699241 0.500789 -0.723773 -0.663587 -0.189221 25.3128 -111.635 646.766 
0.472861 -0.280025 -0.835457 0.51064 -0.68562 0.51882 -0.718088 -0.671947 -0.181211 24.2938 -110.939 644.233 
0.484647 -0.267775 -0.832715 0.515666 -0.681503 0.519272 -0.706546 -0.681065 -0.192207 24.1334 -110.999 641.565 
0.487806 -0.273337 -0.829055 0.509395 -0.682126 0.524616 -0.708917 -0.678227 -0.193509 23.809 -111.205 641.303 
0.474837 -0.248553 -0.844246 0.51895 -0.695691 0.496695 -0.710789 -0.67397 -0.201354 26.1021 -113.579 641.855 
0.473637 -0.230144 -0.850119 0.520054 -0.705923 0.480851 -0.710783 -0.669856 -0.214664 26.754 -114.422 642.05 
0.462453 -0.211167 -0.86113 0.519852 -0.722198 0.456274 -0.718256 -0.658665 -0.224208 28.7569 -115.699 643.286 
0.468453 -0.207022 -0.858891 0.522431 -0.719071 0.458263 -0.712474 -0.663385 -0.228696 28.3457 -114.998 642.216 
0.490867 -0.214534 -0.844408 0.515555 -0.709773 0.480028 -0.70232 -0.670968 -0.237801 26.2698 -112.422 640.304 
0.483603 -0.188903 -0.85466 0.521948 -0.721595 0.454832 -0.702637 -0.666046 -0.250368 28.0611 -112.385 641.799 
0.481859 -0.185092 -0.856477 0.529384 -0.7174 0.45287 -0.69826 -0.671624 -0.247701 28.2896 -111.194 642.122 
0.489495 -0.178226 -0.853599 0.535524 -0.711106 0.455569 -0.688194 -0.680121 -0.252639 27.7647 -109.557 641.622 
0.485408 -0.164483 -0.858676 0.543647 -0.712394 0.443784 -0.684711 -0.682232 -0.256381 28.5953 -108.422 641.777 
0.472756 -0.146168 -0.868986 0.546939 -0.724531 0.419422 -0.690913 -0.673566 -0.262581 29.582 -108.161 644.301 
0.464333 -0.126717 -0.876549 0.558816 -0.725917 0.400962 -0.68711 -0.676009 -0.266256 30.4275 -107.487 645.093 
0.497757 -0.146483 -0.854858 0.550665 -0.708117 0.441973 -0.67008 -0.690734 -0.271807 27.0483 -102.521 642.149 
0.50666 -0.159258 -0.847309 0.549524 -0.697627 0.459719 -0.66432 -0.698537 -0.265944 26.0813 -99.6555 641.4 
0.479117 -0.130219 -0.868038 0.561217 -0.714936 0.417017 -0.674895 -0.686957 -0.269457 28.5959 -102.129 645.764 
0.490265 -0.159097 -0.85693 0.56217 -0.693616 0.450403 -0.666038 -0.702557 -0.250616 27.0379 -99.125 642.999 
0.487761 -0.162459 -0.857728 0.568016 -0.687039 0.453141 -0.662909 -0.708227 -0.242832 27.1992 -99.2134 642.599 
0.49486 -0.175421 -0.851082 0.568893 -0.67495 0.469899 -0.656868 -0.716709 -0.23421 26.2748 -98.748 640.929 
0.486659 -0.179215 -0.855012 0.573961 -0.672252 0.467597 -0.658584 -0.718303 -0.224296 26.6202 -100.277 640.828 
0.485391 -0.192619 -0.852815 0.57177 -0.667993 0.476305 -0.66142 -0.718807 -0.214104 26.3419 -101.654 640.317 
0.484785 -0.217539 -0.847149 0.571242 -0.654708 0.495017 -0.66232 -0.723903 -0.193126 25.1354 -102.985 638.916 
0.477271 -0.21637 -0.851702 0.576678 -0.654202 0.489351 -0.663066 -0.72471 -0.187456 26.0742 -105.542 638.112 
0.47395 -0.22237 -0.852011 0.580179 -0.649005 0.492123 -0.662393 -0.72756 -0.178582 26.0491 -107.51 636.587 
0.474037 -0.235557 -0.848412 0.580694 -0.64067 0.502332 -0.66188 -0.730791 -0.166915 25.5727 -109.297 634.877 
0.477786 -0.253517 -0.8411 0.575704 -0.632834 0.517771 -0.663541 -0.731608 -0.156409 25.0942 -110.77 633.599 
0.478987 -0.265502 -0.836708 0.574151 -0.626257 0.527404 -0.664021 -0.733015 -0.147531 24.6259 -112.21 632.424 
0.477372 -0.280694 -0.832663 0.571027 -0.62114 0.536763 -0.667866 -0.731708 -0.136231 24.3458 -113.569 631.727 
0.468836 -0.270612 -0.84081 0.562544 -0.642414 0.520433 -0.680984 -0.71699 -0.148956 24.9563 -116.573 633.583 
0.486359 -0.286239 -0.825544 0.564251 -0.618507 0.546874 -0.667141 -0.73179 -0.139306 23.6393 -115.81 630.355 
0.48182 -0.283299 -0.829212 0.570457 -0.6169 0.542231 -0.665154 -0.734287 -0.135625 24.2371 -116.277 629.484 
0.477492 -0.268936 -0.836466 0.56775 -0.632124 0.527334 -0.670569 -0.726701 -0.149146 25.0515 -117.071 630.626 
0.485667 -0.270358 -0.831285 0.564433 -0.629166 0.534385 -0.667491 -0.728737 -0.152966 24.3049 -115.982 629.751 
0.481629 -0.276075 -0.831755 0.566951 -0.625574 0.535933 -0.668283 -0.729685 -0.144774 24.489 -114.973 629.317 
0.474046 -0.254182 -0.843014 0.55078 -0.661382 0.509133 -0.686967 -0.705667 -0.173527 25.2581 -116.026 633.039 
0.490723 -0.26937 -0.828632 0.557899 -0.633363 0.536285 -0.669284 -0.725459 -0.160525 23.4687 -113.379 630.467 
0.48374 -0.258702 -0.836104 0.556179 -0.646752 0.521899 -0.675768 -0.717486 -0.168976 24.4876 -112.803 632.09 
0.499595 -0.253699 -0.828277 0.538128 -0.658394 0.526248 -0.678841 -0.708629 -0.192408 22.8576 -111.186 633.726 
0.480739 -0.23532 -0.844698 0.532635 -0.686866 0.494486 -0.696556 -0.687634 -0.204864 24.8529 -112.504 638.303 
0.486474 -0.233144 -0.842013 0.531304 -0.686124 0.496942 -0.693585 -0.689114 -0.209912 24.368 -111.506 639.094 
0.511362 -0.267966 -0.816519 0.517556 -0.662473 0.541541 -0.686036 -0.699517 -0.200077 21.4526 -108.091 637.887 
0.509218 -0.270299 -0.81709 0.520056 -0.659826 0.542378 -0.685741 -0.70112 -0.195425 21.4819 -107.957 638.967 
0.520388 -0.266681 -0.81122 0.518022 -0.656634 0.548167 -0.67886 -0.705489 -0.203557 20.8984 -106.778 638.966 
0.509018 -0.272648 -0.816434 0.522646 -0.655741 0.544836 -0.683917 -0.704037 -0.191286 21.6241 -107.241 639.923 
0.49323 -0.253985 -0.831995 0.532108 -0.66854 0.519535 -0.688176 -0.698961 -0.194597 23.7628 -109.233 641.277 
0.475521 -0.232444 -0.84844 0.5351 -0.689092 0.488693 -0.698247 -0.686383 -0.203297 25.6167 -111.376 643.346 
0.485289 -0.241433 -0.84036 0.536385 -0.676814 0.504197 -0.690498 -0.695437 -0.19895 24.6671 -110.818 641.433 
0.482739 -0.232622 -0.844305 0.527905 -0.691942 0.492477 -0.698771 -0.68345 -0.211225 25.0703 -111.64 642.369 
0.503681 -0.251925 -0.826341 0.53184 -0.663356 0.526409 -0.680774 -0.704623 -0.200136 23.3122 -110.344 638.363 
0.477193 -0.218331 -0.851245 0.535236 -0.696056 0.478571 -0.697001 -0.683987 -0.215294 26.9412 -113.59 641.304 
0.502255 -0.246367 -0.828881 0.528582 -0.671147 0.519774 -0.684356 -0.69919 -0.206862 24.5002 -111.246 637.657 
0.480878 -0.230035 -0.846074 0.517719 -0.704292 0.485738 -0.707619 -0.671608 -0.219585 26.7189 -113.11 640.677 
0.485266 -0.231697 -0.84311 0.5124 -0.705971 0.48893 -0.708495 -0.66927 -0.223862 26.0905 -112.791 640.191 
0.500971 -0.267821 -0.822983 0.516207 -0.670787 0.53252 -0.694666 -0.691605 -0.197794 24.2878 -111.354 636.855 
0.504337 -0.281797 -0.816232 0.517017 -0.65855 0.546815 -0.69162 -0.697784 -0.186437 23.994 -111.283 635.674 
0.477693 -0.251005 -0.841906 0.519072 -0.692517 0.500985 -0.708784 -0.676327 -0.200521 27.3276 -114.598 638.989 
0.497999 -0.288124 -0.817913 0.52239 -0.653173 0.548156 -0.692176 -0.70025 -0.174766 24.9273 -112.277 635.068 
0.484258 -0.28443 -0.827402 0.532609 -0.654438 0.536694 -0.694135 -0.700579 -0.165427 25.9777 -114.064 635.93 
0.494087 -0.31332 -0.810993 0.541886 -0.618474 0.569079 -0.679881 -0.72064 -0.135796 24.6168 -111.469 633.07 
0.489378 -0.308937 -0.815517 0.546213 -0.620411 0.562799 -0.679825 -0.720866 -0.13487 24.8915 -111.805 634.025 
0.495527 -0.320581 -0.807268 0.556536 -0.596375 0.578451 -0.666874 -0.735911 -0.117105 24.253 -109.73 632.119 
0.500123 -0.334362 -0.798798 0.56231 -0.576117 0.593211 -0.658548 -0.74585 -0.100115 23.6843 -107.342 631.092 
0.499269 -0.335679 -0.798781 0.565037 -0.572763 0.593867 -0.65686 -0.747839 -0.0962921 23.4394 -106.586 632.045 
0.498856 -0.326375 -0.802884 0.573967 -0.569711 0.588212 -0.649389 -0.754261 -0.0968754 23.8209 -105.845 632.26 
0.497861 -0.305808 -0.811552 0.577676 -0.581025 0.573326 -0.646859 -0.75425 -0.112612 24.1999 -105.814 633.987 
0.493412 -0.289786 -0.820103 0.580917 -0.59196 0.558677 -0.647365 -0.752069 -0.123739 25.154 -105.231 635.525 
0.486793 -0.261849 -0.833347 0.590751 -0.604075 0.534891 -0.643465 -0.752681 -0.139372 26.3431 -105.629 636.688 
0.495863 -0.252918 -0.830754 0.591833 -0.601651 0.536424 -0.635496 -0.75766 -0.148652 25.8674 -104.126 636.361 
0.490513 -0.232688 -0.839794 0.599516 -0.609288 0.51899 -0.632439 -0.75804 -0.159364 26.9359 -105.194 637.42 
0.499371 -0.245206 -0.830965 0.602711 -0.590682 0.536503 -0.62239 -0.768745 -0.147182 26.0822 -103.306 635.749 
0.482063 -0.236914 -0.843497 0.616176 -0.592748 0.518632 -0.622852 -0.769755 -0.139761 27.9911 -103.469 635.609 
0.487849 -0.237784 -0.839919 0.613633 -0.590921 0.523707 -0.620854 -0.770891 -0.142368 27.2252 -102.66 635.167 
0.485798 -0.229952 -0.843281 0.608545 -0.603564 0.515155 -0.627435 -0.763435 -0.153275 27.4135 -104.006 636.157 
0.483826 -0.216378 -0.847993 0.603818 -0.618853 0.50242 -0.633496 -0.755117 -0.168765 28.0591 -105.862 636.732 
0.480516 -0.186378 -0.856953 0.588803 -0.65561 0.472745 -0.649936 -0.731737 -0.205292 29.4196 -108.199 638.481 
0.474872 -0.168673 -0.86374 0.57727 -0.681113 0.450384 -0.664272 -0.712485 -0.226072 30.3934 -110.353 639.262 
0.468703 -0.157525 -0.869197 0.573081 -0.694577 0.434904 -0.672233 -0.701961 -0.235276 30.883 -112.22 638.997 
0.466158 -0.147742 -0.872278 0.564016 -0.709986 0.421671 -0.681604 -0.688544 -0.247637 31.1823 -113.765 639.182 
0.46128 -0.157229 -0.873212 0.561066 -0.710722 0.424358 -0.687333 -0.685677 -0.239627 31.6609 -114.766 638.39 
0.461819 -0.163823 -0.871714 0.556238 -0.712032 0.428498 -0.690887 -0.682768 -0.237706 31.2305 -115.916 637.943 
0.4612 -0.165098 -0.871801 0.546964 -0.720753 0.425848 -0.69866 -0.673244 -0.242108 31.0386 -116.735 638.753 
0.47493 -0.181134 -0.861181 0.554449 -0.698348 0.452656 -0.683395 -0.69246 -0.231238 29.5537 -116.532 634.877 
0.467199 -0.172557 -0.86715 0.548049 -0.713106 0.437177 -0.693808 -0.679489 -0.238593 30.0533 -117.249 636.126 
0.473432 -0.188641 -0.860393 0.550301 -0.699363 0.456138 -0.687773 -0.689425 -0.227292 29.2396 -116.674 634.989 
0.478472 -0.196161 -0.855912 0.546525 -0.696401 0.465121 -0.687296 -0.690324 -0.226002 28.5504 -116.275 635.475 
0.481304 -0.205393 -0.85215 0.544725 -0.691567 0.474354 -0.686748 -0.692495 -0.220971 28.3339 -115.382 635.47 
0.473144 -0.175851 -0.863256 0.538247 -0.71803 0.441276 -0.697443 -0.673431 -0.245081 29.8562 -116.348 638.778 
0.471146 -0.16976 -0.865565 0.540277 -0.720137 0.435322 -0.697226 -0.672744 -0.247572 29.9086 -115.979 639.603 
0.465135 -0.183098 -0.866097 0.541371 -0.71526 0.441952 -0.700405 -0.674447 -0.233569 29.9911 -115.378 640.142 
0.469179 -0.182602 -0.864018 0.539288 -0.715526 0.444064 -0.699314 -0.6743 -0.237235 29.6582 -114.664 640.6 
0.465833 -0.182676 -0.865811 0.546097 -0.710548 0.443734 -0.69626 -0.679523 -0.231239 30.0995 -114.012 640.7 
0.484869 -0.203922 -0.850481 0.54641 -0.688663 0.476635 -0.682891 -0.695816 -0.222487 27.9169 -111.875 638.528 
0.459677 -0.179259 -0.869807 0.555386 -0.70624 0.43906 -0.692997 -0.684903 -0.225085 30.8473 -113.862 641.165 
0.48635 -0.203957 -0.849627 0.553413 -0.680572 0.480164 -0.676165 -0.703721 -0.218124 27.7546 -111.442 638.028 
RFing.0_Hand
-0.461729 0.0039796 -0.887012 -0.0039796 0.999971 0.00655795 0.887012 0.00655795 -0.4617 32.7108 -9.73219 -73.4609 
-0.158417 0.065163 -0.98522 0.97781 -0.128177 -0.165704 -0.13708 -0.989609 -0.0434115 -94.6909 -19.456 663.755 
-0.139138 0.0457274 -0.989217 0.980178 -0.135907 -0.14415 -0.141033 -0.989666 -0.025911 -94.9268 -18.9386 664.425 
-0.148828 0.0487897 -0.987659 0.97927 -0.131506 -0.154061 -0.1374 -0.990114 -0.0282065 -94.4387 -19.1911 664.448 
-0.146089 0.0528971 -0.987857 0.979436 -0.13272 -0.151951 -0.139146 -0.989741 -0.0324204 -94.6279 -19.2792 664.837 
-0.147499 0.0528857 -0.987648 0.979036 -0.134013 -0.15339 -0.14047 -0.989568 -0.03201 -94.2788 -20.3202 665.198 
-0.140149 0.0419344 -0.989243 0.979911 -0.137297 -0.144647 -0.141885 -0.989642 -0.0218499 -95.2478 -18.5454 664.789 
-0.156937 0.0536237 -0.986152 0.976644 -0.139947 -0.163034 -0.146751 -0.988706 -0.0304084 -94.8813 -20.1278 664.662 
-0.151635 0.0562496 -0.986835 0.976643 -0.145235 -0.158348 -0.15223 -0.987797 -0.0329131 -95.8384 -21.2533 664.58 
-0.145896 0.0413245 -0.988437 0.977194 -0.149804 -0.150501 -0.15429 -0.987852 -0.0185261 -96.4514 -21.9496 663.891 
-0.1685 0.0568024 -0.984064 0.972204 -0.155067 -0.17542 -0.16256 -0.98627 -0.0290948 -96.0234 -25.8661 663.848 
-0.171149 0.0569549 -0.983598 0.971384 -0.157117 -0.178122 -0.164684 -0.985937 -0.0284346 -96.9224 -25.8082 662.103 
-0.174047 0.0544089 -0.983234 0.96895 -0.168611 -0.180849 -0.175623 -0.98418 -0.0233733 -97.6689 -29.1098 661.405 
-0.179642 0.0601395 -0.981892 0.965421 -0.180904 -0.187709 -0.188917 -0.981661 -0.0255619 -97.8585 -31.563 660.232 
-0.187489 0.0562401 -0.980656 0.962327 -0.18962 -0.194861 -0.19691 -0.980246 -0.0185695 -98.1198 -34.1712 658.44 
-0.187345 0.0650829 -0.980136 0.959424 -0.20193 -0.196795 -0.210726 -0.977236 -0.0246114 -98.3313 -37.6999 656.826 
-0.185343 0.0620789 -0.980712 0.955984 -0.219626 -0.194572 -0.227468 -0.973607 -0.0186402 -98.6736 -42.1228 655.695 
-0.19879 0.0661184 -0.97781 0.948701 -0.237315 -0.20892 -0.245862 -0.96918 -0.0155507 -98.3589 -46.8724 654.511 
-0.188122 0.0646169 -0.980018 0.948359 -0.247519 -0.198365 -0.255391 -0.966726 -0.0147161 -98.2077 -49.4308 652.197 
-0.201665 0.0696882 -0.976973 0.941037 -0.262835 -0.212996 -0.271625 -0.962321 -0.0125746 -96.7154 -54.1669 650.702 
-0.200637 0.0627268 -0.977656 0.934212 -0.288199 -0.210213 -0.294945 -0.955514 -0.000776631 -96.5053 -58.3149 649.79 
-0.195256 0.0642734 -0.978644 0.929008 -0.307714 -0.205563 -0.314354 -0.949306 0.000372637 -95.3444 -62.5661 648.231 
-0.192989 0.0782424 -0.978077 0.923871 -0.321249 -0.207993 -0.330479 -0.943758 -0.0102882 -93.6792 -66.239 646.022 
-0.184172 0.0695941 -0.980428 0.921744 -0.334113 -0.196865 -0.341273 -0.939961 -0.00261369 -92.9581 -69.7723 643.791 
-0.161203 0.05158 -0.985573 0.920871 -0.35133 -0.169007 -0.354978 -0.93483 0.00913692 -92.1242 -73.0117 641.753 
-0.164092 0.0617338 -0.984512 0.911969 -0.37094 -0.175262 -0.376014 -0.926603 0.00456927 -89.3784 -78.2114 640.43 
-0.157905 0.0662806 -0.985228 0.908801 -0.380465 -0.171252 -0.386195 -0.922418 -0.000158239 -87.6699 -81.9733 637.896 
-0.154207 0.0661304 -0.985823 0.90748 -0.385132 -0.167788 -0.390767 -0.92049 -0.000621757 -85.7116 -84.9051 634.965 
-0.147433 0.0762112 -0.986132 0.90059 -0.401846 -0.1657 -0.408901 -0.912531 -0.00938952 -82.8253 -89.7679 633.43 
-0.146517 0.0814749 -0.985848 0.889258 -0.425695 -0.167344 -0.433304 -0.901192 -0.0100802 -79.7647 -95.716 633.209 
-0.141485 0.120433 -0.982588 0.890001 -0.419129 -0.179525 -0.433451 -0.899904 -0.0478852 -75.4403 -97.7899 628.621 
-0.13093 0.111801 -0.985068 0.87996 -0.444569 -0.167417 -0.456648 -0.88874 -0.0401722 -73.0848 -102.895 628.393 
-0.142694 0.136065 -0.98037 0.875867 -0.443956 -0.1891 -0.460971 -0.885658 -0.0558253 -67.8067 -105.347 625.442 
-0.130303 0.138122 -0.981807 0.871445 -0.456328 -0.179854 -0.472867 -0.879027 -0.0609042 -63.92 -109.218 624.182 
-0.134801 0.174889 -0.975317 0.864944 -0.45945 -0.201933 -0.483424 -0.870816 -0.0893343 -58.6744 -112.335 622.212 
-0.130558 0.153304 -0.979517 0.85313 -0.485959 -0.189771 -0.505097 -0.860432 -0.0673424 -54.9501 -114.634 622.675 
-0.0841691 0.141092 -0.986413 0.854683 -0.498704 -0.144262 -0.512281 -0.855212 -0.078613 -51.8453 -114.013 620.548 
-0.122785 0.15419 -0.980383 0.854211 -0.486471 -0.183494 -0.505219 -0.859984 -0.0719794 -46.0513 -115.803 620.583 
-0.109092 0.143784 -0.983578 0.843717 -0.509787 -0.168104 -0.525585 -0.848201 -0.065699 -42.9813 -116.769 622.597 
-0.0890447 0.164861 -0.98229 0.835515 -0.524495 -0.163768 -0.542204 -0.8353 -0.0910402 -36.2924 -117.301 623.403 
-0.0699705 0.137435 -0.988037 0.846972 -0.515085 -0.131629 -0.527012 -0.84605 -0.0803625 -33.1927 -115.068 622.107 
-0.0672741 0.12062 -0.990417 0.845511 -0.520119 -0.120776 -0.529701 -0.845534 -0.0669951 -29.0409 -112.444 621.806 
-0.0647584 0.136991 -0.988454 0.840945 -0.525772 -0.127962 -0.53723 -0.839523 -0.0811536 -24.1719 -112.805 623.176 
-0.0356345 0.120619 -0.99206 0.842007 -0.531069 -0.094815 -0.538287 -0.8387 -0.0826377 -22.5931 -111.634 624.218 
-0.0239781 0.162296 -0.986451 0.828441 -0.549073 -0.110474 -0.559563 -0.819865 -0.121286 -18.0424 -111.562 625.719 
-0.0282438 0.171178 -0.984836 0.854278 -0.507452 -0.112702 -0.519048 -0.844507 -0.131901 -12.8016 -107.961 621.926 
-0.0213335 0.171917 -0.984881 0.842085 -0.527926 -0.110393 -0.538921 -0.831709 -0.133506 -10.8317 -108.3 624.335 
-0.0179614 0.159889 -0.986972 0.84779 -0.520856 -0.0998072 -0.530028 -0.838538 -0.126196 -8.26072 -105.741 623.602 
-0.00737578 0.180731 -0.983505 0.845899 -0.523397 -0.102524 -0.533292 -0.832702 -0.149019 -5.71544 -104.972 624.305 
-0.0121858 0.181093 -0.983391 0.846219 -0.522057 -0.106624 -0.532694 -0.833464 -0.146883 -2.94819 -103.666 624.414 
-0.0251559 0.145467 -0.989044 0.815532 -0.569206 -0.104461 -0.578165 -0.809224 -0.104314 -1.03849 -105.545 629.833 
-0.0121475 0.138614 -0.990273 0.825516 -0.557452 -0.0881563 -0.564248 -0.818557 -0.107656 -1.27523 -103.764 628.814 
-0.0192092 0.148112 -0.988785 0.811761 -0.57503 -0.101905 -0.583673 -0.804614 -0.109185 0.250068 -103.313 631.207 
-0.014744 0.177484 -0.984014 0.833795 -0.54099 -0.110071 -0.551877 -0.822089 -0.140009 2.26876 -102.641 630.923 
-0.0049484 0.157584 -0.987494 0.818864 -0.566163 -0.0944518 -0.573965 -0.809091 -0.126238 2.59215 -99.8903 632.885 
0.02076 0.132742 -0.990934 0.837867 -0.543076 -0.0551956 -0.545478 -0.829125 -0.122494 3.5606 -95.2682 632.104 
0.0188698 0.129555 -0.991393 0.829089 -0.556213 -0.0569054 -0.558797 -0.82088 -0.117908 4.18883 -93.6643 634.33 
0.0305709 0.154022 -0.987595 0.841078 -0.537812 -0.05784 -0.540049 -0.828876 -0.145985 5.30267 -92.2082 633.889 
0.0199613 0.158086 -0.987224 0.803988 -0.589489 -0.0781402 -0.59431 -0.792157 -0.138866 5.72402 -92.3894 638.465 
0.00614539 0.147034 -0.989113 0.811262 -0.57904 -0.0810355 -0.58465 -0.801932 -0.122841 7.46917 -93.4749 640.629 
0.0329434 0.138457 -0.989821 0.804131 -0.591806 -0.0560192 -0.593537 -0.794101 -0.130833 5.44136 -91.7097 641.72 
0.0306139 0.130171 -0.991019 0.807716 -0.587257 -0.0521855 -0.588775 -0.798865 -0.123119 5.45248 -92.2431 642.45 
0.0489793 0.123929 -0.991082 0.811127 -0.583943 -0.032933 -0.582816 -0.80228 -0.129123 3.64014 -92.1818 642.876 
0.0526515 0.122741 -0.991042 0.819219 -0.572824 -0.0274217 -0.571057 -0.810437 -0.130712 4.08522 -91.8862 641.822 
0.0304878 0.149676 -0.988265 0.833446 -0.549599 -0.0575274 -0.551759 -0.821912 -0.141503 5.92565 -92.6248 640.368 
0.07712 0.11861 -0.989942 0.851666 -0.524072 0.00355568 -0.518378 -0.843375 -0.141433 4.74233 -89.4025 636.454 
0.0712702 0.0811035 -0.994155 0.840935 -0.540895 0.0161593 -0.536422 -0.837171 -0.106752 5.08525 -88.2931 636.282 
0.0268057 0.126956 -0.991547 0.837568 -0.544303 -0.0470492 -0.545674 -0.829227 -0.120925 8.30001 -90.8933 635.935 
0.026204 0.112383 -0.99332 0.811104 -0.5832 -0.0445857 -0.584314 -0.804518 -0.106436 8.2186 -91.2592 637.217 
0.022291 0.116528 -0.992938 0.811162 -0.582665 -0.0501696 -0.584395 -0.804316 -0.107511 8.73921 -91.4118 636.561 
0.0350295 0.13058 -0.990819 0.82133 -0.568604 -0.0458994 -0.569377 -0.812182 -0.127167 8.49114 -91.0273 635.218 
0.0292107 0.154506 -0.98756 0.822109 -0.5657 -0.0641887 -0.56858 -0.810007 -0.143545 9.74006 -91.3671 634.359 
0.0115831 0.151312 -0.988419 0.80923 -0.582072 -0.0796235 -0.587378 -0.798936 -0.129188 11.4358 -91.7975 634.973 
7.40719e-05 0.161588 -0.986859 0.790131 -0.604893 -0.0989863 -0.612938 -0.77974 -0.127721 12.8242 -92.2395 635.112 
0.0177682 0.161998 -0.986632 0.788401 -0.609146 -0.0858192 -0.614904 -0.776337 -0.138542 11.7809 -91.8156 635.391 
0.00852194 0.167744 -0.985794 0.79865 -0.594372 -0.0942356 -0.601735 -0.786501 -0.139034 12.7038 -91.3709 634.658 
0.0107517 0.171055 -0.985203 0.78974 -0.605794 -0.0965621 -0.613346 -0.777017 -0.141602 13.3403 -90.8107 634.885 
0.00582461 0.169573 -0.985501 0.78808 -0.607419 -0.0998595 -0.615544 -0.776072 -0.137174 13.7134 -90.3017 635.582 
0.00684318 0.170151 -0.985395 0.794022 -0.599925 -0.098077 -0.60785 -0.781754 -0.139209 13.8346 -89.4996 635.936 
0.0109694 0.175523 -0.984415 0.80878 -0.580471 -0.094487 -0.588008 -0.795139 -0.148327 13.1799 -87.8395 636.034 
-0.0008166 0.188789 -0.982018 0.80472 -0.582854 -0.112721 -0.593653 -0.790342 -0.151446 15.0401 -87.3018 637.113 
0.0209585 0.185119 -0.982493 0.811474 -0.57719 -0.0914426 -0.584012 -0.795351 -0.162316 14.3555 -83.3545 636.399 
-0.00555956 0.215012 -0.976596 0.808778 -0.573375 -0.130842 -0.588087 -0.790577 -0.170709 16.7956 -83.4364 637.637 
-0.0170878 0.225034 -0.974202 0.799664 -0.581814 -0.148422 -0.600203 -0.781571 -0.17001 17.8528 -83.4708 639.063 
-0.0147525 0.227391 -0.973692 0.802972 -0.577591 -0.147054 -0.595834 -0.784017 -0.174067 18.0793 -82.7415 638.456 
-0.0181717 0.229171 -0.973217 0.803949 -0.575341 -0.150492 -0.594419 -0.785152 -0.173786 18.1956 -82.3447 638.058 
-0.012775 0.223133 -0.974705 0.801149 -0.581005 -0.143507 -0.598328 -0.782717 -0.171341 18.1286 -82.4792 638.058 
-0.024209 0.225677 -0.973902 0.805662 -0.572367 -0.152659 -0.59188 -0.788332 -0.167962 18.9255 -83.2147 637.373 
