Lower Arm R
-0.0148834 -0.327094 -0.944875 0.327094 0.891393 -0.313732 0.944875 -0.313732 0.0937236 43.3573 -12.3442 -85.718 
-0.959111 -0.192923 -0.207097 -0.220978 0.0532106 0.973827 -0.176853 0.979771 -0.0936656 -58.9042 56.5837 678.117 
-0.962135 -0.198539 -0.186763 -0.201522 0.0567455 0.97784 -0.18354 0.978449 -0.0946056 -59.6303 55.3278 677.707 
-0.959686 -0.200505 -0.196981 -0.211167 0.0517925 0.976078 -0.185506 0.978323 -0.0920436 -60.0269 56.1218 677.505 
-0.962002 -0.194997 -0.191126 -0.202668 0.040873 0.978395 -0.182972 0.979952 -0.0788386 -59.6503 55.7265 677.026 
-0.960795 -0.196895 -0.19521 -0.208709 0.0501059 0.976694 -0.182524 0.979144 -0.0892342 -57.8871 56.3873 676.975 
-0.958821 -0.197884 -0.203731 -0.218237 0.0542647 0.974387 -0.18176 0.978723 -0.0952148 -57.2766 56.4686 676.791 
-0.961362 -0.194361 -0.194957 -0.207447 0.0459206 0.977169 -0.180971 0.979855 -0.084465 -59.8889 55.6421 676.451 
-0.960626 -0.195445 -0.197488 -0.212875 0.0609266 0.975179 -0.178561 0.978821 -0.100132 -60.6742 57.0339 676.748 
-0.961663 -0.193176 -0.194652 -0.210732 0.0663152 0.975293 -0.175495 0.978921 -0.10448 -59.1407 56.2932 677.158 
-0.961141 -0.187118 -0.20297 -0.218313 0.0651903 0.9737 -0.168964 0.980172 -0.103506 -61.125 55.2854 677.154 
-0.961589 -0.184008 -0.203688 -0.218956 0.0666463 0.973457 -0.165548 0.980663 -0.104375 -61.7869 55.1848 677.851 
-0.962558 -0.177129 -0.205203 -0.220602 0.07192 0.97271 -0.157536 0.981557 -0.108301 -63.5234 53.7513 678.034 
-0.960037 -0.176494 -0.217212 -0.235314 0.0888475 0.967851 -0.151521 0.980284 -0.126827 -63.178 53.5521 678.524 
-0.956554 -0.173076 -0.234628 -0.251829 0.0849182 0.96404 -0.146927 0.981241 -0.124813 -64.1963 52.8127 678.791 
-0.955044 -0.174967 -0.23933 -0.259765 0.104803 0.959969 -0.14288 0.978981 -0.14554 -65.1377 50.9538 678.596 
-0.954558 -0.174439 -0.241644 -0.263314 0.113861 0.957968 -0.139592 0.978063 -0.154618 -67.2916 49.0999 678.514 
-0.952306 -0.174488 -0.250336 -0.272557 0.117503 0.954938 -0.13721 0.977623 -0.159456 -69.2437 47.7484 678.451 
-0.945788 -0.173875 -0.274325 -0.295901 0.11308 0.948502 -0.1339 0.978254 -0.158398 -72.064 46.2006 678.168 
-0.941233 -0.179354 -0.286206 -0.308934 0.114615 0.944153 -0.136533 0.977086 -0.163286 -73.3866 44.308 678.013 
-0.942362 -0.173385 -0.286169 -0.308807 0.121414 0.943344 -0.128817 0.977342 -0.167958 -76.0864 40.9219 677.194 
-0.9375 -0.170504 -0.303354 -0.325266 0.119524 0.938039 -0.123681 0.978081 -0.167512 -78.7617 39.3529 676.57 
-0.933591 -0.16885 -0.316069 -0.339104 0.131166 0.931561 -0.115836 0.976876 -0.179712 -81.0413 36.1877 675.643 
-0.925792 -0.171966 -0.336656 -0.360541 0.133887 0.923085 -0.113665 0.975963 -0.185951 -83.1832 33.7641 675.071 
-0.921179 -0.173157 -0.348494 -0.373712 0.143963 0.916306 -0.108494 0.974316 -0.197325 -85.672 31.4542 674.56 
-0.915986 -0.177401 -0.359861 -0.387466 0.158375 0.908179 -0.104118 0.971312 -0.213805 -87.8191 29.4207 673.996 
-0.916159 -0.172038 -0.362019 -0.388535 0.159304 0.907559 -0.0984631 0.972124 -0.21279 -88.5088 25.3359 673.261 
-0.909518 -0.177598 -0.375817 -0.403871 0.163707 0.90005 -0.0983225 0.970392 -0.22062 -91.4546 22.9982 672.568 
-0.904865 -0.178101 -0.386653 -0.41427 0.159337 0.896099 -0.0979875 0.971027 -0.217959 -93.7111 19.9156 671.898 
-0.899405 -0.184348 -0.396343 -0.426052 0.166977 0.889157 -0.0977338 0.968574 -0.22872 -95.9082 16.5037 671.113 
-0.887664 -0.192847 -0.418168 -0.449387 0.164531 0.878056 -0.100528 0.967337 -0.23271 -98.4981 14.059 670.496 
-0.882467 -0.201022 -0.425257 -0.459455 0.174692 0.870853 -0.100771 0.963885 -0.24652 -100.615 11.1351 669.514 
-0.870417 -0.213894 -0.443424 -0.4805 0.172936 0.859776 -0.107216 0.961428 -0.253301 -102.596 9.13661 668.976 
-0.864848 -0.231011 -0.445728 -0.488716 0.184251 0.852766 -0.114871 0.955346 -0.272247 -104.853 5.2602 668.185 
-0.855453 -0.245633 -0.455924 -0.504511 0.196509 0.840746 -0.116921 0.949236 -0.292028 -106.452 2.91897 667.148 
-0.843504 -0.256428 -0.471962 -0.522241 0.186122 0.832241 -0.125567 0.948475 -0.29091 -107.858 -0.545066 666.244 
-0.831165 -0.280543 -0.480065 -0.538391 0.190333 0.82092 -0.13893 0.940782 -0.309239 -109.308 -3.03737 665.432 
-0.825834 -0.305391 -0.474063 -0.542165 0.198763 0.816426 -0.155103 0.931252 -0.329716 -110.443 -6.39374 664.272 
-0.808865 -0.327672 -0.488232 -0.562312 0.188338 0.805193 -0.171886 0.92583 -0.336593 -111.67 -8.22391 663.055 
-0.790644 -0.350408 -0.502093 -0.580537 0.168427 0.796625 -0.194577 0.921329 -0.336589 -112.494 -11.1512 662.123 
-0.772459 -0.369285 -0.51666 -0.598511 0.151284 0.786702 -0.212354 0.91692 -0.337881 -113.435 -13.7641 660.985 
-0.747163 -0.385417 -0.541482 -0.621835 0.117713 0.774253 -0.23467 0.915204 -0.327615 -114.68 -16.1031 660.08 
-0.720792 -0.40776 -0.560529 -0.640629 0.0830988 0.763342 -0.264681 0.9093 -0.321119 -116.305 -18.2493 659.694 
-0.688143 -0.421707 -0.590444 -0.663221 0.0355353 0.747581 -0.294278 0.906036 -0.304137 -117.824 -20.5374 659.481 
-0.653646 -0.424322 -0.626658 -0.684926 -0.0205294 0.728325 -0.321908 0.905279 -0.277209 -119.095 -23.3631 659.025 
-0.612006 -0.436745 -0.659321 -0.704688 -0.0772663 0.705299 -0.358978 0.896262 -0.26048 -121.7 -25.7914 659.233 
-0.579641 -0.43924 -0.686357 -0.71031 -0.14043 0.689739 -0.399345 0.887327 -0.230597 -122.653 -29.7305 659.338 
-0.536168 -0.450695 -0.713722 -0.722476 -0.192235 0.664135 -0.436525 0.871734 -0.222545 -124.501 -33.3511 659.368 
-0.49567 -0.456998 -0.738557 -0.724552 -0.251307 0.641772 -0.478892 0.853228 -0.206553 -126.797 -36.6889 659.932 
-0.459086 -0.456705 -0.762012 -0.726083 -0.301355 0.618054 -0.511904 0.837022 -0.193257 -128.541 -40.6057 659.927 
-0.428338 -0.452248 -0.782304 -0.723907 -0.346412 0.596623 -0.540821 0.82187 -0.179003 -129.135 -44.7816 659.931 
-0.40119 -0.434928 -0.806155 -0.723238 -0.389676 0.570159 -0.562117 0.811783 -0.158221 -129.107 -48.4049 659.89 
-0.365703 -0.436577 -0.821988 -0.724948 -0.420261 0.54574 -0.583706 0.795476 -0.162803 -131.354 -51.8102 659.408 
-0.351404 -0.469868 -0.809778 -0.715969 -0.422444 0.555815 -0.603245 0.775091 -0.187961 -132.511 -54.9609 658.932 
-0.328192 -0.444036 -0.833741 -0.709157 -0.467244 0.527997 -0.62401 0.764536 -0.161545 -133.048 -58.8829 658.347 
-0.299483 -0.430173 -0.851623 -0.704531 -0.502201 0.501429 -0.643387 0.750164 -0.152669 -133.787 -61.0699 658.039 
-0.273878 -0.423333 -0.863587 -0.690266 -0.538741 0.483003 -0.66972 0.728387 -0.144662 -134.869 -64.1913 658.014 
-0.254833 -0.418636 -0.871668 -0.668962 -0.574588 0.471529 -0.698249 0.703273 -0.133627 -135.704 -67.2401 657.736 
-0.231736 -0.414449 -0.880075 -0.64723 -0.609706 0.457551 -0.726218 0.675641 -0.126952 -136.313 -70.1321 657.592 
-0.208046 -0.400764 -0.892248 -0.626467 -0.645956 0.436212 -0.75117 0.649716 -0.116676 -136.19 -72.7223 657.331 
-0.179884 -0.389151 -0.903441 -0.604827 -0.680548 0.413569 -0.775775 0.620819 -0.112948 -137.328 -75.9529 656.547 
-0.167463 -0.379239 -0.91002 -0.572596 -0.713997 0.402918 -0.802553 0.588546 -0.0975815 -137.319 -79.6846 656.015 
-0.148486 -0.372712 -0.915991 -0.540763 -0.744906 0.390758 -0.827967 0.553355 -0.0909399 -136.872 -82.4888 655.433 
-0.110748 -0.33271 -0.936505 -0.517213 -0.78535 0.340173 -0.848662 0.522045 -0.0851051 -138.533 -85.9061 654.493 
-0.0945485 -0.298812 -0.949618 -0.493185 -0.81455 0.305414 -0.864772 0.497213 -0.0703542 -138.513 -89.107 653.84 
-0.0923181 -0.300494 -0.949306 -0.467214 -0.828839 0.307796 -0.879312 0.471943 -0.0638773 -138.219 -92.5598 652.61 
-0.0794301 -0.292992 -0.952811 -0.452449 -0.841107 0.29636 -0.888247 0.454637 -0.0657539 -137.79 -94.739 651.448 
-0.0711477 -0.27073 -0.960023 -0.420145 -0.864783 0.275009 -0.904664 0.422915 -0.0522182 -137.216 -98.0133 650.285 
-0.0425438 -0.247128 -0.968049 -0.384492 -0.890253 0.244165 -0.922148 0.382594 -0.0571435 -137.448 -100.823 649.339 
-0.0381318 -0.248228 -0.967952 -0.339246 -0.90791 0.246195 -0.939925 0.337761 -0.0495896 -137.396 -103.758 648.466 
-0.0160504 -0.243048 -0.969882 -0.329486 -0.914542 0.234632 -0.944025 0.323328 -0.0654017 -139.385 -104.598 647.337 
-0.0122743 -0.230193 -0.973068 -0.29778 -0.928146 0.223322 -0.954556 0.292501 -0.0571541 -139.832 -107.202 645.611 
0.00330336 -0.197085 -0.980382 -0.256024 -0.947877 0.189687 -0.966665 0.250374 -0.0535892 -140.392 -110.458 644.24 
-0.00426374 -0.170154 -0.985409 -0.225645 -0.959839 0.166714 -0.974201 0.223063 -0.0343014 -138.878 -112.699 643.485 
-0.00456978 -0.156305 -0.987699 -0.18755 -0.970048 0.154379 -0.982245 0.185948 -0.0248817 -137.775 -114.57 642.438 
-0.00213176 -0.17351 -0.984831 -0.15032 -0.973587 0.171854 -0.988636 0.148405 -0.0240061 -137.487 -115.793 641.232 
0.00962808 -0.151841 -0.988359 -0.11158 -0.982395 0.149837 -0.99371 0.108837 -0.0264005 -136.67 -117.283 639.654 
0.00920325 -0.143379 -0.989626 -0.0924019 -0.985555 0.141929 -0.99568 0.0901364 -0.0223184 -135.006 -116.799 639.112 
0.0184036 -0.129385 -0.991424 -0.0416624 -0.99083 0.128534 -0.998963 0.038939 -0.023625 -134.586 -119.822 636.977 
0.0388331 -0.111387 -0.993019 -0.0253501 -0.993558 0.110455 -0.998925 0.0208832 -0.0414063 -134.195 -119.535 635.79 
0.00365022 -0.100055 -0.994976 0.0259386 -0.994638 0.100115 -0.999658 -0.0261743 -0.00103509 -129.451 -122.426 634.972 
0.0295053 -0.114939 -0.992935 0.0319982 -0.992749 0.115867 -0.999053 -0.0351914 -0.0256133 -130.631 -121.947 633.795 
0.0164868 -0.140785 -0.989904 0.0187052 -0.989821 0.141084 -0.99969 -0.0208429 -0.0136852 -128.645 -120.136 634.374 
0.0409722 -0.119905 -0.99194 0.0489847 -0.991339 0.121855 -0.99796 -0.053583 -0.0347435 -129.612 -121.235 632.604 
0.0359837 -0.127193 -0.991226 0.0571219 -0.989984 0.129107 -0.997719 -0.061267 -0.0283575 -129.441 -121.752 631.913 
0.0450584 -0.114663 -0.992383 0.0858204 -0.989275 0.1182 -0.995292 -0.0904931 -0.0347345 -129.799 -122.376 630.252 
0.0276045 -0.0778023 -0.996587 0.121182 -0.989353 0.0805932 -0.992247 -0.122993 -0.0178822 -127.217 -123.971 629.682 
0.0504486 -0.0741541 -0.995971 0.155122 -0.984556 0.0811607 -0.986607 -0.158592 -0.0381664 -129.389 -124.809 627.396 
0.0543275 -0.0664598 -0.99631 0.170516 -0.982509 0.0748364 -0.983857 -0.173953 -0.0420447 -129.247 -124.712 626.705 
0.0474006 -0.0474617 -0.997748 0.193843 -0.979445 0.0557991 -0.979888 -0.196052 -0.037226 -127.618 -124.998 626.134 
0.0538858 -0.0874974 -0.994707 0.189824 -0.977091 0.0962302 -0.980339 -0.194005 -0.0360421 -128.385 -122.9 626.276 
0.0630608 -0.0546247 -0.996514 0.243784 -0.967411 0.0684555 -0.967778 -0.247252 -0.047689 -127.398 -124.509 623.389 
0.0445822 -0.0478672 -0.997859 0.266175 -0.962176 0.0580467 -0.962894 -0.268194 -0.0301548 -124.154 -125.106 623.326 
0.0510123 -0.0752824 -0.995857 0.261251 -0.961427 0.0860612 -0.963923 -0.264559 -0.0293769 -124.316 -123.941 623.858 
0.0753968 -0.0533488 -0.995726 0.316164 -0.945766 0.0746112 -0.945705 -0.320439 -0.0544408 -124.298 -124.047 620.883 
0.0869183 -0.0376634 -0.995504 0.356512 -0.93193 0.0663846 -0.93024 -0.36068 -0.0675743 -124.121 -123.751 618.894 
0.074918 -0.0726106 -0.994543 0.398728 -0.911966 0.0966166 -0.914005 -0.403791 -0.0393708 -122.668 -123.605 617.383 
0.142821 -0.016711 -0.989608 0.439644 -0.894731 0.0785576 -0.886745 -0.446295 -0.120439 -126.02 -123.031 614.177 
0.138383 0.0252347 -0.990058 0.498603 -0.865521 0.0476294 -0.855714 -0.500237 -0.132355 -123.735 -121.401 610.382 
0.13964 0.0660502 -0.987998 0.540974 -0.840796 0.0202487 -0.829367 -0.537309 -0.15314 -122.066 -119.367 607.587 
0.141347 0.0960296 -0.985292 0.577894 -0.816105 0.00336197 -0.803779 -0.56987 -0.170849 -120.879 -117.715 605.358 
0.134319 0.110953 -0.984707 0.607936 -0.793959 -0.00653584 -0.782543 -0.597761 -0.174097 -119.829 -116.34 603.834 
0.128171 0.139334 -0.981916 0.632065 -0.774432 -0.0273885 -0.764243 -0.617124 -0.187328 -118.229 -114.482 602.525 
0.144795 0.117073 -0.982512 0.637991 -0.770041 0.00226504 -0.756309 -0.627162 -0.18619 -120.111 -114.204 602.19 
0.122791 0.15414 -0.98039 0.678312 -0.734143 -0.0304687 -0.724443 -0.661268 -0.194701 -117.835 -113.195 599.541 
0.0982833 0.162783 -0.981755 0.691295 -0.720819 -0.0503133 -0.715858 -0.673737 -0.183376 -115.728 -113.25 599.779 
0.0854819 0.142142 -0.986149 0.706378 -0.706668 -0.040628 -0.702655 -0.693121 -0.160813 -115.565 -114.08 598.557 
0.100726 0.120897 -0.987542 0.735631 -0.677337 -0.00788984 -0.669853 -0.725672 -0.157162 -117.175 -114.452 594.095 
0.0775555 0.131545 -0.988272 0.765025 -0.643491 -0.0256174 -0.639315 -0.754066 -0.150542 -115.067 -114.399 591.135 
0.0657693 0.149248 -0.986611 0.803675 -0.593962 -0.036277 -0.591424 -0.790528 -0.159012 -113.889 -113.516 586.8 
0.0576627 0.125797 -0.990379 0.818564 -0.573861 -0.0252332 -0.571515 -0.809234 -0.136064 -113.24 -112.885 584.583 
0.0584696 0.135612 -0.989036 0.850048 -0.52625 -0.0219049 -0.523451 -0.839447 -0.146047 -112.913 -110.244 579.587 
0.0585629 0.140673 -0.988323 0.86989 -0.492896 -0.0186122 -0.489759 -0.858642 -0.151236 -112.093 -107.291 576.396 
0.0688403 0.139998 -0.987756 0.882074 -0.471082 -0.00529369 -0.466055 -0.87091 -0.155918 -111.777 -104.741 574.411 
0.0884952 0.0937602 -0.991654 0.883788 -0.466596 0.0347522 -0.459444 -0.879488 -0.124156 -112.752 -103.713 574.043 
0.0872641 0.0759945 -0.993283 0.900425 -0.432571 0.0460101 -0.42617 -0.898392 -0.106176 -111.519 -99.3936 571.996 
0.107357 0.0681353 -0.991884 0.910727 -0.406928 0.0706189 -0.398814 -0.910916 -0.10574 -110.824 -95.3405 570.754 
0.139461 -0.0221166 -0.989981 0.913426 -0.383172 0.137236 -0.382368 -0.923413 -0.0332363 -112.955 -92.8205 570.222 
0.1499 -0.0496577 -0.987454 0.929748 -0.332636 0.157868 -0.336303 -0.941747 -0.00369389 -111.493 -87.3078 568.52 
0.179661 -0.0689614 -0.981309 0.932919 -0.304503 0.1922 -0.312066 -0.950012 0.00962731 -111.219 -82.4232 567.802 
0.201455 -0.10399 -0.973963 0.937455 -0.267727 0.222489 -0.283894 -0.957867 0.0435506 -111.21 -77.8513 566.38 
0.218957 -0.119709 -0.968364 0.940031 -0.240135 0.242235 -0.261536 -0.963331 0.0599497 -109.887 -72.7017 565.276 
0.23762 -0.176886 -0.955118 0.936845 -0.218048 0.273455 -0.256632 -0.959775 0.113901 -110.437 -69.6432 564.803 
0.256251 -0.173772 -0.950863 0.939243 -0.187659 0.287414 -0.228383 -0.966741 0.115126 -107.446 -64.4373 563.013 
0.295243 -0.197936 -0.934695 0.929766 -0.16567 0.328769 -0.219927 -0.966114 0.135121 -107.075 -61.314 561.935 
0.320155 -0.258364 -0.911455 0.92221 -0.135241 0.362269 -0.216864 -0.956535 0.194967 -107.398 -59.6779 560.959 
0.348731 -0.290358 -0.891112 0.914811 -0.101231 0.390991 -0.203736 -0.951549 0.230319 -106.164 -57.63 559.409 
0.375113 -0.285675 -0.881863 0.906854 -0.0840678 0.412977 -0.192114 -0.954633 0.227529 -103.734 -55.5617 558.097 
0.406396 -0.329347 -0.852276 0.892203 -0.0580939 0.447884 -0.197022 -0.94242 0.270234 -103.831 -55.7248 557.539 
0.430699 -0.352797 -0.830683 0.881625 -0.0323332 0.470844 -0.192971 -0.935142 0.297108 -102.182 -54.4522 556.41 
0.452334 -0.367811 -0.812472 0.872234 -0.00756645 0.489031 -0.186019 -0.92987 0.317393 -100.966 -53.4129 555.071 
0.481428 -0.341239 -0.807332 0.859132 0.00133491 0.511753 -0.173553 -0.939976 0.293811 -98.2355 -50.986 553.492 
0.488637 -0.348844 -0.799715 0.85743 0.0224401 0.514113 -0.1614 -0.936913 0.310073 -96.0629 -50.2941 552.287 
0.488554 -0.32045 -0.811559 0.862351 0.0356469 0.505055 -0.132916 -0.946595 0.293755 -91.6137 -49.53 550.399 
0.489663 -0.306977 -0.816086 0.864523 0.049335 0.500167 -0.113279 -0.950438 0.289546 -88.6093 -48.3861 548.958 
0.49709 -0.289131 -0.818111 0.862223 0.0588297 0.503102 -0.0973337 -0.955481 0.278538 -86.0349 -48.122 547.533 
0.504997 -0.27229 -0.819047 0.858938 0.0652213 0.50791 -0.08488 -0.960003 0.266816 -83.7144 -47.5521 545.839 
0.506147 -0.260435 -0.822186 0.85925 0.070255 0.50671 -0.0742031 -0.962932 0.259337 -80.6487 -47.554 544.062 
0.51057 -0.25486 -0.821198 0.857263 0.0770408 0.509083 -0.0664798 -0.963905 0.257816 -78.7717 -47.6874 541.994 
RFing.0_Hand
-0.461729 0.0039796 -0.887012 -0.0039796 0.999971 0.00655795 0.887012 0.00655795 -0.4617 32.7108 -9.73219 -73.4609 
-0.878657 -0.44696 0.167898 0.356596 -0.38049 0.853268 -0.317493 0.809601 0.493705 -73.5142 64.0223 676.842 
-0.873175 -0.453731 0.178029 0.370448 -0.380421 0.847377 -0.316755 0.805859 0.500259 -74.0782 63.0601 676.336 
-0.873994 -0.455204 0.170072 0.366093 -0.386654 0.846448 -0.319548 0.802052 0.504581 -74.5539 63.7045 676.135 
-0.87149 -0.458078 0.175132 0.372396 -0.385766 0.844101 -0.319104 0.800843 0.506778 -74.1348 63.4189 675.829 
-0.877485 -0.448329 0.170357 0.359033 -0.378545 0.853111 -0.317987 0.809756 0.493133 -72.4025 64.0041 675.674 
-0.876379 -0.449839 0.172064 0.362681 -0.381327 0.850325 -0.316896 0.807611 0.497336 -71.8577 63.9496 675.436 
-0.871944 -0.454429 0.182231 0.37509 -0.380791 0.845166 -0.314676 0.805291 0.502481 -74.4039 63.2715 675.22 
-0.878028 -0.446011 0.173614 0.359974 -0.376351 0.853685 -0.315413 0.812056 0.491 -75.2083 64.6037 675.382 
-0.880101 -0.440576 0.176961 0.35331 -0.358752 0.863984 -0.317166 0.822915 0.471399 -73.654 63.9018 675.786 
-0.875856 -0.445439 0.185636 0.365623 -0.361472 0.857705 -0.314953 0.819099 0.479461 -75.7062 62.7798 675.877 
-0.876514 -0.4449 0.183816 0.359754 -0.351702 0.864224 -0.319845 0.823632 0.468327 -76.3752 62.6715 676.609 
-0.873765 -0.447463 0.190558 0.365055 -0.344524 0.864892 -0.321355 0.825276 0.464382 -78.1261 61.2198 676.853 
-0.879416 -0.440035 0.181651 0.349585 -0.337922 0.873841 -0.323137 0.831973 0.451005 -77.8724 60.8181 677.225 
-0.88643 -0.432266 0.165494 0.331403 -0.343112 0.878889 -0.323131 0.833919 0.447399 -79.0211 59.8234 677.572 
-0.892608 -0.420714 0.162026 0.31818 -0.333266 0.887522 -0.319395 0.843762 0.431339 -79.996 57.8613 677.208 
-0.892945 -0.420741 0.160083 0.312001 -0.322088 0.89382 -0.324506 0.848079 0.418879 -82.1668 55.9598 677.072 
-0.901092 -0.410032 0.141096 0.287794 -0.32211 0.901898 -0.324359 0.853299 0.408256 -84.1809 54.4675 676.988 
-0.90215 -0.412642 0.125908 0.28042 -0.339077 0.897993 -0.327857 0.845431 0.421612 -87.1672 52.5501 676.758 
-0.903648 -0.412728 0.114353 0.267702 -0.335919 0.903047 -0.3343 0.846649 0.414041 -88.5665 50.4513 676.518 
-0.909415 -0.401494 0.108481 0.252167 -0.324894 0.911513 -0.330722 0.856299 0.396707 -91.2685 47.0717 675.747 
-0.913624 -0.395924 0.0923892 0.234515 -0.327586 0.915254 -0.332106 0.857865 0.392141 -94.0554 45.2366 675.194 
-0.918515 -0.386787 0.0820153 0.219732 -0.326906 0.919158 -0.328707 0.862281 0.385258 -96.4146 41.8526 674.237 
-0.921832 -0.380868 0.0718785 0.208285 -0.330391 0.920576 -0.32687 0.863587 0.383895 -98.6783 39.0763 673.625 
-0.926838 -0.371401 0.0550658 0.183741 -0.320767 0.929165 -0.32743 0.871304 0.365541 -101.234 36.55 673.058 
-0.927887 -0.370098 0.0453069 0.170833 -0.313974 0.933936 -0.331423 0.874327 0.354558 -103.442 34.2871 672.372 
-0.928213 -0.369787 0.0409667 0.16592 -0.312878 0.935189 -0.333003 0.874852 0.351774 -104.146 30.1843 671.721 
-0.93032 -0.365816 0.0261495 0.150646 -0.316159 0.936669 -0.334381 0.875341 0.349239 -107.163 27.584 670.944 
-0.932437 -0.361025 0.0149248 0.138758 -0.319631 0.937327 -0.333628 0.876069 0.348132 -109.474 24.3209 670.308 
-0.934305 -0.35645 0.0043308 0.12736 -0.322433 0.937986 -0.332948 0.876916 0.346649 -111.715 20.7034 669.409 
-0.933134 -0.358868 -0.0217804 0.103106 -0.325152 0.940025 -0.344427 0.874923 0.340412 -114.401 17.8447 668.713 
-0.934729 -0.353215 -0.0389984 0.0809032 -0.318383 0.944504 -0.346029 0.8797 0.326178 -116.542 14.7392 667.578 
-0.932146 -0.355705 -0.0676589 0.0543213 -0.322129 0.945136 -0.357985 0.87733 0.319594 -118.585 12.3571 666.883 
-0.927965 -0.365353 -0.0734688 0.0435556 -0.302122 0.952274 -0.370113 0.880477 0.296273 -120.83 8.32661 665.787 
-0.927562 -0.36247 -0.0907951 0.0216887 -0.2948 0.955313 -0.373039 0.884143 0.281307 -122.445 5.68568 664.507 
-0.924036 -0.364352 -0.115778 0.00273277 -0.309132 0.951016 -0.382296 0.878456 0.286646 -123.888 1.88957 663.504 
-0.914552 -0.378857 -0.141639 -0.0218316 -0.303439 0.952601 -0.403878 0.874295 0.26924 -125.315 -0.915477 662.318 
-0.907711 -0.395723 -0.139515 -0.0242448 -0.28248 0.958967 -0.418895 0.873847 0.246817 -126.369 -4.34949 660.723 
-0.898311 -0.403487 -0.173882 -0.0502438 -0.298828 0.952984 -0.436477 0.864813 0.248168 -127.573 -6.57057 659.213 
-0.888983 -0.411205 -0.201543 -0.0694743 -0.31391 0.946908 -0.45264 0.855787 0.250493 -128.356 -9.85559 657.986 
-0.88128 -0.415653 -0.224898 -0.082722 -0.332862 0.939341 -0.465299 0.846426 0.258961 -129.257 -12.8316 656.603 
-0.871809 -0.411035 -0.266457 -0.106726 -0.371508 0.922276 -0.478079 0.832486 0.280016 -130.473 -15.6596 655.519 
-0.857666 -0.4123 -0.307275 -0.131834 -0.401285 0.906417 -0.497021 0.817911 0.289814 -132.007 -18.2239 654.811 
-0.844885 -0.40563 -0.348759 -0.149329 -0.447201 0.88188 -0.513682 0.797167 0.317262 -133.454 -21.0538 654.396 
-0.836885 -0.385283 -0.388818 -0.167947 -0.495334 0.852314 -0.520977 0.77859 0.349831 -134.671 -24.463 653.87 
-0.815923 -0.374966 -0.440079 -0.193745 -0.539835 0.819172 -0.544732 0.753644 0.367816 -137.115 -27.4909 653.767 
-0.798109 -0.35687 -0.485454 -0.208795 -0.591974 0.778442 -0.565178 0.722642 0.397948 -137.947 -31.7866 653.656 
-0.780074 -0.340116 -0.525171 -0.22638 -0.629066 0.743659 -0.583298 0.698998 0.413723 -139.554 -35.9282 653.271 
-0.755739 -0.327708 -0.566979 -0.237182 -0.670036 0.703418 -0.610412 0.666078 0.428647 -141.611 -39.6406 653.431 
-0.736285 -0.307279 -0.60288 -0.250847 -0.703524 0.664929 -0.628459 0.640807 0.440915 -143.137 -43.9214 653.117 
-0.72309 -0.284067 -0.629641 -0.254084 -0.73824 0.624855 -0.642326 0.611808 0.461638 -143.546 -48.3811 652.875 
-0.709268 -0.23251 -0.66549 -0.278466 -0.774853 0.567503 -0.647607 0.587828 0.484834 -143.39 -52.356 652.762 
-0.690239 -0.238514 -0.68314 -0.272449 -0.78896 0.55074 -0.670329 0.566263 0.47959 -145.358 -56.0965 651.928 
-0.676972 -0.247706 -0.693073 -0.282071 -0.782449 0.555167 -0.679813 0.571328 0.459827 -146.273 -59.0338 650.905 
-0.663706 -0.227675 -0.712501 -0.268242 -0.816745 0.510857 -0.698241 0.530181 0.481008 -146.715 -63.247 650.312 
-0.652029 -0.202594 -0.730625 -0.271849 -0.8371 0.474724 -0.707783 0.508154 0.490739 -147.252 -65.7205 649.824 
-0.637 -0.172298 -0.751362 -0.275036 -0.859752 0.430328 -0.720129 0.48077 0.500275 -148.122 -68.9254 649.508 
-0.624198 -0.153357 -0.766067 -0.266302 -0.880061 0.393162 -0.73448 0.449416 0.508494 -148.792 -71.8956 648.935 
-0.614171 -0.139 -0.776835 -0.252834 -0.897823 0.36054 -0.747575 0.417843 0.516274 -149.19 -74.7281 648.455 
-0.601569 -0.109411 -0.791292 -0.25348 -0.913237 0.318977 -0.757537 0.392463 0.521643 -148.867 -77.3497 647.935 
-0.585908 -0.088542 -0.805526 -0.242149 -0.929471 0.278295 -0.773354 0.358113 0.523145 -149.744 -80.6109 646.823 
-0.5839 -0.0785413 -0.808017 -0.21604 -0.944387 0.247914 -0.782552 0.319321 0.534461 -149.627 -84.1131 646.05 
-0.57866 -0.0650481 -0.81297 -0.20768 -0.952202 0.224012 -0.788683 0.298464 0.537493 -148.991 -86.7035 645.147 
-0.556335 -0.0180267 -0.830762 -0.196519 -0.96855 0.152619 -0.807386 0.248168 0.535297 -150.311 -90.4292 643.946 
-0.545077 0.0204014 -0.838137 -0.184381 -0.978146 0.0961013 -0.81786 0.206919 0.536928 -150.156 -93.746 643.195 
-0.550818 0.024767 -0.834258 -0.169701 -0.982004 0.0828917 -0.817191 0.187233 0.545109 -149.835 -96.875 641.8 
-0.541626 0.0322541 -0.840001 -0.158478 -0.985263 0.0643535 -0.825546 0.167977 0.538757 -149.265 -99.0112 640.471 
-0.517223 0.0555094 -0.854048 -0.157554 -0.987016 0.0312649 -0.841223 0.15073 0.519254 -148.617 -102.147 639.18 
-0.516703 0.0815197 -0.852275 -0.109093 -0.993612 -0.0288997 -0.849186 0.0780447 0.522296 -148.526 -104.878 637.884 
-0.496616 0.0794476 -0.864327 -0.0862457 -0.995391 -0.041941 -0.863675 0.0537158 0.50118 -148.42 -107.257 636.777 
-0.39657 0.100218 -0.912518 -0.0976038 -0.992992 -0.0666389 -0.912801 0.0626381 0.403574 -150.141 -108.107 635.404 
-0.403714 0.125036 -0.906301 -0.0637552 -0.992054 -0.108467 -0.912661 0.0139918 0.408479 -150.548 -110.456 633.57 
-0.397299 0.207916 -0.893826 -0.0555497 -0.977659 -0.202726 -0.916007 -0.0308911 0.399973 -150.923 -113.574 632.001 
-0.409076 0.2158 -0.886616 -0.0330661 -0.974501 -0.221936 -0.911901 -0.0614715 0.405781 -149.503 -115.694 631.298 
-0.41632 0.213843 -0.883713 0.00590564 -0.971292 -0.237818 -0.909199 -0.104227 0.403107 -148.4 -117.235 630.174 
-0.44099 0.19275 -0.87657 0.0436084 -0.970912 -0.235434 -0.896452 -0.14205 0.419757 -148.086 -117.814 628.823 
-0.441057 0.207269 -0.873217 0.0823814 -0.959509 -0.269363 -0.89369 -0.190741 0.406124 -147.115 -119.062 627.079 
-0.494527 0.214461 -0.842288 0.10514 -0.947204 -0.302905 -0.86278 -0.238353 0.44587 -145.453 -118.425 626.518 
-0.513341 0.222785 -0.828763 0.137122 -0.932016 -0.335476 -0.84716 -0.285855 0.447894 -144.908 -120.959 624.227 
-0.486407 0.228518 -0.843319 0.165312 -0.923689 -0.345645 -0.857951 -0.307535 0.411513 -144.241 -120.659 622.82 
-0.527586 0.232503 -0.817065 0.174238 -0.911752 -0.371955 -0.831441 -0.338601 0.440517 -139.939 -123.014 622.32 
-0.512478 0.227619 -0.827983 0.195925 -0.907799 -0.37083 -0.83605 -0.352265 0.420632 -140.8 -122.291 620.877 
-0.500187 0.204617 -0.841394 0.200596 -0.917867 -0.342465 -0.842362 -0.340077 0.41806 -138.998 -120.38 621.601 
-0.493268 0.226202 -0.839952 0.220515 -0.901541 -0.372288 -0.841463 -0.368859 0.394821 -139.637 -121.3 619.569 
-0.493411 0.227048 -0.83964 0.211657 -0.904971 -0.369094 -0.843651 -0.35983 0.398467 -139.536 -121.637 618.932 
-0.455928 0.239939 -0.857064 0.24769 -0.890727 -0.381125 -0.854857 -0.386052 0.346677 -139.767 -122.011 617.178 
-0.507151 0.253282 -0.8238 0.271647 -0.860147 -0.43169 -0.817928 -0.442714 0.367422 -137.375 -123.551 616.758 
-0.496602 0.254631 -0.829789 0.30637 -0.843047 -0.442053 -0.812111 -0.473747 0.340648 -139.246 -123.947 614.262 
-0.495591 0.256873 -0.829702 0.327076 -0.829751 -0.452255 -0.804619 -0.495509 0.327201 -139.045 -123.717 613.535 
-0.494744 0.277632 -0.823498 0.326148 -0.819014 -0.472065 -0.805516 -0.502133 0.314654 -137.48 -123.902 613.021 
-0.496223 0.266929 -0.826143 0.288698 -0.846682 -0.446973 -0.81879 -0.460304 0.343082 -138.212 -121.43 613.174 
-0.486988 0.297489 -0.821184 0.319112 -0.814601 -0.484349 -0.813025 -0.497922 0.301769 -137.064 -122.629 610.219 
-0.490167 0.314955 -0.812736 0.310343 -0.808266 -0.500395 -0.814508 -0.497504 0.298442 -134.054 -123.041 610.358 
-0.467077 0.293737 -0.834001 0.308801 -0.829631 -0.465141 -0.828542 -0.474796 0.296796 -134.168 -121.646 610.893 
-0.453912 0.319857 -0.831658 0.34053 -0.800231 -0.493629 -0.82341 -0.507269 0.254314 -133.798 -121.148 607.778 
-0.435994 0.33372 -0.835787 0.378417 -0.77463 -0.506705 -0.816523 -0.537196 0.211449 -133.443 -120.402 605.768 
-0.427824 0.317119 -0.846405 0.408241 -0.767679 -0.493973 -0.806416 -0.556871 0.198971 -132.2 -119.372 604.67 
-0.395201 0.36212 -0.844207 0.448639 -0.725868 -0.521382 -0.801585 -0.584795 0.124403 -134.535 -118.436 600.881 
-0.415801 0.389574 -0.821791 0.471515 -0.680334 -0.561089 -0.777678 -0.620789 0.099194 -132.229 -116.328 597.247 
-0.425753 0.426145 -0.798207 0.494468 -0.62921 -0.599665 -0.757784 -0.649996 0.0571733 -130.442 -113.995 594.495 
-0.431785 0.453065 -0.779932 0.520465 -0.581066 -0.625683 -0.736667 -0.676087 0.0150916 -129.146 -112.006 592.341 
-0.436214 0.467271 -0.769009 0.537598 -0.549992 -0.639139 -0.721599 -0.692219 -0.0112895 -128.149 -110.312 590.995 
-0.443951 0.491537 -0.749198 0.549318 -0.511273 -0.660947 -0.707925 -0.704976 -0.0430291 -126.542 -108.328 589.741 
-0.419073 0.479748 -0.770857 0.57236 -0.519481 -0.634464 -0.704828 -0.707094 -0.0568876 -128.265 -107.658 589.498 
-0.437384 0.508226 -0.741891 0.589452 -0.46102 -0.663331 -0.679148 -0.727439 -0.097932 -126.171 -106.411 587.095 
-0.447512 0.499152 -0.742011 0.587364 -0.461611 -0.664771 -0.674342 -0.733323 -0.0866073 -124.369 -106.483 587.534 
-0.443218 0.48094 -0.756475 0.617731 -0.447661 -0.646537 -0.649589 -0.753855 -0.0986799 -124.454 -106.994 586.675 
-0.43221 0.479507 -0.76372 0.655178 -0.414952 -0.631314 -0.619626 -0.773233 -0.134816 -125.928 -106.6 582.6 
-0.454214 0.469745 -0.756987 0.662071 -0.390566 -0.639626 -0.596114 -0.791706 -0.133603 -124.099 -106.295 580.038 
-0.4701 0.499771 -0.727485 0.68464 -0.3137 -0.657922 -0.557022 -0.807355 -0.194693 -123.018 -104.938 576.146 
-0.479868 0.467504 -0.742406 0.696196 -0.312031 -0.64649 -0.53389 -0.82709 -0.17574 -122.555 -103.965 574.382 
-0.486802 0.482334 -0.72827 0.721026 -0.24876 -0.646715 -0.493097 -0.839924 -0.226679 -122.185 -100.8 569.828 
-0.495294 0.483435 -0.721786 0.737293 -0.205485 -0.643565 -0.459437 -0.850921 -0.254658 -121.347 -97.4975 566.969 
-0.494916 0.486283 -0.720129 0.750592 -0.178303 -0.636256 -0.437801 -0.855416 -0.276755 -120.897 -94.6127 565.211 
-0.468495 0.453685 -0.758078 0.776262 -0.198301 -0.59841 -0.421817 -0.86882 -0.259275 -121.756 -93.1383 565.238 
-0.46444 0.440123 -0.768497 0.796389 -0.172011 -0.579809 -0.387377 -0.881308 -0.27062 -120.59 -88.4254 563.76 
-0.452536 0.43169 -0.780291 0.818331 -0.146641 -0.555726 -0.354324 -0.890023 -0.286905 -119.643 -83.9365 562.842 
-0.413209 0.360827 -0.836099 0.855557 -0.160647 -0.492155 -0.311899 -0.918693 -0.242327 -121.527 -80.6437 563.246 
-0.405147 0.34042 -0.848511 0.877332 -0.116318 -0.465576 -0.257188 -0.933051 -0.251536 -119.961 -74.6119 562.396 
-0.375247 0.328003 -0.866951 0.899522 -0.0968797 -0.426 -0.223719 -0.939696 -0.258692 -119.287 -69.2754 562.105 
-0.33971 0.300451 -0.89125 0.921163 -0.0850287 -0.379777 -0.189886 -0.95 -0.247879 -118.996 -64.2594 561.375 
-0.324435 0.293336 -0.899276 0.93277 -0.0586886 -0.355663 -0.157106 -0.954207 -0.254574 -117.425 -58.818 560.712 
-0.28205 0.24115 -0.928598 0.949306 -0.069885 -0.306489 -0.138805 -0.967969 -0.209215 -117.715 -55.4318 560.868 
-0.276865 0.248647 -0.928181 0.954255 -0.0423313 -0.295983 -0.112886 -0.967669 -0.225553 -114.439 -49.991 559.433 
-0.243283 0.224074 -0.943719 0.965628 -0.0358544 -0.257445 -0.0915231 -0.973913 -0.20765 -113.456 -46.5143 558.67 
-0.190182 0.160456 -0.968548 0.979556 -0.0348892 -0.198124 -0.0655821 -0.986426 -0.150541 -113.343 -44.5654 558.374 
-0.155668 0.130561 -0.979144 0.987214 -0.0138593 -0.1588 -0.0343033 -0.991344 -0.126735 -111.6 -42.2455 557.366 
-0.132188 0.14115 -0.981124 0.991132 0.0052685 -0.13278 -0.0135729 -0.989974 -0.140595 -108.733 -40.0153 556.165 
-0.0722105 0.0961672 -0.992743 0.997366 8.88296e-05 -0.0725392 -0.0068878 -0.995365 -0.0959206 -108.214 -39.9493 556.013 
-0.0278623 0.0694767 -0.997195 0.99959 0.00855973 -0.0273339 0.00663653 -0.997547 -0.0696871 -106.081 -38.5207 555.229 
-0.00185791 0.0612152 -0.998123 0.999907 0.0135747 -0.00102964 0.013486 -0.998033 -0.0612351 -104.433 -37.362 554.198 
0.0124077 0.0913399 -0.995743 0.999478 0.0285846 0.0150754 0.0298398 -0.99541 -0.0909379 -101.23 -34.8466 552.511 
0.0165778 0.0912071 -0.995694 0.998702 0.0464599 0.0208827 0.0481644 -0.994748 -0.0903189 -98.9026 -34.1102 551.634 
-0.00355719 0.12547 -0.992091 0.997101 0.075849 0.00601658 0.0760039 -0.989194 -0.125377 -94.5217 -33.3522 549.916 
-0.00516471 0.135214 -0.990803 0.995362 0.0958768 0.00789481 0.0960624 -0.986167 -0.135082 -91.5239 -32.2049 548.672 
0.00242162 0.152205 -0.988346 0.994649 0.101718 0.0181006 0.103287 -0.983101 -0.151144 -88.8419 -31.9206 547.323 
0.00634514 0.170354 -0.985363 0.993481 0.111082 0.025601 0.113818 -0.979102 -0.16854 -86.3984 -31.3296 545.655 
-0.000952128 0.186433 -0.982468 0.992819 0.117703 0.0213722 0.119624 -0.975392 -0.185207 -83.3276 -31.3301 543.93 
0.000184931 0.194417 -0.980919 0.992448 0.120293 0.0240281 0.122669 -0.973515 -0.192927 -81.3736 -31.4505 541.941 
RFing.0_0
-0.546612 -0.125744 -0.827891 0.125744 0.965126 -0.229609 0.827891 -0.229609 -0.511738 0.327304 -10.0113 -11.2501 
-0.955829 -0.293831 0.00733454 0.0729172 -0.212877 0.974354 -0.284733 0.931851 0.224899 -135.139 89.0322 654.575 
-0.953707 -0.300525 0.0113035 0.0784756 -0.212404 0.974025 -0.290318 0.929822 0.226155 -135.319 89.0415 654.12 
-0.953777 -0.300494 0.00368978 0.0722889 -0.217494 0.97338 -0.291691 0.928655 0.229164 -135.852 89.3805 653.724 
-0.950583 -0.310193 0.013142 0.08421 -0.216855 0.972564 -0.298832 0.92561 0.232261 -135.257 89.5369 653.449 
-0.949504 -0.31197 0.03343 0.101517 -0.204649 0.973556 -0.296879 0.927789 0.225986 -133.945 89.1849 653.372 
-0.948979 -0.312735 0.0404586 0.111139 -0.211625 0.97101 -0.295106 0.925965 0.235586 -133.323 89.3862 653.211 
-0.948451 -0.311527 0.0582348 0.128962 -0.211522 0.968827 -0.289497 0.926396 0.240794 -135.558 89.5784 653.15 
-0.950237 -0.305666 0.060154 0.127385 -0.205029 0.97043 -0.284293 0.929802 0.233764 -136.789 89.8505 653.261 
-0.949312 -0.302313 0.0860998 0.149561 -0.193488 0.969635 -0.276474 0.933364 0.228896 -135.38 88.6813 653.542 
-0.944719 -0.302838 0.125681 0.192599 -0.20233 0.960191 -0.265353 0.931317 0.249471 -137.135 88.4228 653.788 
-0.944615 -0.292949 0.147932 0.210822 -0.196215 0.957628 -0.251509 0.935778 0.247108 -137.85 87.9029 654.176 
-0.932082 -0.298916 0.204627 0.26773 -0.187935 0.944987 -0.244015 0.935591 0.2552 -139.408 86.823 654.315 
-0.928215 -0.296791 0.224347 0.284524 -0.177744 0.942047 -0.239714 0.938255 0.249429 -139.551 85.3363 654.562 
-0.929976 -0.290296 0.225549 0.28539 -0.183364 0.940706 -0.231725 0.939205 0.253372 -141.191 83.0664 654.909 
-0.928366 -0.277665 0.247059 0.300242 -0.16847 0.938867 -0.219067 0.945791 0.239769 -142.6 80.1769 654.808 
-0.924571 -0.279421 0.25902 0.310337 -0.157885 0.937423 -0.221039 0.947099 0.232691 -144.794 77.842 654.313 
-0.930675 -0.269096 0.247852 0.29551 -0.153549 0.942918 -0.215677 0.950795 0.222426 -147.38 74.652 654.239 
-0.930091 -0.273854 0.244816 0.297605 -0.171115 0.939228 -0.215319 0.946427 0.240653 -150.44 72.2174 653.764 
-0.933632 -0.270914 0.234386 0.285553 -0.167732 0.94357 -0.216312 0.947878 0.23396 -151.944 69.2266 653.072 
-0.926106 -0.270652 0.262821 0.310632 -0.151714 0.938344 -0.21409 0.950648 0.224577 -155.051 64.7574 652.552 
-0.930856 -0.270817 0.245285 0.292742 -0.151043 0.944186 -0.218652 0.950707 0.21988 -158.133 61.6843 651.902 
-0.93215 -0.269319 0.242002 0.287209 -0.143004 0.947132 -0.220472 0.952375 0.210653 -160.835 57.2635 651.183 
-0.936405 -0.271257 0.222632 0.268213 -0.144126 0.952517 -0.226289 0.951655 0.207715 -163.332 53.6844 650.7 
-0.938125 -0.272815 0.213291 0.25558 -0.129858 0.958026 -0.233665 0.953262 0.19155 -166.239 49.4366 650.094 
-0.943364 -0.273859 0.187257 0.226887 -0.120756 0.966405 -0.242046 0.954159 0.176053 -168.52 46.2685 649.128 
-0.944362 -0.270222 0.18751 0.226335 -0.120253 0.966597 -0.238647 0.955259 0.174723 -169.247 41.8211 648.366 
-0.946669 -0.27522 0.167548 0.207212 -0.12181 0.970682 -0.246741 0.953633 0.172343 -172.411 38.1496 647.493 
-0.948016 -0.279109 0.152853 0.19381 -0.125437 0.972986 -0.252395 0.952032 0.173011 -174.871 34.0527 646.909 
-0.943033 -0.296921 0.150088 0.192616 -0.119427 0.973979 -0.27127 0.947405 0.169816 -177.243 29.6358 646.058 
-0.938339 -0.325081 0.117654 0.163964 -0.118856 0.979279 -0.30436 0.938188 0.16483 -179.847 25.0761 644.557 
-0.937649 -0.333205 0.0989432 0.142335 -0.10838 0.983866 -0.317105 0.936605 0.149049 -182.1 20.4133 643.31 
-0.935131 -0.348481 0.0639602 0.108791 -0.110615 0.98789 -0.337186 0.930766 0.141352 -183.962 16.1669 641.776 
-0.929429 -0.364302 0.0587004 0.0983784 -0.0913148 0.99095 -0.355644 0.926793 0.120711 -185.913 11.3813 639.83 
-0.923253 -0.382608 0.0348666 0.0712763 -0.0813983 0.994129 -0.377523 0.920318 0.102423 -187.501 7.20677 638.344 
-0.914557 -0.403908 0.0210677 0.0663782 -0.0985069 0.992919 -0.398972 0.909481 0.116901 -188.696 2.08117 636.692 
-0.90206 -0.431574 -0.00567066 0.037578 -0.091618 0.995084 -0.429972 0.897413 0.0988631 -189.458 -2.44671 633.992 
-0.89077 -0.454358 -0.00939403 0.0249848 -0.0696005 0.997261 -0.453767 0.888096 0.0733506 -190.031 -6.04996 631.344 
-0.878624 -0.476325 -0.0336861 0.0114656 -0.0915674 0.995732 -0.477376 0.874488 0.0859151 -190.577 -10.0945 628.601 
-0.867402 -0.495002 -0.0508726 0.00553795 -0.11183 0.993711 -0.497578 0.861665 0.099743 -190.706 -14.7283 626.241 
-0.857005 -0.509264 -0.0786962 -0.0137484 -0.130065 0.991409 -0.515125 0.850725 0.104465 -191.066 -18.6334 623.969 
-0.848655 -0.515489 -0.118563 -0.0289838 -0.178493 0.983514 -0.528152 0.8381 0.136538 -191.617 -23.145 621.989 
-0.8348 -0.529754 -0.149903 -0.037974 -0.216223 0.975604 -0.549242 0.820127 0.160387 -192.16 -27.4703 619.952 
-0.82788 -0.526804 -0.192596 -0.0550506 -0.265394 0.962566 -0.558197 0.807492 0.190714 -192.71 -31.5272 618.369 
-0.823603 -0.519427 -0.227759 -0.0587021 -0.321348 0.945139 -0.56412 0.79179 0.234172 -193.366 -36.2422 617.332 
-0.809622 -0.516506 -0.278808 -0.0786677 -0.375236 0.923584 -0.581655 0.769688 0.263168 -194.341 -41.0795 615.562 
-0.805736 -0.503704 -0.311564 -0.068185 -0.44366 0.893597 -0.588336 0.741248 0.323128 -193.923 -46.4307 614.017 
-0.796649 -0.491049 -0.352452 -0.0840662 -0.487422 0.869109 -0.598568 0.722005 0.347024 -194.265 -51.8057 612.362 
-0.780144 -0.488191 -0.391211 -0.0843684 -0.537523 0.839017 -0.619885 0.68756 0.378157 -194.615 -56.2757 610.62 
-0.767302 -0.476561 -0.429113 -0.093293 -0.579073 0.809919 -0.634463 0.661487 0.399864 -194.777 -61.5149 609.04 
-0.764684 -0.451658 -0.459635 -0.0993438 -0.622118 0.776595 -0.636702 0.639512 0.430854 -194.26 -66.2016 607.826 
-0.772948 -0.389677 -0.500704 -0.123036 -0.68213 0.720805 -0.622426 0.618749 0.479306 -193.135 -71.8866 607.342 
-0.752767 -0.409195 -0.515657 -0.110671 -0.693515 0.711891 -0.648917 0.592956 0.476769 -193.768 -75.2051 604.915 
-0.748712 -0.409249 -0.521485 -0.12382 -0.686494 0.716515 -0.651228 0.601034 0.463313 -193.753 -78.8172 603.226 
-0.74027 -0.394534 -0.544375 -0.11008 -0.727652 0.677055 -0.663237 0.561128 0.495228 -193.265 -82.0606 601.341 
-0.740621 -0.365648 -0.563722 -0.121364 -0.752374 0.647459 -0.660871 0.547938 0.512848 -192.983 -84.7871 600.184 
-0.736927 -0.324208 -0.593151 -0.144807 -0.781394 0.607004 -0.66028 0.53321 0.528882 -192.799 -88.2156 599.002 
-0.730956 -0.292635 -0.616496 -0.159663 -0.804983 0.57141 -0.663484 0.516107 0.541684 -192.57 -90.5732 597.423 
-0.732192 -0.27705 -0.622204 -0.14746 -0.827382 0.541935 -0.664944 0.488551 0.564949 -192.265 -92.4611 596.023 
-0.73338 -0.248305 -0.63285 -0.141467 -0.854788 0.499323 -0.664937 0.455721 0.591757 -191.058 -95.128 594.806 
-0.731551 -0.230443 -0.641661 -0.127225 -0.878476 0.460537 -0.669811 0.418542 0.613332 -190.837 -97.5946 592.584 
-0.729933 -0.212731 -0.649572 -0.122311 -0.894345 0.430333 -0.672486 0.393564 0.626792 -190.58 -99.2656 591.166 
-0.728148 -0.185718 -0.65978 -0.137885 -0.903224 0.406415 -0.671408 0.386904 0.632073 -189.576 -101.27 589.833 
-0.723236 -0.158006 -0.672282 -0.106363 -0.936375 0.334497 -0.682361 0.313426 0.660414 -189.33 -104.213 587.32 
-0.711821 -0.106268 -0.694275 -0.127156 -0.952656 0.276185 -0.690755 0.284875 0.664607 -188.386 -106.678 585.834 
-0.708274 -0.130484 -0.693773 -0.0841921 -0.960142 0.266532 -0.700899 0.247188 0.669057 -188.466 -108.777 584.486 
-0.698749 -0.104365 -0.707713 -0.106044 -0.96326 0.246749 -0.707463 0.247465 0.662009 -187.252 -110.127 582.571 
-0.706997 -0.0982964 -0.700352 -0.0669855 -0.976534 0.204679 -0.704037 0.191621 0.683822 -184.893 -113.197 580.181 
-0.690865 -0.0610245 -0.720403 -0.0716044 -0.985757 0.152169 -0.719429 0.156712 0.676655 -184.765 -112.53 578.326 
-0.697186 -0.0654879 -0.713892 -0.043045 -0.990198 0.132871 -0.715596 0.123365 0.687533 -183.251 -113.306 576.203 
-0.579058 -0.0600061 -0.813075 -0.0653846 -0.990658 0.119676 -0.81266 0.122462 0.569724 -177.955 -114.953 571.384 
-0.554797 -0.0487068 -0.830558 -0.0382734 -0.995734 0.0839578 -0.831105 0.0783677 0.550566 -178.863 -114.928 569.561 
-0.517439 0.0233704 -0.8554 -0.0295208 -0.99952 -0.00945167 -0.85521 0.0203611 0.51788 -178.787 -117.47 567.756 
-0.49444 0.0110094 -0.869141 0.0237931 -0.999374 -0.0261957 -0.868886 -0.0336321 0.493868 -178.194 -118.014 567.341 
-0.478493 0.000358845 -0.878091 0.0624102 -0.997457 -0.0344176 -0.87587 -0.0712708 0.477254 -177.599 -116.821 566.407 
