Lower Arm L
-0.305218 -0.320392 -0.896767 0.320392 0.852254 -0.413536 0.896767 -0.413536 -0.157472 11.677 7.89292 -70.5016 
-0.86592 0.382463 0.322342 -0.384523 -0.0968693 -0.918019 -0.319882 -0.918879 0.230948 174.06 44.0739 593.816 
-0.865242 0.388306 0.317135 -0.384826 -0.108934 -0.916539 -0.32135 -0.915069 0.243686 173.336 43.3518 593.654 
-0.863551 0.392525 0.316553 -0.385427 -0.108997 -0.916279 -0.325158 -0.91326 0.245415 173.091 43.6647 593.849 
-0.864782 0.39407 0.311226 -0.382072 -0.114187 -0.917051 -0.325844 -0.911959 0.249311 174.161 43.3058 593.706 
-0.86511 0.397943 0.30533 -0.377899 -0.116836 -0.918446 -0.329815 -0.909939 0.251459 174.854 43.1583 593.961 
-0.862934 0.402482 0.30554 -0.379531 -0.117023 -0.917749 -0.333621 -0.907917 0.253739 174.776 43.372 594.241 
-0.861182 0.407893 0.303299 -0.379407 -0.118749 -0.917578 -0.338256 -0.905274 0.257023 174.206 43.5759 594.512 
-0.860722 0.40231 0.311938 -0.381834 -0.104927 -0.918256 -0.336692 -0.909471 0.243929 170.847 44.4362 594.501 
-0.863215 0.399481 0.308668 -0.380828 -0.113898 -0.917605 -0.331408 -0.909638 0.250453 170.746 43.689 594.119 
-0.858915 0.412306 0.30376 -0.382419 -0.121862 -0.915918 -0.340621 -0.902858 0.262343 173.69 43.6078 594.787 
-0.857825 0.417955 0.299083 -0.381888 -0.128911 -0.915175 -0.343946 -0.899275 0.270196 173.617 42.9121 595.006 
-0.857295 0.423309 0.293013 -0.378687 -0.132921 -0.915931 -0.348773 -0.896182 0.274255 173.792 42.2099 595.391 
-0.854945 0.427026 0.29448 -0.378785 -0.126089 -0.916856 -0.35439 -0.895405 0.269551 173.209 42.5514 595.743 
-0.855354 0.42705 0.293256 -0.376687 -0.12409 -0.917992 -0.355638 -0.895672 0.267006 172.662 42.5694 595.799 
-0.855768 0.427503 0.291381 -0.375627 -0.126121 -0.91815 -0.355762 -0.895172 0.268513 172.5 42.3418 595.732 
-0.853807 0.430077 0.293341 -0.376778 -0.121665 -0.918279 -0.359241 -0.894556 0.265923 172.033 42.6742 595.989 
-0.856929 0.424306 0.292639 -0.371763 -0.115529 -0.921112 -0.357024 -0.898118 0.256742 169.594 41.7893 595.742 
-0.858166 0.424417 0.288827 -0.37113 -0.124171 -0.920242 -0.354702 -0.896912 0.264074 170.225 41.1866 595.609 
-0.857259 0.427234 0.287366 -0.36971 -0.122308 -0.921063 -0.358361 -0.89583 0.262803 170.999 41.0052 595.823 
-0.853048 0.434797 0.288549 -0.371497 -0.117676 -0.920947 -0.366469 -0.892806 0.26191 171.034 40.665 595.844 
-0.850063 0.440995 0.287954 -0.372326 -0.116468 -0.920766 -0.372515 -0.88992 0.2632 171.122 40.3567 595.685 
-0.842869 0.455506 0.286509 -0.374827 -0.114944 -0.919942 -0.386105 -0.882781 0.267619 171.071 40.1967 596.154 
-0.834972 0.469202 0.287528 -0.380897 -0.115668 -0.917355 -0.397166 -0.875482 0.275298 170.89 40.1712 596.118 
-0.830587 0.476122 0.288848 -0.383173 -0.112224 -0.916834 -0.404109 -0.872189 0.27565 170.962 39.8327 595.84 
-0.827265 0.483557 0.286019 -0.383503 -0.114005 -0.916477 -0.41056 -0.867857 0.279758 170.915 38.8391 595.388 
-0.82769 0.485318 0.281773 -0.383819 -0.123256 -0.915146 -0.409406 -0.865606 0.288293 170.781 38.2216 594.506 
-0.828272 0.485166 0.280322 -0.387159 -0.133873 -0.912243 -0.405061 -0.864113 0.298721 170.199 37.2568 593.661 
-0.825345 0.489877 0.280762 -0.392828 -0.141012 -0.908737 -0.405578 -0.860311 0.308822 168.992 36.4844 593.306 
-0.822598 0.492428 0.284337 -0.397843 -0.141144 -0.906532 -0.406269 -0.858832 0.312015 167.63 35.6531 593.154 
-0.819886 0.493487 0.290274 -0.406556 -0.144848 -0.902071 -0.403114 -0.857606 0.31939 166.932 34.6419 592.799 
-0.818012 0.495293 0.292476 -0.409625 -0.144642 -0.900715 -0.403813 -0.856599 0.321204 165.985 34.1562 592.703 
-0.818835 0.496287 0.288458 -0.407921 -0.149525 -0.900691 -0.403869 -0.855184 0.324883 164.902 33.049 592.517 
-0.817942 0.497051 0.289676 -0.409695 -0.149769 -0.899844 -0.403884 -0.854698 0.326143 163.828 32.8538 592.467 
-0.818936 0.495446 0.289618 -0.410532 -0.153116 -0.898899 -0.40101 -0.855037 0.328789 162.395 32.0468 592.139 
-0.819876 0.494968 0.287769 -0.409105 -0.154831 -0.899256 -0.400546 -0.855005 0.329437 160.753 31.5807 592.026 
-0.817039 0.497421 0.291583 -0.414459 -0.155101 -0.896754 -0.400838 -0.853531 0.332885 158.988 31.075 591.961 
-0.815203 0.498346 0.29512 -0.416868 -0.151118 -0.896318 -0.402078 -0.853706 0.330937 156.735 30.1894 591.86 
-0.812581 0.501893 0.296338 -0.419672 -0.150998 -0.895029 -0.404461 -0.851647 0.333329 154.471 29.7012 591.858 
-0.809939 0.505215 0.297922 -0.422122 -0.149463 -0.894133 -0.4072 -0.849952 0.334319 152.614 29.1674 592.075 
-0.809035 0.504958 0.3008 -0.424162 -0.147317 -0.893524 -0.406878 -0.850479 0.333369 150.193 28.7088 592.061 
-0.811269 0.502968 0.298105 -0.419562 -0.145709 -0.895956 -0.4072 -0.851934 0.329236 147.707 28.1032 592.295 
-0.812531 0.500922 0.298113 -0.419767 -0.147958 -0.895491 -0.404462 -0.852752 0.330492 145.162 27.5966 592.726 
-0.812077 0.49901 0.302523 -0.425246 -0.151026 -0.892389 -0.399621 -0.853334 0.334848 142.723 27.2827 593.222 
-0.813877 0.496602 0.301646 -0.423558 -0.15169 -0.893079 -0.397747 -0.85462 0.333798 140.762 26.5855 593.933 
-0.812343 0.494907 0.308492 -0.429361 -0.149575 -0.890661 -0.394651 -0.855975 0.334001 138.428 26.9005 594.649 
-0.811952 0.491826 0.314392 -0.433326 -0.146984 -0.889171 -0.391106 -0.858197 0.332466 136.536 26.6805 595.374 
-0.80951 0.492132 0.320156 -0.437521 -0.142042 -0.887919 -0.391497 -0.858854 0.330303 133.935 26.3808 596.248 
-0.811249 0.489911 0.319159 -0.437915 -0.147395 -0.886852 -0.387435 -0.859221 0.334115 132.808 25.9805 596.835 
-0.814446 0.487194 0.31515 -0.435076 -0.153398 -0.887231 -0.38391 -0.859715 0.336902 131.704 25.7555 597.34 
-0.816197 0.488111 0.309144 -0.432934 -0.16235 -0.886686 -0.382611 -0.857548 0.343831 130.457 25.0333 597.775 
-0.817811 0.487723 0.305472 -0.428914 -0.162661 -0.88858 -0.383692 -0.85771 0.342218 129.686 25.7803 598.343 
-0.813463 0.490046 0.313263 -0.43623 -0.157822 -0.885887 -0.384685 -0.85729 0.342156 128.091 26.3916 598.879 
-0.814774 0.489649 0.310464 -0.434316 -0.160733 -0.886304 -0.384075 -0.856976 0.343624 128.052 26.6926 599.296 
-0.815118 0.488952 0.31066 -0.434373 -0.161062 -0.886217 -0.383281 -0.857312 0.343673 126.938 26.4892 599.829 
-0.814253 0.487892 0.314569 -0.435731 -0.15561 -0.886524 -0.383577 -0.858922 0.339296 126.21 26.7281 600.671 
-0.815238 0.48469 0.316958 -0.436634 -0.154881 -0.886207 -0.380444 -0.860864 0.337898 125.56 26.8897 601.414 
-0.8172 0.478063 0.321934 -0.438214 -0.15255 -0.885832 -0.374371 -0.864976 0.334158 124.17 26.504 601.717 
-0.816213 0.475063 0.328805 -0.441336 -0.145396 -0.885485 -0.372854 -0.867856 0.328337 122.444 26.2259 602.428 
-0.816826 0.47357 0.329437 -0.442098 -0.147007 -0.884838 -0.370602 -0.868401 0.329444 121.134 25.1225 602.784 
-0.817406 0.470657 0.332159 -0.44397 -0.147289 -0.883854 -0.367068 -0.869935 0.329354 120.388 24.9465 602.994 
-0.820709 0.466289 0.33017 -0.440518 -0.148422 -0.88539 -0.363842 -0.872093 0.327221 120.057 24.2523 603.077 
-0.817442 0.468797 0.334693 -0.446076 -0.147597 -0.882741 -0.364426 -0.870887 0.329772 119.828 24.4387 603.13 
-0.815755 0.46884 0.338723 -0.448962 -0.144044 -0.881865 -0.364662 -0.871458 0.327997 119.359 24.2565 603.016 
-0.81681 0.469325 0.335493 -0.447228 -0.147769 -0.882129 -0.364429 -0.870573 0.330595 119.371 23.8539 602.978 
-0.819057 0.469081 0.330318 -0.444879 -0.155747 -0.881945 -0.362257 -0.869313 0.336251 119.068 23.3802 603.09 
-0.820368 0.471635 0.323353 -0.443715 -0.168324 -0.880219 -0.360714 -0.865579 0.34736 118.766 22.6537 603.465 
-0.816445 0.47517 0.328074 -0.450587 -0.168971 -0.876596 -0.361096 -0.863517 0.352062 118.002 22.9444 604.2 
-0.813208 0.474338 0.337189 -0.45869 -0.165803 -0.872991 -0.358185 -0.864588 0.352407 116.099 22.781 604.697 
-0.81348 0.476008 0.334167 -0.458274 -0.170843 -0.872238 -0.358102 -0.862687 0.35712 115.676 22.3879 605.533 
-0.812884 0.47712 0.334031 -0.45868 -0.170981 -0.871997 -0.358933 -0.862045 0.357834 115.177 22.4124 605.887 
-0.811685 0.481421 0.33076 -0.457906 -0.172915 -0.872022 -0.362616 -0.859263 0.360799 115.152 21.9054 606.196 
-0.808926 0.482854 0.335397 -0.461135 -0.167233 -0.871429 -0.364683 -0.859584 0.357941 114.181 21.8757 606.523 
-0.810827 0.479603 0.33547 -0.459903 -0.167568 -0.872015 -0.362007 -0.861337 0.356441 114.321 21.8387 606.626 
-0.811416 0.476286 0.338756 -0.460889 -0.164988 -0.871987 -0.359424 -0.863672 0.35339 113.581 21.6902 606.545 
-0.811865 0.476447 0.337452 -0.456991 -0.158854 -0.875171 -0.363366 -0.864733 0.346702 114.283 21.7715 607.133 
-0.812676 0.475354 0.337042 -0.458959 -0.165759 -0.872858 -0.359048 -0.864038 0.352877 114.111 21.5291 606.824 
-0.81235 0.472613 0.341651 -0.45996 -0.159097 -0.873571 -0.358504 -0.86679 0.346626 113.661 22.1436 606.641 
-0.813327 0.4713 0.341139 -0.459226 -0.160018 -0.873788 -0.357228 -0.867335 0.346581 114.327 22.0238 606.361 
-0.817931 0.466639 0.336508 -0.453328 -0.162609 -0.876386 -0.354236 -0.869371 0.344544 114.451 21.7975 606.06 
-0.818592 0.46719 0.334127 -0.450983 -0.162543 -0.877608 -0.355699 -0.869087 0.343752 113.882 21.5296 606.44 
-0.818303 0.465412 0.3373 -0.450715 -0.15539 -0.87904 -0.356702 -0.871346 0.336926 113.476 22.0322 606.773 
-0.819386 0.472355 0.32479 -0.446535 -0.17065 -0.878342 -0.359463 -0.864731 0.350753 115.419 21.6814 606.969 
-0.818225 0.471123 0.329471 -0.447392 -0.161902 -0.879562 -0.361039 -0.867081 0.34325 115.55 22.4012 607.239 
-0.813487 0.472197 0.339514 -0.455322 -0.153894 -0.876926 -0.361832 -0.867955 0.340194 115.265 23.3419 607.672 
-0.814201 0.464165 0.348751 -0.455389 -0.137961 -0.879539 -0.360136 -0.874938 0.323705 114.482 23.6633 607.979 
-0.813771 0.461497 0.353268 -0.45056 -0.116995 -0.885048 -0.367116 -0.879393 0.30314 115.382 24.7698 608.721 
-0.81141 0.455962 0.365669 -0.453806 -0.0971978 -0.885784 -0.368341 -0.884676 0.285786 113.965 25.5679 608.883 
-0.818267 0.434014 0.376924 -0.452588 -0.0821533 -0.887928 -0.354407 -0.897152 0.263654 113.802 25.6712 607.957 
-0.819308 0.441019 0.366384 -0.447173 -0.0915655 -0.889749 -0.358847 -0.892814 0.272233 114.134 24.4738 608.211 
-0.819817 0.435961 0.371268 -0.451189 -0.0925484 -0.887617 -0.352605 -0.895194 0.272574 113.276 24.4904 607.855 
-0.819206 0.440742 0.366945 -0.450793 -0.0993316 -0.887085 -0.354526 -0.89212 0.280058 114.936 24.3939 608.045 
-0.81809 0.445015 0.364267 -0.453657 -0.11009 -0.884351 -0.353446 -0.88873 0.291948 114.872 24.0841 608.209 
-0.820032 0.440734 0.365104 -0.451054 -0.105024 -0.886296 -0.352276 -0.891472 0.284919 114.808 24.3899 608.547 
-0.821472 0.437895 0.365283 -0.451348 -0.107777 -0.885816 -0.348525 -0.892542 0.28618 114.432 23.9754 608.426 
-0.822269 0.439887 0.361073 -0.450193 -0.114654 -0.88554 -0.348139 -0.890704 0.292312 115.464 23.4126 608.717 
-0.822801 0.434855 0.365923 -0.450019 -0.10527 -0.886793 -0.347105 -0.894326 0.282311 115.189 23.7448 609.059 
-0.82194 0.434145 0.368693 -0.451247 -0.101359 -0.886625 -0.347552 -0.895122 0.279218 116.661 23.9304 609.401 
-0.8253 0.432003 0.363667 -0.444732 -0.100381 -0.890021 -0.347986 -0.896268 0.274971 117.987 24.6021 609.394 
-0.827187 0.434569 0.356248 -0.4414 -0.110161 -0.890523 -0.347748 -0.893876 0.282943 119.299 24.2564 609.507 
-0.822885 0.444372 0.354111 -0.447484 -0.122746 -0.885829 -0.350171 -0.887393 0.299856 120.168 24.1972 610.035 
-0.818537 0.445514 0.36265 -0.455392 -0.118424 -0.88238 -0.350166 -0.887408 0.299819 119.154 25.0579 610.232 
-0.823196 0.443081 0.355004 -0.448062 -0.122966 -0.885506 -0.348697 -0.888008 0.299754 120.034 24.5385 610.405 
-0.807221 0.467291 0.360601 -0.477051 -0.156738 -0.864787 -0.347587 -0.870099 0.349445 124.443 25.6121 610.927 
-0.803655 0.47833 0.354034 -0.486049 -0.184339 -0.854269 -0.343359 -0.858615 0.380638 126.941 26.1508 611.5 
-0.804035 0.460621 0.375975 -0.494085 -0.165828 -0.853453 -0.33077 -0.871968 0.360919 123.926 27.0897 610.602 
-0.817486 0.435294 0.377144 -0.477037 -0.144809 -0.866872 -0.322729 -0.888566 0.326031 120.312 26.1796 609.771 
-0.824913 0.430614 0.366184 -0.458363 -0.130472 -0.879137 -0.330791 -0.893055 0.305007 119.675 25.4563 610.369 
-0.817908 0.435442 0.376056 -0.4713 -0.132173 -0.872013 -0.330006 -0.89046 0.31333 117.927 25.2146 610.241 
-0.809024 0.443396 0.38585 -0.482398 -0.125825 -0.866869 -0.335816 -0.88745 0.31569 118.932 25.3797 610.981 
-0.818371 0.434684 0.375925 -0.468155 -0.12485 -0.874782 -0.333319 -0.891887 0.305674 118.48 24.7139 611.036 
-0.825839 0.423913 0.371872 -0.455417 -0.112485 -0.883144 -0.332545 -0.898691 0.285952 118.04 24.2599 611.255 
-0.828248 0.42695 0.362931 -0.450284 -0.121578 -0.88457 -0.333542 -0.896065 0.292946 119.079 23.7272 611.392 
-0.830234 0.41875 0.367913 -0.447731 -0.107809 -0.887646 -0.332037 -0.901679 0.276996 117.819 23.8561 611.145 
-0.829071 0.429288 0.358266 -0.449986 -0.131931 -0.883237 -0.331896 -0.89348 0.302554 117.401 22.7693 611.179 
-0.834551 0.422991 0.352992 -0.441335 -0.129768 -0.88791 -0.32977 -0.896793 0.29498 119.193 23.0506 611.108 
-0.832013 0.426663 0.354562 -0.450486 -0.146628 -0.880661 -0.323756 -0.892445 0.314204 119.711 22.9804 610.588 
-0.83117 0.429539 0.353062 -0.450693 -0.148596 -0.880225 -0.325626 -0.890738 0.3171 118.66 22.2083 610.698 
-0.826783 0.435428 0.356136 -0.457678 -0.152614 -0.875923 -0.327049 -0.887193 0.325465 117.637 22.1056 610.704 
-0.82993 0.429847 0.355597 -0.449737 -0.138371 -0.882378 -0.330082 -0.892236 0.308157 117.906 22.2938 610.856 
-0.828345 0.429428 0.359772 -0.453105 -0.135885 -0.881041 -0.329455 -0.892819 0.307137 116.722 22.1262 610.728 
-0.825491 0.426889 0.36923 -0.459953 -0.129645 -0.878429 -0.327122 -0.894962 0.30337 115.27 22.6344 610.572 
-0.827284 0.421063 0.371897 -0.460904 -0.130217 -0.877845 -0.3212 -0.897635 0.301797 111.905 21.4186 610.176 
-0.828775 0.425979 0.362869 -0.460884 -0.151853 -0.874372 -0.31736 -0.891898 0.32218 112.262 20.2726 609.971 
-0.825552 0.419334 0.377656 -0.470082 -0.140729 -0.871332 -0.312231 -0.896858 0.313301 110.038 20.6539 609.595 
-0.825669 0.42599 0.369871 -0.469838 -0.156303 -0.868805 -0.312289 -0.891124 0.329202 110.835 19.8483 609.59 
-0.827294 0.413919 0.379812 -0.467087 -0.131186 -0.874426 -0.312115 -0.900811 0.301867 109.373 20.384 609.43 
-0.828297 0.409992 0.381878 -0.464693 -0.121908 -0.87704 -0.313025 -0.903905 0.291497 108.789 20.228 609.465 
-0.828667 0.409543 0.381557 -0.467231 -0.130728 -0.874417 -0.308231 -0.902875 0.299683 107.882 19.6481 609.202 
-0.828202 0.416418 0.375072 -0.469154 -0.149067 -0.870445 -0.306557 -0.896869 0.318823 108.827 19.4297 609.029 
-0.823381 0.405478 0.397029 -0.476489 -0.113982 -0.871761 -0.308225 -0.90697 0.287057 104.887 20.3005 609.015 
-0.825498 0.405927 0.392145 -0.475646 -0.126313 -0.870521 -0.303834 -0.905134 0.297349 105.8 19.6366 608.775 
-0.834847 0.3956 0.382794 -0.45869 -0.115442 -0.881066 -0.304358 -0.911138 0.277835 107.746 20.1202 608.643 
-0.837212 0.400243 0.37267 -0.45348 -0.127196 -0.882144 -0.305669 -0.907539 0.287993 108.138 19.3009 608.472 
-0.837213 0.406345 0.366005 -0.450462 -0.132902 -0.882849 -0.310097 -0.904002 0.294311 109.186 18.9878 608.622 
-0.835042 0.403525 0.373996 -0.452612 -0.11735 -0.883953 -0.312807 -0.907412 0.280633 109.103 20.0042 608.825 
-0.836025 0.398496 0.37718 -0.45119 -0.108099 -0.885858 -0.312237 -0.910777 0.270171 108.628 20.3017 608.809 
-0.837726 0.40043 0.371311 -0.446918 -0.111981 -0.887539 -0.313817 -0.909459 0.27277 107.951 19.3828 608.855 
-0.836614 0.403154 0.370869 -0.452422 -0.126799 -0.882744 -0.308855 -0.906305 0.288479 107.577 18.8675 608.429 
-0.837181 0.401929 0.37092 -0.453721 -0.131696 -0.881359 -0.305394 -0.906151 0.292618 106.878 18.2289 608.079 
-0.83773 0.402331 0.36924 -0.456769 -0.145683 -0.877576 -0.299283 -0.903828 0.305817 106.479 17.5261 607.792 
-0.835548 0.403567 0.372819 -0.46217 -0.149353 -0.874124 -0.297085 -0.902678 0.311309 105.832 17.233 607.668 
-0.839393 0.402147 0.365646 -0.458011 -0.161119 -0.874224 -0.292653 -0.901287 0.319431 105.491 15.6719 607.572 
-0.83568 0.404096 0.37195 -0.465043 -0.160329 -0.870649 -0.29219 -0.900556 0.321906 104.883 16.2146 607.726 
-0.836452 0.399477 0.37519 -0.466178 -0.158684 -0.870344 -0.288145 -0.902904 0.31896 104.968 16.2388 607.453 
-0.833496 0.402612 0.378403 -0.47182 -0.162242 -0.86664 -0.287526 -0.900878 0.325189 103.795 15.6623 607.379 
-0.837213 0.401452 0.371364 -0.464804 -0.164544 -0.86999 -0.288153 -0.900978 0.324356 104.729 14.8844 607.774 
-0.829341 0.404498 0.385454 -0.476091 -0.150494 -0.866424 -0.292457 -0.902071 0.317389 103.504 16.077 608.372 
-0.831272 0.395635 0.390461 -0.477509 -0.148662 -0.86596 -0.284557 -0.906296 0.312499 104.061 16.3911 607.84 
-0.835392 0.391925 0.385378 -0.470394 -0.147066 -0.870116 -0.284344 -0.908166 0.307218 104.552 16.2171 607.572 
-0.834582 0.385417 0.393607 -0.472406 -0.133171 -0.871263 -0.283382 -0.913082 0.293217 103.666 17.407 607.067 
-0.841036 0.377708 0.387294 -0.466177 -0.142775 -0.873095 -0.274478 -0.914851 0.296158 104.1 16.4987 606.308 
-0.841787 0.371327 0.391805 -0.466148 -0.134014 -0.874499 -0.272217 -0.91878 0.285905 105.171 17.4629 605.931 
-0.841934 0.373096 0.389803 -0.463369 -0.129776 -0.876612 -0.276473 -0.918671 0.282145 107.134 18.2044 605.849 
-0.84452 0.37461 0.382692 -0.458359 -0.136087 -0.878287 -0.276935 -0.917141 0.286635 108.645 17.6015 605.305 
-0.839623 0.377325 0.390717 -0.464915 -0.127268 -0.876161 -0.280871 -0.917294 0.282282 110.609 18.8965 604.664 
-0.838513 0.379394 0.391097 -0.464343 -0.121983 -0.877215 -0.285102 -0.917158 0.278455 111.521 18.7805 603.99 
-0.83999 0.385415 0.381933 -0.459258 -0.130145 -0.878718 -0.288963 -0.913519 0.286326 113.309 18.0198 602.997 
-0.843926 0.385904 0.372649 -0.452372 -0.13854 -0.881003 -0.288355 -0.912077 0.291491 115.245 17.4317 601.711 
-0.844844 0.383005 0.373558 -0.451154 -0.134706 -0.882222 -0.287574 -0.913871 0.286601 117.078 18.1656 600.65 
-0.849182 0.380131 0.366594 -0.444316 -0.139073 -0.88501 -0.285436 -0.914417 0.286998 119.894 18.3825 599.731 
-0.851716 0.379405 0.361431 -0.440381 -0.144463 -0.886113 -0.283982 -0.913883 0.290125 122.21 18.8262 599.122 
-0.854328 0.371466 0.363507 -0.439583 -0.143284 -0.8867 -0.277293 -0.917323 0.285703 124.082 19.6445 598.765 
-0.85502 0.367544 0.365859 -0.4389 -0.137067 -0.88802 -0.276238 -0.91985 0.278511 125.18 20.8856 599.111 
-0.859426 0.362927 0.3601 -0.433359 -0.143401 -0.88974 -0.271271 -0.920717 0.280521 127.646 21.1053 599.424 
-0.862745 0.361512 0.353527 -0.430823 -0.159551 -0.888221 -0.264696 -0.918614 0.2934 130.97 21.4705 600.083 
-0.864109 0.353482 0.358283 -0.431047 -0.152246 -0.889393 -0.259836 -0.922969 0.283926 134.086 23.6571 600.911 
-0.869321 0.352389 0.34656 -0.42283 -0.167167 -0.890658 -0.255923 -0.920802 0.294323 137.933 23.8336 601.689 
-0.871737 0.348259 0.344662 -0.420826 -0.171868 -0.890712 -0.250961 -0.921508 0.296381 140.675 25.2426 602.319 
-0.873537 0.342045 0.346321 -0.418419 -0.164114 -0.893304 -0.248713 -0.925241 0.286479 144.501 28.1485 603.043 
-0.882768 0.338953 0.325318 -0.402095 -0.186961 -0.896307 -0.242983 -0.922039 0.301336 150.119 28.2747 603.669 
-0.882657 0.339932 0.324598 -0.402887 -0.191503 -0.894991 -0.242074 -0.920745 0.305987 153.084 30.2164 604.346 
-0.884784 0.341938 0.3166 -0.396722 -0.196279 -0.896709 -0.244476 -0.918995 0.30932 159.889 32.6541 604.644 
-0.88754 0.344874 0.30551 -0.387142 -0.198732 -0.900349 -0.249791 -0.91737 0.309898 165.354 34.3254 605.392 
-0.888651 0.347833 0.298851 -0.382025 -0.201001 -0.902029 -0.253686 -0.915757 0.311502 170.574 36.154 605.956 
-0.891717 0.346858 0.290743 -0.375436 -0.208123 -0.903179 -0.252763 -0.914535 0.315811 176.192 36.9627 605.664 
-0.88941 0.350465 0.293471 -0.378734 -0.205497 -0.902404 -0.255953 -0.913753 0.315505 179.454 38.8827 605.208 
-0.891924 0.352996 0.282606 -0.369427 -0.208437 -0.905582 -0.26076 -0.912111 0.316318 184 38.7344 604.57 
-0.889795 0.360115 0.280326 -0.367657 -0.201758 -0.907812 -0.270358 -0.910829 0.311923 187.388 39.701 604.206 
-0.884301 0.367365 0.288195 -0.373216 -0.185229 -0.909066 -0.280575 -0.911445 0.300906 191.115 41.5109 603.937 
-0.884734 0.370546 0.282739 -0.371297 -0.193609 -0.908105 -0.281753 -0.908411 0.308876 193.284 40.955 603.726 
-0.884865 0.372524 0.279716 -0.369586 -0.195858 -0.908321 -0.283585 -0.907119 0.310989 195.27 40.4415 604.005 
-0.882057 0.374774 0.285518 -0.372627 -0.184078 -0.909541 -0.288314 -0.908658 0.302019 196.997 41.5075 604.723 
-0.880991 0.373889 0.289937 -0.376047 -0.18144 -0.908663 -0.287132 -0.909553 0.300448 198.352 41.6137 605.251 
-0.879866 0.372075 0.295629 -0.376796 -0.167127 -0.911095 -0.289587 -0.913032 0.287247 200.661 42.6859 606.226 
-0.879026 0.372864 0.297131 -0.376658 -0.161002 -0.912254 -0.292307 -0.913811 0.281968 201.842 42.1234 607.153 
-0.878208 0.369408 0.303792 -0.380243 -0.153973 -0.91198 -0.290116 -0.916422 0.275686 202.881 41.949 607.659 
-0.875884 0.367176 0.313066 -0.385502 -0.142275 -0.911673 -0.290202 -0.919206 0.266164 204.49 42.3514 608.217 
-0.872255 0.364309 0.326268 -0.391301 -0.119713 -0.912443 -0.293352 -0.923552 0.246975 206.858 44.5757 609.274 
-0.87561 0.357633 0.324665 -0.387975 -0.120354 -0.913778 -0.287722 -0.926074 0.244137 208.453 44.2562 609.867 
-0.876956 0.354382 0.324597 -0.385804 -0.116428 -0.915205 -0.286539 -0.927824 0.238825 210.057 44.5438 610.729 
-0.87762 0.357572 0.31926 -0.382434 -0.120728 -0.916062 -0.289014 -0.926049 0.242702 213.095 44.8336 611.423 
-0.873807 0.358975 0.328023 -0.388585 -0.109931 -0.914832 -0.292341 -0.92685 0.235552 214.915 46.9945 612.15 
-0.87845 0.360053 0.314148 -0.374788 -0.111344 -0.920401 -0.296414 -0.926263 0.232755 217.224 47.0548 612.808 
-0.878062 0.361595 0.313458 -0.374027 -0.109964 -0.920876 -0.298514 -0.925827 0.231802 218.441 48.7137 613.13 
LFing.0_Hand
0.281918 0.0634359 -0.957339 -0.0634359 0.996861 0.047374 0.957339 0.047374 0.285057 17.1629 13.0369 -53.3627 
-0.982111 -0.122163 -0.143303 0.115048 0.213196 -0.970212 0.149076 -0.969342 -0.195327 155.926 47.5528 590.756 
-0.980991 -0.11899 -0.153296 0.127795 0.198355 -0.971763 0.146038 -0.972881 -0.179378 155.238 46.8655 590.431 
-0.981403 -0.114011 -0.154436 0.12982 0.198449 -0.971475 0.141408 -0.973458 -0.179957 155.005 47.1669 590.542 
-0.981059 -0.112121 -0.157967 0.133134 0.202095 -0.970274 0.140714 -0.972927 -0.18334 156.102 46.8902 590.345 
-0.981122 -0.107358 -0.160858 0.136612 0.204004 -0.969391 0.136888 -0.973066 -0.185486 156.829 46.8321 590.509 
-0.982225 -0.102601 -0.157189 0.134128 0.202211 -0.970113 0.131321 -0.973953 -0.184854 156.762 47.0149 590.7 
-0.982323 -0.097604 -0.159734 0.137544 0.202475 -0.96958 0.126978 -0.974412 -0.18547 156.217 47.2267 590.856 
-0.982228 -0.101931 -0.157605 0.13328 0.212464 -0.968037 0.132159 -0.971838 -0.195103 152.806 47.9946 591.016 
-0.981454 -0.103233 -0.161531 0.138521 0.200583 -0.969834 0.13252 -0.974223 -0.182563 152.711 47.2966 590.652 
-0.983011 -0.0922273 -0.158696 0.138292 0.196346 -0.970733 0.120688 -0.976188 -0.180256 155.711 47.2101 591.032 
-0.982971 -0.0896283 -0.16042 0.141127 0.190898 -0.971412 0.117691 -0.97751 -0.174998 155.676 46.5467 591.107 
-0.982398 -0.0838032 -0.16695 0.148507 0.191776 -0.970138 0.113319 -0.977855 -0.175955 155.894 45.9189 591.365 
-0.983202 -0.0803986 -0.163864 0.145191 0.19955 -0.969071 0.110612 -0.976584 -0.184524 155.317 46.2375 591.673 
-0.982639 -0.0826566 -0.1661 0.146907 0.200149 -0.968689 0.113314 -0.976273 -0.184531 154.775 46.2897 591.736 
-0.9813 -0.0819461 -0.17417 0.155256 0.197902 -0.967848 0.113781 -0.976791 -0.181478 154.622 46.089 591.65 
-0.981309 -0.0807171 -0.174696 0.155386 0.203204 -0.966728 0.113531 -0.975804 -0.186863 154.155 46.3852 591.876 
-0.978351 -0.0853799 -0.188524 0.166874 0.213348 -0.962619 0.12241 -0.973239 -0.194481 151.701 45.5774 591.769 
-0.978368 -0.0894004 -0.186561 0.164847 0.207951 -0.964148 0.124992 -0.974046 -0.188715 152.349 45.0145 591.595 
-0.979138 -0.0891509 -0.182595 0.160338 0.213026 -0.9638 0.124822 -0.972971 -0.194287 153.139 44.8546 591.76 
-0.978434 -0.0875445 -0.187094 0.164332 0.218881 -0.961814 0.125154 -0.971817 -0.199774 153.194 44.4652 591.652 
-0.979012 -0.085297 -0.185096 0.162669 0.220101 -0.961818 0.122781 -0.971741 -0.201606 153.306 44.137 591.374 
-0.981843 -0.0710435 -0.175892 0.156613 0.219626 -0.962931 0.107041 -0.972994 -0.204512 153.314 43.9238 591.56 
-0.984922 -0.0579601 -0.163 0.146995 0.216428 -0.965169 0.0912201 -0.974577 -0.204645 153.183 43.7832 591.247 
-0.985742 -0.0506404 -0.160466 0.145928 0.217525 -0.965084 0.0837786 -0.97474 -0.207034 153.279 43.3893 590.844 
-0.986258 -0.0474027 -0.158268 0.144393 0.21823 -0.965156 0.0802909 -0.974746 -0.208387 153.277 42.3951 590.234 
-0.986829 -0.0448019 -0.15544 0.142808 0.210108 -0.967192 0.0759921 -0.976651 -0.200942 153.17 41.801 589.277 
-0.986714 -0.0426234 -0.156777 0.145509 0.197395 -0.969465 0.0722697 -0.979397 -0.18857 152.594 40.8041 588.39 
-0.987558 -0.0343788 -0.153451 0.144591 0.185151 -0.972014 0.0618294 -0.982109 -0.177877 151.407 39.9424 587.912 
-0.988764 -0.0285918 -0.146731 0.139144 0.18279 -0.973256 0.054649 -0.982736 -0.176758 150.04 39.0132 587.711 
-0.989751 -0.0307877 -0.139451 0.132194 0.171933 -0.976198 0.0540321 -0.984628 -0.166101 149.322 37.8414 587.328 
-0.990804 -0.0288729 -0.132188 0.125319 0.17253 -0.976999 0.0510162 -0.984581 -0.167325 148.374 37.2945 587.198 
-0.99004 -0.0258962 -0.138386 0.132179 0.167478 -0.976974 0.0484776 -0.985536 -0.162387 147.313 36.235 586.969 
-0.990913 -0.0230756 -0.132513 0.12687 0.166901 -0.977777 0.0446803 -0.985704 -0.162457 146.238 36.0055 586.905 
-0.990538 -0.0255012 -0.134849 0.128884 0.164755 -0.977877 0.047155 -0.986005 -0.159909 144.796 35.1913 586.597 
-0.990557 -0.0239895 -0.13499 0.129407 0.161687 -0.97832 0.0452965 -0.986551 -0.157055 143.161 34.7582 586.484 
-0.991553 -0.0223744 -0.127761 0.122644 0.158844 -0.979656 0.0422142 -0.987051 -0.154758 141.391 34.1472 586.375 
-0.991522 -0.0221689 -0.12804 0.122868 0.160793 -0.97931 0.0422991 -0.98674 -0.156705 139.127 33.2026 586.275 
-0.992093 -0.0183011 -0.124167 0.119717 0.159082 -0.97998 0.0376884 -0.987096 -0.155633 136.876 32.6583 586.203 
-0.99265 -0.0146746 -0.120132 0.116343 0.157721 -0.980606 0.0333383 -0.987375 -0.154854 135.03 32.0713 586.361 
-0.992692 -0.018241 -0.119296 0.114849 0.160813 -0.98028 0.0370665 -0.986817 -0.157542 132.595 31.5659 586.364 
-0.992066 -0.0171541 -0.124544 0.120065 0.164504 -0.979042 0.0372835 -0.986228 -0.161139 130.11 31.0475 586.639 
-0.991904 -0.019246 -0.125527 0.120803 0.161876 -0.979389 0.0391701 -0.986624 -0.15824 127.555 30.5432 587.104 
-0.992005 -0.0254431 -0.123613 0.118232 0.155253 -0.980774 0.0441462 -0.987547 -0.151003 125.088 30.1287 587.635 
-0.991788 -0.0280431 -0.124786 0.118867 0.158004 -0.980257 0.0472071 -0.98704 -0.153373 123.119 29.467 588.39 
-0.992662 -0.0308427 -0.116928 0.11082 0.15496 -0.981685 0.048398 -0.987439 -0.150405 120.75 29.66 589.157 
-0.993313 -0.0369715 -0.109376 0.102419 0.155123 -0.982571 0.0532948 -0.987203 -0.150299 118.82 29.3531 589.962 
-0.993049 -0.0358565 -0.11211 0.105209 0.156675 -0.98203 0.052778 -0.986999 -0.151814 116.198 28.9547 590.854 
-0.992849 -0.0353331 -0.114029 0.107453 0.151629 -0.982579 0.0520086 -0.987806 -0.146748 115.064 28.5619 591.468 
-0.992783 -0.040633 -0.112833 0.105774 0.146706 -0.983508 0.0565171 -0.988346 -0.141349 113.962 28.4109 592.002 
-0.991176 -0.0385113 -0.126835 0.120301 0.140439 -0.982753 0.0556607 -0.98934 -0.134566 112.744 27.7562 592.379 
-0.990874 -0.0355962 -0.130012 0.123827 0.140749 -0.982271 0.0532651 -0.989406 -0.135056 111.985 28.5848 592.948 
-0.990835 -0.0352351 -0.130407 0.124483 0.136703 -0.982759 0.0524557 -0.989986 -0.131064 110.371 29.036 593.467 
-0.991097 -0.0362007 -0.128127 0.121954 0.139317 -0.982709 0.053426 -0.989586 -0.133662 110.341 29.3834 593.878 
-0.990367 -0.0394258 -0.132739 0.126126 0.138811 -0.982254 0.0571528 -0.989534 -0.132501 109.222 29.1798 594.424 
-0.990822 -0.0392871 -0.129341 0.122626 0.141391 -0.982329 0.0568816 -0.989174 -0.135276 108.475 29.3765 595.311 
-0.992148 -0.0413258 -0.118046 0.111047 0.143185 -0.983446 0.0575451 -0.988833 -0.137471 107.801 29.5179 596.124 
-0.991723 -0.0490766 -0.118648 0.110531 0.143909 -0.983398 0.0653374 -0.988374 -0.137293 106.361 29.0939 596.575 
-0.991765 -0.0501048 -0.117868 0.109237 0.149528 -0.982704 0.0668638 -0.987487 -0.142823 104.597 28.7325 597.379 
-0.990984 -0.0491907 -0.124627 0.116412 0.14438 -0.982651 0.0663318 -0.988299 -0.137352 103.277 27.6183 597.761 
-0.991405 -0.0528225 -0.119698 0.111261 0.140976 -0.983741 0.068839 -0.988603 -0.133887 102.509 27.4053 598.033 
-0.990782 -0.0546408 -0.12396 0.115028 0.144017 -0.982867 0.0715581 -0.988066 -0.136404 102.166 26.7841 598.196 
-0.991036 -0.0553885 -0.121576 0.112753 0.141361 -0.983516 0.0716625 -0.988408 -0.133849 101.932 26.8558 598.21 
-0.991835 -0.0536025 -0.115719 0.106874 0.14574 -0.983533 0.0695857 -0.98787 -0.138821 101.45 26.6049 598.112 
-0.991147 -0.0502822 -0.122881 0.114897 0.138959 -0.98361 0.0665345 -0.989021 -0.131952 101.475 26.248 598.049 
-0.990911 -0.0501704 -0.12482 0.117304 0.131975 -0.984287 0.0658562 -0.989983 -0.12489 101.189 25.8442 598.134 
-0.990117 -0.0459786 -0.132495 0.126414 0.116515 -0.985111 0.0607326 -0.992124 -0.109551 100.923 25.1748 598.406 
-0.990657 -0.0453094 -0.128637 0.122882 0.11263 -0.986009 0.0591648 -0.992604 -0.106009 100.158 25.3277 599.081 
-0.990063 -0.0507092 -0.131166 0.12526 0.105963 -0.986449 0.0639216 -0.993077 -0.0985576 98.2195 24.9906 599.624 
-0.989239 -0.0484682 -0.13805 0.132622 0.101457 -0.98596 0.0617948 -0.993659 -0.0939371 97.8146 24.6191 600.407 
-0.989771 -0.0489369 -0.134009 0.128492 0.102385 -0.986411 0.0619934 -0.993541 -0.0950498 97.3202 24.6356 600.739 
-0.99077 -0.044865 -0.127915 0.12275 0.1034 -0.987036 0.0575107 -0.993628 -0.0969387 97.3265 24.1494 600.95 
-0.990889 -0.0450689 -0.12692 0.121364 0.109833 -0.986512 0.0584021 -0.992928 -0.103363 96.3468 24.039 601.274 
-0.991322 -0.0460795 -0.123115 0.117515 0.109085 -0.987061 0.0589142 -0.992964 -0.102723 96.4707 24.0281 601.441 
-0.991644 -0.0485079 -0.119544 0.113488 0.112667 -0.98713 0.0613532 -0.992448 -0.10622 95.7044 23.8527 601.439 
-0.992976 -0.039987 -0.111354 0.105703 0.123025 -0.986758 0.0531578 -0.991598 -0.117934 96.4125 23.9975 602.037 
-0.993097 -0.0397752 -0.110352 0.10504 0.117201 -0.987537 0.0522138 -0.992312 -0.112214 96.2362 23.7332 601.731 
-0.993119 -0.0400551 -0.110055 0.104642 0.118545 -0.987419 0.0525986 -0.992141 -0.113538 95.7592 24.3095 601.629 
-0.994091 -0.038386 -0.101542 0.0966089 0.113756 -0.9888 0.049508 -0.992767 -0.109375 96.4203 24.2072 601.372 
-0.993778 -0.0356102 -0.105535 0.100591 0.119883 -0.987679 0.0478242 -0.99215 -0.115555 96.54 24.1083 601.146 
-0.993841 -0.0268736 -0.107511 0.103971 0.109626 -0.98852 0.0383521 -0.99361 -0.106157 95.9819 23.888 601.51 
-0.993402 -0.0261211 -0.111676 0.108016 0.114238 -0.987563 0.0385549 -0.99311 -0.110663 95.5568 24.3767 601.904 
-0.994129 -0.0171555 -0.106839 0.104327 0.11009 -0.988431 0.0287199 -0.993774 -0.107653 97.5746 24.1514 601.893 
-0.994842 -0.016064 -0.100159 0.0977536 0.1119 -0.988899 0.0270944 -0.99359 -0.109752 97.6827 24.8309 602.223 
-0.995652 -0.0160224 -0.0917689 0.0892836 0.116988 -0.989112 0.0265847 -0.993004 -0.115048 97.3682 25.5885 602.677 
-0.996042 -0.0203198 -0.0865395 0.0830968 0.132948 -0.987633 0.0315747 -0.990915 -0.130733 96.5194 25.8633 603.202 
-0.996976 -0.0148472 -0.0762798 0.0732025 0.150058 -0.985963 0.0260861 -0.988566 -0.148517 97.3939 27.0039 604.057 
-0.997474 -0.0262836 -0.0660014 0.0607003 0.167393 -0.98402 0.0369126 -0.98554 -0.165374 95.9176 27.6711 604.393 
-0.996922 -0.0331443 -0.0710486 0.0640882 0.177452 -0.98204 0.0451577 -0.983571 -0.174782 95.6377 27.7469 603.953 
-0.996351 -0.0292463 -0.0801941 0.0739585 0.173315 -0.982085 0.0426221 -0.984432 -0.170519 96.0248 26.6923 604.035 
-0.996863 -0.0339923 -0.0714786 0.0648866 0.16618 -0.983958 0.0453262 -0.98551 -0.163453 95.1345 26.6309 603.782 
-0.997013 -0.0310253 -0.0707409 0.0650654 0.156286 -0.985566 0.0416343 -0.987225 -0.1538 96.8241 26.5655 603.856 
-0.996747 -0.0343466 -0.0729184 0.0671723 0.146048 -0.986994 0.0445505 -0.988681 -0.143266 96.7839 26.2331 603.906 
-0.996702 -0.0327844 -0.0742385 0.0682858 0.155533 -0.985467 0.0438554 -0.987287 -0.152781 96.7018 26.5753 604.342 
-0.995984 -0.0346634 -0.0825503 0.0763185 0.153404 -0.985212 0.0468153 -0.987556 -0.150142 96.3142 26.1638 604.271 
-0.995031 -0.0404895 -0.0909674 0.084139 0.146634 -0.985606 0.0532465 -0.988362 -0.142498 97.3659 25.6468 604.501 
-0.995824 -0.0396143 -0.0822622 0.0749996 0.158924 -0.984438 0.0520722 -0.986496 -0.155289 97.0587 25.952 604.972 
-0.995197 -0.0401258 -0.0892927 0.0816353 0.16323 -0.983204 0.054028 -0.985772 -0.15917 98.5195 26.0997 605.34 
-0.995581 -0.0382387 -0.0857754 0.0784545 0.163373 -0.98344 0.0516198 -0.985823 -0.159651 99.8523 26.9001 605.373 
-0.995321 -0.041708 -0.0871629 0.0793163 0.162558 -0.983506 0.0551901 -0.985817 -0.158489 101.196 26.654 605.402 
-0.994698 -0.0459205 -0.0920199 0.0843334 0.147874 -0.985404 0.0588586 -0.98794 -0.143218 102.109 26.5118 605.698 
-0.994794 -0.05863 -0.0833587 0.0737192 0.150788 -0.985813 0.0703686 -0.986826 -0.14568 101.073 27.1983 605.897 
-0.995096 -0.0545962 -0.082487 0.073808 0.14538 -0.986619 0.0658585 -0.987869 -0.140637 101.967 26.8421 606.095 
-0.996378 -0.0545632 -0.0652312 0.0594433 0.101699 -0.993037 0.0608182 -0.993318 -0.0980871 106.459 27.4197 606.07 
-0.997132 -0.0493517 -0.0573927 0.0535147 0.0766004 -0.995624 0.053533 -0.99584 -0.0737395 109.026 27.8409 606.353 
-0.996269 -0.0732505 -0.0456405 0.0386122 0.0946506 -0.994761 0.0771876 -0.992812 -0.091469 105.87 28.566 605.899 
-0.994962 -0.0878552 -0.0482977 0.0377076 0.118439 -0.992245 0.0928951 -0.989067 -0.114529 102.152 27.9545 605.607 
-0.995116 -0.074331 -0.0649669 0.0541322 0.139481 -0.988744 0.0825569 -0.987431 -0.134776 101.529 27.5733 606.305 
-0.994526 -0.0843875 -0.0616228 0.0508669 0.124155 -0.990958 0.0912762 -0.988668 -0.119182 99.7695 27.0712 606.096 
-0.99635 -0.0733722 -0.0436348 0.0347736 0.117984 -0.992406 0.0779642 -0.990302 -0.115001 100.78 26.9876 606.711 
-0.994989 -0.0676232 -0.0736468 0.0644042 0.129936 -0.989428 0.0764787 -0.989214 -0.12493 100.321 26.6131 606.922 
-0.994895 -0.0738099 -0.0688177 0.0566647 0.155686 -0.98618 0.0835047 -0.985046 -0.150708 99.8531 26.3809 607.375 
-0.994382 -0.0680208 -0.0811036 0.0702691 0.148825 -0.986363 0.0791644 -0.986522 -0.143209 100.929 25.9815 607.417 
-0.992931 -0.0780373 -0.0894331 0.0757381 0.163578 -0.983618 0.0913892 -0.983439 -0.156511 99.6267 26.118 607.373 
-0.99212 -0.0777996 -0.0982157 0.0860102 0.147128 -0.985371 0.0911127 -0.986053 -0.139277 99.2734 25.0613 607.124 
-0.993207 -0.0728292 -0.090751 0.0788232 0.152609 -0.985138 0.0855972 -0.9856 -0.145832 101.061 25.5112 607.174 
-0.994005 -0.0747924 -0.0797586 0.0698207 0.127185 -0.989418 0.0841461 -0.989055 -0.121201 101.586 25.3052 606.539 
-0.994011 -0.0685061 -0.0851432 0.0757869 0.129182 -0.98872 0.0787333 -0.989252 -0.123217 100.55 24.5344 606.585 
-0.992974 -0.0765076 -0.0902769 0.0802369 0.125442 -0.988851 0.08698 -0.989147 -0.118422 99.5381 24.3005 606.472 
-0.992736 -0.0741935 -0.0947129 0.0838946 0.137378 -0.986959 0.0862384 -0.987736 -0.130155 99.7886 24.61 606.769 
-0.993901 -0.068986 -0.0860407 0.0766257 0.129115 -0.988664 0.0793141 -0.989227 -0.123041 98.5901 24.3666 606.663 
-0.994647 -0.0708695 -0.0752048 0.0653053 0.132919 -0.988973 0.080085 -0.98859 -0.127579 97.1011 24.7164 606.589 
-0.993418 -0.077091 -0.0847251 0.0744074 0.128068 -0.98897 0.0870923 -0.988765 -0.121489 93.7091 23.4829 606.311 
-0.992549 -0.0785824 -0.0931229 0.0843614 0.108276 -0.990535 0.0879226 -0.99101 -0.10084 94.1085 22.3999 605.941 
-0.991859 -0.0876342 -0.0923942 0.0823717 0.111803 -0.99031 0.097116 -0.989859 -0.103675 91.8203 22.5607 605.752 
-0.992657 -0.0855915 -0.0854782 0.0771261 0.0965438 -0.992336 0.0931889 -0.991642 -0.0892334 92.6609 21.8038 605.566 
-0.992762 -0.0844359 -0.0854098 0.0753477 0.115913 -0.990397 0.0935261 -0.989664 -0.108712 91.1315 22.3244 605.718 
-0.993176 -0.0834791 -0.0814484 0.0696509 0.135611 -0.988311 0.0935495 -0.987239 -0.128871 90.5294 22.1892 605.854 
-0.992065 -0.0854004 -0.0922732 0.0822013 0.114756 -0.989987 0.0951351 -0.989716 -0.106825 89.6214 21.5842 605.58 
-0.991831 -0.0888233 -0.0915533 0.0833552 0.0919899 -0.992265 0.0965591 -0.991791 -0.0838344 90.6066 21.3794 605.219 
-0.991109 -0.0969367 -0.0911395 0.0782902 0.128971 -0.988553 0.107582 -0.986899 -0.120235 86.5755 21.9939 605.535 
-0.990599 -0.0937584 -0.0996204 0.0886352 0.114816 -0.989424 0.104206 -0.988953 -0.105426 87.5017 21.3859 605.254 
-0.99148 -0.093475 -0.0907268 0.076599 0.144984 -0.986464 0.105365 -0.985009 -0.136589 89.4408 22.1839 605.33 
-0.99076 -0.0902648 -0.101227 0.0883369 0.136868 -0.986642 0.102915 -0.986468 -0.12763 89.875 21.5075 605.024 
-0.990433 -0.0892995 -0.105207 0.0933991 0.127438 -0.987439 0.101586 -0.987819 -0.117878 90.9604 21.273 605.028 
-0.991528 -0.0882999 -0.0952651 0.0811001 0.152059 -0.985038 0.101466 -0.98442 -0.143609 90.8456 22.1978 605.339 
-0.990877 -0.0904766 -0.0998846 0.0850989 0.154663 -0.984295 0.104505 -0.983816 -0.145552 90.3465 22.4944 605.448 
-0.989657 -0.0917252 -0.110298 0.0947441 0.159398 -0.982657 0.107717 -0.982944 -0.149059 89.6927 21.6747 605.439 
-0.988875 -0.0966894 -0.113039 0.0991403 0.138132 -0.985439 0.110897 -0.985683 -0.127009 89.3276 21.0944 604.922 
-0.987553 -0.101816 -0.119887 0.10555 0.136118 -0.985053 0.116614 -0.985447 -0.123677 88.6246 20.4442 604.584 
-0.986295 -0.106319 -0.12617 0.112731 0.124135 -0.985841 0.120476 -0.986553 -0.110448 88.2318 19.7202 604.252 
-0.985198 -0.112774 -0.129106 0.116175 0.114565 -0.986599 0.126055 -0.986994 -0.0997673 87.5778 19.327 604.103 
-0.984266 -0.11488 -0.134255 0.122287 0.105576 -0.986863 0.127545 -0.987754 -0.089866 87.2544 17.8831 603.99 
-0.98392 -0.123519 -0.129014 0.117415 0.0969992 -0.988334 0.134594 -0.98759 -0.0809362 86.6331 18.2795 604.124 
-0.983778 -0.129677 -0.123961 0.112045 0.0954926 -0.989104 0.140102 -0.986948 -0.0794136 86.6956 18.2761 603.952 
-0.982589 -0.134 -0.128703 0.118195 0.0836518 -0.98946 0.143355 -0.987445 -0.066357 85.5224 17.5927 603.817 
-0.982206 -0.130942 -0.134633 0.12333 0.0909367 -0.98819 0.14164 -0.987211 -0.0731692 86.473 16.9654 604.211 
-0.982886 -0.131759 -0.128742 0.117339 0.0909558 -0.988918 0.142009 -0.9871 -0.0739386 85.2181 17.8874 604.816 
-0.982412 -0.142601 -0.120549 0.107185 0.0979732 -0.9894 0.152901 -0.98492 -0.0809652 85.7357 18.167 604.472 
-0.98166 -0.141984 -0.12722 0.11248 0.107433 -0.987829 0.153924 -0.984022 -0.0894922 86.2296 18.1356 604.267 
-0.979925 -0.152345 -0.128602 0.110119 0.12413 -0.986136 0.166198 -0.980502 -0.104862 85.3055 19.2438 603.935 
-0.977263 -0.158587 -0.140743 0.121991 0.122388 -0.984956 0.173428 -0.979731 -0.100259 85.7364 18.4917 603.292 
-0.977135 -0.164239 -0.135029 0.115858 0.121221 -0.985841 0.178283 -0.978944 -0.0994205 86.7804 19.431 603.067 
-0.978689 -0.160313 -0.128333 0.107239 0.133958 -0.985167 0.175127 -0.977934 -0.113911 88.7521 20.2168 602.955 
-0.978104 -0.157959 -0.135511 0.114668 0.134355 -0.984276 0.173682 -0.978263 -0.1133 90.286 19.7353 602.354 
-0.981552 -0.156574 -0.109733 0.0882578 0.138082 -0.98648 0.16961 -0.977967 -0.121715 92.2355 20.8697 601.696 
-0.981712 -0.150196 -0.116975 0.0954942 0.143038 -0.985099 0.164691 -0.978254 -0.126079 93.1518 20.7491 600.994 
-0.980315 -0.142432 -0.136733 0.11756 0.135308 -0.983804 0.158627 -0.980513 -0.1159 94.9792 20.1175 599.848 
-0.980025 -0.138022 -0.143185 0.124873 0.133301 -0.983177 0.154787 -0.981418 -0.113403 96.9433 19.6948 598.515 
-0.9804 -0.139121 -0.139506 0.119196 0.144963 -0.982231 0.156873 -0.979608 -0.125539 98.7661 20.4421 597.521 
-0.979976 -0.139931 -0.141658 0.122371 0.137976 -0.982847 0.157077 -0.980501 -0.11809 101.596 20.8107 596.634 
-0.979425 -0.140784 -0.144595 0.125993 0.13314 -0.983056 0.157651 -0.981048 -0.112662 103.927 21.3495 596.015 
