Lower Arm R
-0.0148834 -0.327094 -0.944875 0.327094 0.891393 -0.313732 0.944875 -0.313732 0.0937236 43.3573 -12.3442 -85.718 
-0.786825 -0.605512 -0.119423 -0.197301 0.0634374 0.978288 -0.584789 0.793304 -0.169382 -57.5124 -1.54644 718.88 
-0.785593 -0.606467 -0.122647 -0.199441 0.0605574 0.978036 -0.58572 0.792799 -0.168528 -57.556 -1.35355 718.647 
-0.786946 -0.605096 -0.120734 -0.195156 0.0584625 0.979028 -0.585347 0.794003 -0.164095 -57.4675 -1.76109 718.378 
-0.785252 -0.604457 -0.13421 -0.208597 0.0541737 0.976499 -0.582982 0.794794 -0.168628 -60.6664 0.114842 716.703 
-0.786666 -0.603355 -0.130845 -0.203915 0.0538853 0.977504 -0.582732 0.79565 -0.165423 -59.0115 -0.464526 717.54 
-0.787672 -0.602338 -0.129474 -0.202577 0.054743 0.977734 -0.581838 0.796363 -0.165139 -58.7156 -0.945641 717.499 
-0.787463 -0.601982 -0.13237 -0.202706 0.0501214 0.977955 -0.582077 0.796936 -0.161494 -59.038 -0.386847 717.213 
-0.789917 -0.599176 -0.13046 -0.196885 0.0463311 0.979331 -0.580748 0.799276 -0.154567 -59.4883 -0.75246 716.505 
-0.78484 -0.603678 -0.140001 -0.205397 0.0402611 0.97785 -0.58467 0.796211 -0.155592 -58.6711 0.430404 717.052 
-0.785639 -0.602079 -0.142384 -0.20837 0.0408035 0.977198 -0.58254 0.797394 -0.157512 -58.395 0.453566 716.777 
-0.782914 -0.605679 -0.142126 -0.208699 0.040479 0.977141 -0.586081 0.794679 -0.158096 -58.0827 0.391334 717.008 
-0.782296 -0.606701 -0.141168 -0.206768 0.0391413 0.977606 -0.587589 0.793966 -0.156066 -57.6241 0.128515 717.014 
-0.782529 -0.606084 -0.142518 -0.210295 0.0418405 0.976742 -0.586025 0.7943 -0.160198 -56.7859 0.434187 716.883 
-0.780951 -0.608739 -0.139837 -0.209631 0.0445578 0.976764 -0.588363 0.792119 -0.162408 -56.4391 0.385987 717.046 
-0.780173 -0.609052 -0.142785 -0.212079 0.0427814 0.976315 -0.588518 0.791976 -0.162544 -56.4468 -0.135268 716.831 
-0.780202 -0.609368 -0.141271 -0.212011 0.0451282 0.976224 -0.588504 0.791603 -0.164402 -56.25 -0.421259 717.07 
-0.780641 -0.610685 -0.132908 -0.207628 0.0528284 0.97678 -0.589484 0.79011 -0.168035 -56.5077 -1.13179 716.916 
-0.781599 -0.611149 -0.124906 -0.200674 0.0567573 0.978012 -0.590622 0.789478 -0.167003 -56.2349 -1.36989 717.1 
-0.783839 -0.607997 -0.126242 -0.200925 0.0559679 0.978006 -0.587559 0.791965 -0.166031 -55.4056 -2.16335 717.21 
-0.782989 -0.608973 -0.12681 -0.200799 0.0545011 0.978115 -0.588734 0.791317 -0.164955 -55.4691 -2.35121 717.555 
-0.785268 -0.607661 -0.118758 -0.195331 0.0611269 0.97883 -0.587538 0.791841 -0.166696 -54.4598 -2.58398 717.897 
-0.785786 -0.606149 -0.122984 -0.194502 0.0534221 0.979446 -0.58712 0.793555 -0.159876 -54.0035 -2.28318 718.475 
-0.786773 -0.606972 -0.112137 -0.181908 0.054408 0.981809 -0.589829 0.792859 -0.15322 -53.9959 -3.17404 718.913 
-0.786905 -0.606821 -0.112023 -0.179916 0.0519703 0.982307 -0.590263 0.793138 -0.150073 -53.632 -3.12211 719.274 
-0.790548 -0.603037 -0.106686 -0.169843 0.0485234 0.984275 -0.588378 0.796236 -0.140781 -52.7342 -3.52515 719.419 
-0.7865 -0.610225 -0.0951049 -0.154757 0.0456528 0.986897 -0.597887 0.790912 -0.130342 -52.833 -4.19686 719.558 
-0.782813 -0.615246 -0.0931497 -0.150537 0.0419961 0.987711 -0.603774 0.787216 -0.125492 -51.9153 -3.56693 719.682 
-0.783481 -0.614615 -0.0916921 -0.141269 0.032473 0.989438 -0.605146 0.788159 -0.112268 -50.2731 -3.87019 719.416 
-0.780963 -0.61852 -0.0867873 -0.13097 0.0263111 0.991036 -0.610692 0.785329 -0.101555 -48.7904 -5.00386 719.149 
-0.777347 -0.624109 -0.0788688 -0.118401 0.0220232 0.992721 -0.617829 0.781027 -0.0910149 -46.9327 -4.92471 719.159 
-0.775613 -0.625595 -0.0840082 -0.117458 0.0122804 0.993001 -0.620185 0.780052 -0.0830061 -44.5078 -4.3163 719.019 
-0.773482 -0.629616 -0.072878 -0.103513 0.0120468 0.994554 -0.625309 0.776814 -0.0744913 -42.5557 -5.02681 718.756 
-0.772077 -0.631569 -0.0708422 -0.0989174 0.0093116 0.995051 -0.627784 0.775264 -0.0696625 -40.0449 -4.94734 718.338 
-0.767481 -0.637198 -0.0703761 -0.09394 0.0031912 0.995572 -0.634152 0.770694 -0.0623076 -36.6404 -5.28944 717.72 
-0.75989 -0.646594 -0.0669706 -0.0838498 -0.00466542 0.996467 -0.644622 0.762821 -0.0506716 -31.452 -6.17373 717.082 
-0.748788 -0.657436 -0.0842383 -0.0900543 -0.0250021 0.995622 -0.656664 0.753096 -0.0404838 -27.5699 -5.45301 716.467 
-0.737037 -0.6699 -0.0895138 -0.0860483 -0.0383552 0.995552 -0.670353 0.741461 -0.0293747 -23.2869 -5.46614 716.181 
-0.724488 -0.683765 -0.0870845 -0.0810773 -0.0409268 0.995867 -0.684503 0.728554 -0.025787 -19.3125 -5.3905 715.575 
-0.716606 -0.69158 -0.0905279 -0.0784523 -0.0490463 0.99571 -0.693053 0.720633 -0.0191093 -14.2815 -6.38004 715.066 
-0.705864 -0.70036 -0.106082 -0.0814612 -0.0685045 0.994319 -0.703648 0.710495 -0.00869754 -9.65431 -6.31215 714.781 
-0.694089 -0.711928 -0.106773 -0.0760895 -0.0749358 0.99428 -0.715858 0.698243 -0.00215842 -4.79937 -7.77806 714.757 
-0.682118 -0.72313 -0.108622 -0.0783585 -0.075404 0.994069 -0.727032 0.686584 -0.00522916 0.0271046 -8.65758 714.637 
-0.673683 -0.730905 -0.109231 -0.0761633 -0.07835 0.994012 -0.735086 0.677968 -0.00288527 4.1621 -9.76358 714.176 
-0.65966 -0.743026 -0.112966 -0.0784251 -0.0814339 0.993588 -0.747462 0.66429 -0.00455354 7.3853 -9.54454 714.401 
-0.651514 -0.749801 -0.115451 -0.0826474 -0.0811243 0.993271 -0.754122 0.656672 -0.00911579 10.6563 -8.87723 713.54 
-0.643855 -0.75586 -0.118861 -0.0840328 -0.0845497 0.992869 -0.76052 0.649251 -0.00907955 14.0589 -8.72312 713.05 
-0.640954 -0.759061 -0.114043 -0.0840295 -0.0782918 0.993382 -0.762967 0.646295 -0.0136024 17.4759 -8.73705 712.445 
-0.64141 -0.757733 -0.120146 -0.0907167 -0.0805968 0.992609 -0.761817 0.647569 -0.0170437 20.7084 -8.60482 711.888 
-0.640038 -0.757073 -0.13112 -0.102026 -0.0853984 0.991109 -0.76154 0.647725 -0.0225834 22.7912 -7.99832 711.183 
-0.640334 -0.756675 -0.131969 -0.102379 -0.086198 0.991003 -0.761243 0.648084 -0.0222727 25.343 -8.87983 710.933 
-0.647083 -0.750039 -0.136845 -0.111119 -0.0847927 0.990182 -0.754279 0.655936 -0.0284759 28.2155 -9.30634 710.198 
-0.648258 -0.748705 -0.13858 -0.109307 -0.0886081 0.99005 -0.753535 0.656956 -0.024398 30.3106 -10.9145 710.252 
-0.646027 -0.749556 -0.144282 -0.110495 -0.0951973 0.989306 -0.755276 0.655061 -0.0213227 31.7823 -11.5883 710.054 
-0.638961 -0.75613 -0.141417 -0.105111 -0.0962932 0.989787 -0.762025 0.647299 -0.0179502 31.7795 -13.5963 710.114 
-0.640897 -0.755114 -0.138041 -0.105177 -0.0917501 0.990211 -0.760388 0.649142 -0.0206189 34.2079 -14.1894 710.075 
-0.639838 -0.754378 -0.146705 -0.103312 -0.104728 0.989119 -0.761535 0.648032 -0.0109274 35.5873 -15.1906 709.974 
-0.634024 -0.756458 -0.160581 -0.100255 -0.125494 0.987015 -0.766788 0.64189 0.00372709 36.7235 -16.6613 710.303 
-0.625394 -0.761477 -0.170402 -0.10449 -0.134685 0.985363 -0.773282 0.634045 0.00466401 37.3158 -16.8526 710.033 
-0.618375 -0.766324 -0.174246 -0.103784 -0.140147 0.984676 -0.779 0.626983 0.00713087 37.8746 -16.891 710.028 
-0.620627 -0.763628 -0.178031 -0.10983 -0.14015 0.984019 -0.776376 0.630262 0.00311122 39.9534 -17.2561 709.587 
-0.619654 -0.762805 -0.184821 -0.118029 -0.142237 0.98277 -0.775951 0.630791 -0.00189517 41.5351 -17.1011 709.497 
-0.614089 -0.765003 -0.19408 -0.122388 -0.150629 0.980984 -0.77969 0.626165 -0.00112786 42.2075 -17.575 709.854 
-0.61123 -0.765503 -0.201008 -0.113664 -0.166436 0.979478 -0.783249 0.621534 0.0147201 42.59 -19.6532 710.527 
-0.60833 -0.768766 -0.197318 -0.108356 -0.165838 0.980181 -0.786253 0.617654 0.0175837 42.4893 -19.9795 710.273 
-0.603486 -0.77573 -0.184525 -0.0993624 -0.156451 0.982674 -0.791159 0.611365 0.0173373 41.9915 -20.3061 710.09 
-0.597658 -0.777198 -0.1969 -0.111698 -0.162478 0.980369 -0.793933 0.607918 0.0102942 42.2147 -19.4223 709.487 
-0.591354 -0.780974 -0.200952 -0.0998469 -0.176364 0.979247 -0.800207 0.599146 0.0263158 42.0358 -20.9736 709.511 
-0.573284 -0.798161 -0.185166 -0.070695 -0.176962 0.981675 -0.816302 0.575868 0.0450231 41.0321 -24.5372 710.477 
-0.575586 -0.79643 -0.185478 -0.0812445 -0.169999 0.982089 -0.813696 0.580345 0.0331433 41.2277 -22.2109 709.128 
-0.573253 -0.795878 -0.194834 -0.0874324 -0.17701 0.980317 -0.814701 0.579005 0.0318856 39.8634 -21.9352 708.34 
-0.559676 -0.802819 -0.205538 -0.0744055 -0.198338 0.977305 -0.825365 0.562267 0.0512708 38.5467 -23.914 709.345 
-0.557419 -0.80742 -0.193284 -0.0684194 -0.18734 0.979909 -0.827408 0.559444 0.0491833 38.7553 -24.1635 709.398 
-0.549378 -0.813995 -0.188671 -0.077845 -0.174955 0.981493 -0.83194 0.553898 0.0327507 37.3832 -22.788 709.157 
-0.544585 -0.817767 -0.186241 -0.0751684 -0.173574 0.981947 -0.835331 0.548753 0.0330552 36.9257 -23.1674 709.902 
-0.538939 -0.822573 -0.181436 -0.07788 -0.165812 0.983077 -0.838737 0.543949 0.0252999 35.9075 -22.9476 710.187 
-0.538993 -0.825099 -0.169409 -0.0844262 -0.14719 0.985498 -0.838069 0.545479 0.00967425 35.6828 -22.0326 710.35 
-0.536377 -0.828645 -0.16015 -0.0831361 -0.136956 0.987082 -0.839874 0.542762 0.00456935 34.7447 -22.4037 710.821 
-0.531592 -0.835083 -0.141589 -0.0741709 -0.120626 0.989923 -0.843747 0.536737 0.00218467 33.6467 -23.1079 711.836 
-0.510198 -0.850513 -0.127778 -0.05528 -0.115833 0.991729 -0.858279 0.513042 0.0120808 30.1479 -25.7663 712.722 
-0.536565 -0.836528 -0.110994 -0.0778603 -0.0818929 0.993594 -0.84026 0.54177 -0.0211919 32.8983 -22.4913 712.657 
-0.513867 -0.85112 -0.107405 -0.0621613 -0.087928 0.994185 -0.855615 0.517555 -0.00772379 29.4074 -24.7327 713.843 
-0.600321 -0.796126 -0.0761539 -0.051393 -0.0566215 0.997071 -0.798106 0.602477 -0.00692453 42.8317 -25.6816 718.353 
-0.619735 -0.782737 -0.0570329 -0.0127861 -0.0625902 0.997957 -0.784708 0.619198 0.0287809 45.4171 -31.3253 720.721 
-0.610953 -0.787849 -0.0776671 0.00806928 -0.104297 0.994513 -0.791627 0.606973 0.0700774 42.3852 -35.8547 721.117 
-0.630355 -0.772491 -0.0768906 0.0204486 -0.115534 0.993092 -0.776038 0.624428 0.0886231 45.2086 -38.9341 721.866 
-0.653562 -0.753911 -0.0669043 0.0193082 -0.104973 0.994287 -0.756627 0.648536 0.0831627 48.401 -39.386 723.114 
-0.653 -0.755266 -0.0562617 0.0241542 -0.0950164 0.995182 -0.756973 0.648495 0.0802882 47.1524 -39.5042 723.099 
-0.673544 -0.737699 -0.0462681 0.0154454 -0.0766287 0.996939 -0.738987 0.670768 0.0630065 48.1852 -39.404 724.791 
-0.693916 -0.717391 -0.0619045 -0.0892185 0.000353158 0.996011 -0.714507 0.696672 -0.0642497 50.9777 -23.6387 720.954 
-0.661889 -0.746788 -0.0648936 -0.00491929 -0.0822405 0.9966 -0.749586 0.659958 0.0507601 45.0126 -37.8 724.666 
-0.648881 -0.760093 -0.0348256 0.0274024 -0.0690828 0.997234 -0.760397 0.646132 0.0656546 42.5949 -41.1405 725.04 
-0.639225 -0.768535 -0.0273209 0.0292409 -0.0597905 0.997782 -0.768464 0.637008 0.0606919 42.487 -40.6898 726.208 
-0.616008 -0.786741 -0.0396771 0.0358524 -0.0783157 0.996283 -0.786924 0.612296 0.0764492 39.3469 -41.5793 726.48 
-0.600372 -0.799093 -0.0317038 0.0501147 -0.0771574 0.995758 -0.798149 0.596236 0.086369 36.869 -43.3031 727.769 
-0.576093 -0.81695 -0.0266616 0.0615747 -0.0758992 0.995212 -0.815062 0.571693 0.094028 33.7871 -44.3939 728.429 
-0.566147 -0.824027 -0.0213925 0.0749487 -0.0773024 0.994186 -0.820891 0.561252 0.105524 31.6128 -46.2372 729.785 
-0.587165 -0.805079 -0.0841765 -0.00849751 -0.0978529 0.995164 -0.809423 0.585041 0.0506142 36.8073 -36.6794 732.136 
-0.510633 -0.848845 -0.136811 -0.0314508 -0.140572 0.98957 -0.859224 0.509609 0.0450835 25.6266 -33.6585 733.505 
-0.5332 -0.83519 -0.134744 -0.0418357 -0.133047 0.990226 -0.844955 0.533625 0.0359994 28.3183 -32.0344 732.62 
-0.532823 -0.835065 -0.136991 -0.0664107 -0.120121 0.990535 -0.843617 0.536877 0.00854563 29.164 -28.6655 733.361 
-0.504383 -0.852754 -0.135684 -0.0261897 -0.141955 0.989526 -0.863083 0.502653 0.0492657 25.514 -33.8217 733.631 
-0.51125 -0.85033 -0.124757 -0.022299 -0.131988 0.991 -0.859143 0.50943 0.0485167 25.9529 -33.983 733.587 
-0.511104 -0.85721 -0.0629623 0.0301846 -0.0911075 0.995383 -0.858989 0.506844 0.0724395 25.0692 -39.1414 733.14 
-0.434242 -0.892357 -0.123021 0.0946348 -0.181005 0.978918 -0.895812 0.413445 0.163047 15.1962 -48.5246 729.662 
-0.453462 -0.876232 -0.163067 0.0472554 -0.206338 0.977338 -0.890022 0.43548 0.134972 17.8451 -43.9015 730.24 
-0.489877 -0.863332 -0.12116 0.0400181 -0.161099 0.986126 -0.870873 0.478232 0.113467 20.768 -42.7668 731.102 
-0.508702 -0.85173 -0.125619 -0.014771 -0.137252 0.990425 -0.860816 0.505687 0.0572388 23.3344 -35.6406 732.57 
-0.489679 -0.867637 -0.0861497 0.0575117 -0.130732 0.989748 -0.870004 0.479704 0.113916 20.9066 -44.0994 731.991 
-0.474037 -0.878537 -0.0588418 0.0756968 -0.107241 0.991347 -0.877246 0.465481 0.117338 18.8311 -46.3226 731.911 
-0.468426 -0.880012 -0.078468 0.0546319 -0.117495 0.991569 -0.881812 0.46019 0.103114 18.2296 -44.0165 732.017 
-0.463469 -0.880425 -0.100244 0.0311225 -0.129231 0.991125 -0.885567 0.456236 0.0872952 17.5274 -41.8701 732.155 
-0.457773 -0.885867 -0.0753999 0.0307697 -0.100542 0.994456 -0.888537 0.452915 0.0732827 17.4093 -40.977 732.401 
-0.448702 -0.885597 -0.11994 0.02206 -0.145142 0.989164 -0.89341 0.441193 0.0846613 17.1119 -40.813 731.657 
-0.461488 -0.88139 -0.1009 0.045137 -0.136915 0.989553 -0.885998 0.452113 0.102968 18.2399 -43.3784 731.848 
-0.449881 -0.886067 -0.111774 0.0313645 -0.140751 0.989547 -0.892538 0.441673 0.0911118 18.0024 -41.0801 731.703 
-0.453815 -0.885205 -0.102302 0.0339044 -0.131873 0.990686 -0.890451 0.446119 0.0898577 19.4064 -41.3213 731.346 
-0.469054 -0.880437 -0.0694243 0.0427896 -0.10117 0.993948 -0.882133 0.463245 0.0851274 21.2503 -42.0006 731.819 
-0.477649 -0.876955 -0.0529391 0.0300466 -0.0765271 0.996614 -0.878037 0.474441 0.0629021 22.2248 -39.8803 733.37 
-0.518377 -0.850779 -0.0863832 -0.0573727 -0.0661862 0.996156 -0.853226 0.52134 -0.0145025 28.3599 -28.2379 732.584 
-0.453418 -0.88953 -0.056131 0.0352758 -0.0808362 0.996102 -0.8906 0.44967 0.0680308 20.3477 -39.4523 733.149 
-0.472257 -0.881224 -0.0204643 0.0399576 -0.0445937 0.998205 -0.880555 0.470591 0.0562707 21.5426 -39.5456 732.148 
-0.478195 -0.878073 -0.0178531 0.0297497 -0.0365103 0.99889 -0.87775 0.477133 0.043581 21.411 -38.1757 732.778 
-0.482351 -0.874849 -0.0444676 -0.0680196 -0.0132031 0.997596 -0.873333 0.484216 -0.0531387 22.839 -25.0658 731.192 
-0.439662 -0.89804 -0.0149512 -0.0353236 0.000656218 0.999375 -0.897469 0.439915 -0.032011 17.7932 -28.9474 730.913 
-0.422511 -0.905986 -0.0259775 -0.026397 -0.0163482 0.999517 -0.905974 0.422993 -0.0170084 15.5603 -30.5949 730.946 
-0.423232 -0.905453 -0.0321104 -0.0127526 -0.0294833 0.999483 -0.905932 0.423423 0.00093096 16.4259 -32.8277 730.53 
-0.411673 -0.910242 -0.0445658 -0.0137225 -0.0427041 0.998993 -0.911229 0.41187 0.00508884 14.9464 -33.2355 730.439 
-0.426265 -0.903727 -0.0397054 -0.00928143 -0.0395203 0.999175 -0.904551 0.426281 0.00845774 17.0106 -33.692 729.479 
-0.432601 -0.900624 -0.041641 0.00310035 -0.0476714 0.998858 -0.90158 0.431978 0.0234144 17.742 -35.3213 728.12 
-0.434821 -0.899233 -0.048073 0.00339148 -0.0550178 0.998479 -0.900511 0.433997 0.0269721 15.9945 -35.4769 727.706 
-0.411688 -0.909686 -0.0546358 -0.00290205 -0.0586424 0.998274 -0.911321 0.411136 0.0215019 12.5569 -34.8277 725.878 
-0.396596 -0.915995 -0.0605422 -0.00953873 -0.0618342 0.99804 -0.917944 0.396396 0.0157852 10.9705 -33.9462 724.501 
-0.388568 -0.91935 -0.0617355 -0.00342145 -0.0655595 0.997842 -0.921414 0.387941 0.0223283 10.5844 -34.6582 724.654 
-0.401903 -0.913196 -0.067438 0.00917372 -0.0776589 0.996937 -0.915637 0.400053 0.0395882 13.0843 -36.0342 724.063 
-0.418506 -0.905835 -0.0656963 -0.00171058 -0.0715486 0.997435 -0.908213 0.417545 0.0283935 15.0634 -34.77 723.333 
-0.423357 -0.902485 -0.079319 -0.0106312 -0.0825964 0.996526 -0.905901 0.422729 0.0253727 15.1484 -34.8704 722.685 
-0.442887 -0.892348 -0.0869837 -0.0449185 -0.074811 0.996185 -0.895452 0.445105 -0.00695056 16.9694 -31.0715 721.45 
-0.429244 -0.897824 -0.0983034 -0.0326871 -0.093326 0.995098 -0.902597 0.430353 0.0107119 15.3135 -32.5434 722.075 
-0.4429 -0.890894 -0.100739 -0.0414034 -0.0919167 0.994905 -0.895615 0.444814 0.00382342 17.4216 -31.0218 721.821 
-0.457473 -0.882768 -0.106959 -0.0434714 -0.0979366 0.994242 -0.888161 0.459489 0.00642773 19.6307 -30.3781 722.079 
-0.4671 -0.875863 -0.121173 -0.0598248 -0.105422 0.992626 -0.882179 0.470904 -0.00315627 20.6257 -28.4388 721.542 
-0.481229 -0.868409 -0.119526 -0.0746256 -0.0952722 0.992649 -0.873413 0.486611 -0.0189583 22.0373 -26.4365 721.135 
-0.495647 -0.860743 -0.116 -0.0795161 -0.0880262 0.992939 -0.864877 0.501371 -0.0248134 23.4686 -25.9193 720.934 
-0.494291 -0.861803 -0.113905 -0.0730551 -0.089385 0.993314 -0.866222 0.499307 -0.0187773 23.0958 -26.9227 721.373 
-0.534249 -0.834624 -0.134096 -0.098202 -0.0962797 0.990497 -0.839604 0.54234 -0.0305249 28.6035 -23.5494 718.731 
-0.551599 -0.819824 -0.153712 -0.118861 -0.105144 0.987327 -0.825597 0.562879 -0.0394479 31.6728 -20.6174 718.096 
-0.543019 -0.822687 -0.168281 -0.109778 -0.129132 0.985532 -0.832515 0.553635 -0.0201924 30.8274 -21.836 718.849 
-0.546266 -0.82074 -0.167272 -0.0944848 -0.138047 0.985908 -0.832266 0.554373 -0.00213723 30.9913 -23.8829 718.757 
-0.547086 -0.821255 -0.161982 -0.0955217 -0.130994 0.98677 -0.831609 0.555321 -0.00678296 31.5384 -23.3265 718.74 
-0.550621 -0.814176 -0.184216 -0.103824 -0.152172 0.982885 -0.828274 0.560323 -0.000742453 31.5398 -22.03 717.817 
-0.53882 -0.822404 -0.182555 -0.0841708 -0.16306 0.983018 -0.838206 0.545036 0.0186372 29.0267 -24.8032 719.096 
-0.540388 -0.824054 -0.17005 -0.0693458 -0.157794 0.985033 -0.838554 0.544092 0.0281248 27.4543 -26.1293 719.911 
-0.571691 -0.805319 -0.156948 -0.0819765 -0.134267 0.987548 -0.816364 0.577438 0.0107419 29.4676 -23.8765 720.55 
-0.546739 -0.822656 -0.155932 -0.0369014 -0.162375 0.986038 -0.83649 0.54486 0.0584192 23.0383 -30.0664 721.489 
-0.5553 -0.81749 -0.15282 -0.0336912 -0.16149 0.986298 -0.830968 0.55284 0.062133 20.4944 -31.2129 721.339 
-0.559545 -0.814298 -0.154366 -0.0344747 -0.163223 0.985986 -0.828083 0.557026 0.0632574 17.7381 -31.8347 722.021 
-0.561351 -0.81413 -0.148586 -0.0472423 -0.147725 0.987899 -0.826229 0.561578 0.0444639 15.3158 -30.983 722.953 
-0.560267 -0.817393 -0.134053 -0.0481169 -0.129448 0.990417 -0.826913 0.561349 0.0331944 12.2245 -31.7972 722.952 
-0.560019 -0.817665 -0.133431 -0.064667 -0.117422 0.990974 -0.825953 0.563592 0.0128819 10.0519 -30.639 723.426 
-0.554462 -0.822593 -0.126148 -0.0554636 -0.114718 0.991848 -0.830359 0.556939 0.0179825 7.30772 -32.5827 723.942 
-0.554589 -0.823815 -0.117309 -0.044294 -0.111549 0.992771 -0.830945 0.555776 0.0253735 6.15951 -34.7343 724.717 
-0.552428 -0.825293 -0.117116 -0.0470951 -0.109374 0.992884 -0.832229 0.554012 0.0215536 4.26824 -35.0507 725.156 
-0.559138 -0.822247 -0.106185 -0.0419959 -0.0998219 0.994118 -0.828011 0.560309 0.0212828 2.66256 -36.2526 724.839 
-0.558145 -0.823336 -0.102921 -0.0382283 -0.0983905 0.994413 -0.828863 0.558961 0.023441 -0.249401 -36.6363 724.773 
-0.566561 -0.818939 -0.0913705 -0.0441634 -0.0805459 0.995771 -0.822836 0.5682 0.00946664 -2.32478 -35.8834 724.106 
-0.569847 -0.816899 -0.0891735 -0.0490412 -0.0745151 0.996013 -0.820286 0.571948 0.00240021 -5.19993 -35.4195 723.658 
-0.576877 -0.811405 -0.0940011 -0.0590226 -0.0733715 0.995556 -0.814696 0.579862 -0.00556523 -7.37655 -34.6878 723.427 
-0.580143 -0.809877 -0.0867985 -0.0590395 -0.0644716 0.996171 -0.812373 0.583046 -0.0104124 -10.7845 -34.4101 723.414 
-0.594813 -0.799487 -0.0837833 -0.0562597 -0.0625669 0.996453 -0.801893 0.597417 -0.0077636 -12.1691 -35.1174 723.38 
-0.607642 -0.789783 -0.0837609 -0.0468376 -0.0696447 0.996471 -0.79283 0.60942 0.00532716 -14.0731 -36.0586 723.478 
-0.610586 -0.787877 -0.0802267 -0.054628 -0.0591595 0.996752 -0.790064 0.612985 -0.0069185 -17.7207 -34.7838 723.515 
-0.618211 -0.78159 -0.0832657 -0.0570546 -0.0610321 0.996503 -0.783939 0.6208 -0.00686281 -20.2868 -34.513 723.658 
-0.622478 -0.778178 -0.0834357 -0.0568153 -0.0613951 0.996495 -0.780572 0.625037 -0.00599558 -23.4276 -34.2035 723.859 
-0.631179 -0.771351 -0.081442 -0.0655759 -0.0515555 0.996514 -0.772861 0.634319 -0.0180415 -26.1156 -32.5222 723.912 
-0.640496 -0.763906 -0.0788237 -0.0602421 -0.052345 0.99681 -0.765595 0.643201 -0.0124928 -27.6694 -32.7926 724.247 
-0.648745 -0.757533 -0.0726262 -0.0556447 -0.0479583 0.997298 -0.758969 0.651033 -0.0110402 -29.7855 -32.795 724.393 
-0.65173 -0.754805 -0.0742934 -0.0568732 -0.0490416 0.997176 -0.756316 0.654114 -0.0109665 -31.8919 -31.9402 725.015 
-0.651467 -0.7549 -0.075617 -0.0589424 -0.0490061 0.997057 -0.756385 0.654007 -0.0125701 -35.2931 -30.9491 725.298 
-0.655471 -0.751013 -0.0796116 -0.0614739 -0.0520071 0.996752 -0.752715 0.658236 -0.0120788 -37.7141 -29.9511 725.319 
-0.661882 -0.746144 -0.0719928 -0.0550509 -0.0473966 0.997357 -0.747584 0.664096 -0.00970515 -38.7473 -30.2197 725.707 
-0.668231 -0.740087 -0.075763 -0.0607745 -0.0471921 0.997035 -0.741468 0.670853 -0.0134435 -40.4111 -29.3685 725.637 
-0.67353 -0.735736 -0.0710717 -0.0586099 -0.0426897 0.997367 -0.736833 0.675922 -0.0143688 -42.2472 -28.9088 725.471 
-0.677454 -0.732623 -0.0657387 -0.0578193 -0.0360557 0.997675 -0.73329 0.67968 -0.0179338 -43.9734 -28.1908 725.638 
-0.677 -0.733184 -0.0641277 -0.0598399 -0.0320075 0.997694 -0.733546 0.679277 -0.0222048 -45.9929 -27.4133 725.802 
-0.685266 -0.725817 -0.0600168 -0.0613078 -0.0246243 0.997814 -0.725709 0.687447 -0.0276243 -46.7712 -27.0504 725.595 
-0.689403 -0.721823 -0.0607963 -0.0605178 -0.0262419 0.997821 -0.721846 0.691581 -0.025592 -47.7829 -26.6808 726.022 
-0.700293 -0.711633 -0.0562894 -0.0694316 -0.0105773 0.99753 -0.710471 0.702472 -0.0420028 -47.8412 -25.4275 726.282 
-0.690604 -0.720836 -0.0588408 -0.055687 -0.0281169 0.998052 -0.721086 0.692535 -0.0207238 -49.6382 -26.5139 726.729 
-0.694493 -0.716935 -0.060698 -0.0601554 -0.0262073 0.997844 -0.716981 0.696647 -0.024927 -50.9374 -25.2794 726.374 
-0.694852 -0.717062 -0.0548069 -0.0542336 -0.0237437 0.998245 -0.717106 0.696605 -0.0223907 -52.2507 -25.3324 726.351 
-0.697349 -0.714377 -0.0580602 -0.0582859 -0.0242142 0.998006 -0.714359 0.699342 -0.0247526 -52.9501 -24.0484 726.221 
-0.701221 -0.710725 -0.0562151 -0.0555162 -0.0241754 0.998164 -0.71078 0.703055 -0.0225046 -53.0193 -24.3915 726.091 
-0.699197 -0.712707 -0.0563327 -0.0524433 -0.0274515 0.998246 -0.713003 0.700925 -0.0181829 -53.0822 -24.2295 726.464 
-0.700418 -0.711448 -0.0570824 -0.0538106 -0.0271109 0.998182 -0.711702 0.702216 -0.0192946 -52.8664 -23.869 726.225 
RFing.0_Hand
-0.461729 0.0039796 -0.887012 -0.0039796 0.999971 0.00655795 0.887012 0.00655795 -0.4617 32.7108 -9.73219 -73.4609 
-0.621537 -0.782184 -0.0433647 0.341817 -0.320589 0.883393 -0.704878 0.534239 0.466621 -69.8524 6.25675 711.313 
-0.619088 -0.784014 -0.0452901 0.347449 -0.325166 0.879515 -0.704278 0.528761 0.473712 -69.9158 6.41443 711.076 
-0.616439 -0.786381 -0.04011 0.355791 -0.323621 0.876745 -0.702435 0.526189 0.47928 -69.8218 6.06703 710.861 
-0.619167 -0.783834 -0.0473009 0.350449 -0.329727 0.876622 -0.702722 0.526199 0.478849 -73.1381 7.739 709.17 
-0.621794 -0.781901 -0.0447454 0.351661 -0.329789 0.876113 -0.69979 0.529027 0.480025 -71.4639 7.22846 710.045 
-0.619059 -0.784228 -0.0418691 0.355461 -0.327338 0.875498 -0.700294 0.527102 0.481404 -71.1645 6.76827 710.02 
-0.619797 -0.78367 -0.0414063 0.357206 -0.328705 0.874275 -0.698752 0.527082 0.483662 -71.5136 7.31866 709.77 
-0.618812 -0.784522 -0.0399649 0.363518 -0.331092 0.870766 -0.696367 0.524312 0.490071 -71.9694 7.0332 709.155 
-0.619899 -0.782702 -0.0557108 0.353212 -0.341732 0.870896 -0.70069 0.52019 0.488299 -71.1962 8.08155 709.636 
-0.61959 -0.783229 -0.051588 0.357026 -0.339744 0.870118 -0.699028 0.520699 0.490135 -70.9519 8.06156 709.37 
-0.612493 -0.788829 -0.051 0.361741 -0.337074 0.869209 -0.702848 0.513936 0.491807 -70.6097 7.99396 709.545 
-0.609113 -0.791652 -0.0476353 0.361963 -0.33094 0.871471 -0.705666 0.513582 0.488128 -70.1353 7.75767 709.552 
-0.613296 -0.788141 -0.0519745 0.35601 -0.334571 0.872536 -0.70507 0.51662 0.485777 -69.3129 8.01524 709.399 
-0.610378 -0.790195 -0.0550589 0.352653 -0.333327 0.874373 -0.709277 0.514281 0.48212 -68.9235 7.98098 709.505 
-0.611271 -0.789422 -0.0562302 0.351319 -0.334328 0.874528 -0.70917 0.514819 0.481704 -68.9527 7.42073 709.286 
-0.60834 -0.792025 -0.0511799 0.352964 -0.327735 0.87636 -0.710872 0.51506 0.47893 -68.7411 7.13926 709.505 
-0.595638 -0.802321 -0.038693 0.370343 -0.317048 0.873113 -0.712784 0.50573 0.485979 -68.9201 6.50483 709.298 
-0.591493 -0.805597 -0.0339034 0.373094 -0.310728 0.874213 -0.714798 0.504442 0.484357 -68.5771 6.37484 709.477 
-0.593846 -0.804008 -0.0303015 0.375365 -0.310165 0.873441 -0.711652 0.507315 0.485986 -67.7837 5.5766 709.64 
-0.587972 -0.808474 -0.0256821 0.384506 -0.307289 0.870476 -0.711648 0.501941 0.49154 -67.8443 5.38858 709.981 
-0.582882 -0.812427 -0.0145237 0.39323 -0.297677 0.869919 -0.711069 0.501349 0.492981 -66.7775 5.24512 710.321 
-0.584978 -0.810936 -0.0135342 0.39619 -0.300278 0.867679 -0.707696 0.502211 0.496941 -66.3687 5.54762 710.978 
-0.580091 -0.814542 -0.00402626 0.409238 -0.295713 0.863179 -0.704285 0.499075 0.504882 -66.2624 4.84187 711.449 
-0.577086 -0.816667 -0.00527299 0.415244 -0.298974 0.859178 -0.703238 0.49363 0.511649 -65.8987 4.91928 711.839 
-0.582473 -0.81285 -0.000680659 0.418741 -0.30078 0.856847 -0.696692 0.498806 0.51557 -64.9838 4.65678 712.11 
-0.572716 -0.819729 0.00638206 0.435028 -0.297321 0.849912 -0.6948 0.489534 0.526886 -64.9255 4.19666 712.227 
-0.568948 -0.822371 0.00195908 0.43708 -0.300369 0.847785 -0.696605 0.483202 0.530337 -63.9509 4.88103 712.32 
-0.569933 -0.82168 0.00438138 0.44929 -0.307163 0.838921 -0.687978 0.480098 0.544235 -62.3007 4.69373 712.177 
-0.562759 -0.826584 0.00783218 0.463255 -0.30752 0.83116 -0.684614 0.471371 0.555978 -60.743 3.69427 711.945 
-0.556735 -0.830647 0.00856208 0.470882 -0.30708 0.827026 -0.684336 0.464466 0.562098 -58.7686 3.9408 711.966 
-0.55905 -0.829126 0.00370482 0.473652 -0.315692 0.822187 -0.680527 0.461399 0.569205 -56.378 4.54486 711.878 
-0.552025 -0.833751 0.0112847 0.484986 -0.310041 0.817718 -0.678274 0.456874 0.575508 -54.2914 4.02566 711.633 
-0.546743 -0.837202 0.0128613 0.496099 -0.311532 0.810453 -0.674505 0.449489 0.585663 -51.7456 4.16281 711.23 
-0.537338 -0.843308 0.0100177 0.508586 -0.31454 0.801501 -0.672761 0.435772 0.597909 -48.2894 3.87678 710.599 
-0.530358 -0.847765 0.00397565 0.513747 -0.317661 0.796966 -0.674376 0.42472 0.604011 -42.9885 3.11343 709.935 
-0.526139 -0.850246 -0.0161205 0.515704 -0.33408 0.788949 -0.676185 0.406784 0.614247 -39.1673 3.70729 709.255 
-0.515753 -0.85623 -0.0294802 0.520831 -0.340674 0.782736 -0.680245 0.388344 0.621655 -34.8156 3.71765 708.889 
-0.501772 -0.864091 -0.0396359 0.523625 -0.3399 0.781208 -0.688506 0.371234 0.623012 -30.6851 3.85412 708.117 
-0.493907 -0.868168 -0.0483826 0.528051 -0.343689 0.776556 -0.690809 0.357998 0.628187 -25.606 2.88007 707.555 
-0.490998 -0.868223 -0.0714891 0.522806 -0.359309 0.773027 -0.696846 0.34218 0.630332 -21.0223 2.85738 707.224 
-0.478191 -0.873955 -0.0868169 0.523545 -0.36303 0.770785 -0.705148 0.32313 0.631152 -16.049 1.4461 707.09 
-0.466836 -0.878999 -0.0970871 0.520859 -0.362016 0.773078 -0.714681 0.310332 0.626836 -11.113 0.534884 706.774 
-0.456798 -0.883345 -0.105064 0.525745 -0.363354 0.769133 -0.717584 0.296102 0.630393 -6.89332 -0.549857 706.22 
-0.447536 -0.88636 -0.118656 0.518356 -0.365239 0.773245 -0.72871 0.284549 0.622907 -3.55612 -0.369758 706.245 
-0.445005 -0.886736 -0.125182 0.517619 -0.368759 0.772066 -0.73078 0.278777 0.623091 -0.221592 0.241688 705.238 
-0.43923 -0.888282 -0.134282 0.516393 -0.371948 0.771358 -0.735129 0.269461 0.622074 3.23013 0.367441 704.652 
-0.440472 -0.88837 -0.129554 0.51675 -0.368885 0.772588 -0.734134 0.273356 0.621549 6.72741 0.371177 703.964 
-0.447989 -0.883747 -0.135267 0.510651 -0.377124 0.772666 -0.733854 0.277071 0.620233 9.89331 0.406633 703.388 
-0.449521 -0.88146 -0.144776 0.505417 -0.384615 0.772415 -0.736535 0.274044 0.618397 11.8807 0.845663 702.63 
-0.451434 -0.880733 -0.143237 0.505344 -0.384648 0.772446 -0.735414 0.276325 0.618717 14.4207 -0.0429574 702.387 
-0.464638 -0.874055 -0.141915 0.495565 -0.389488 0.776347 -0.733843 0.290392 0.614122 17.1706 -0.58531 701.691 
-0.469613 -0.871125 -0.143545 0.494887 -0.394379 0.774308 -0.731129 0.292586 0.616314 19.2356 -2.17953 701.799 
-0.468089 -0.870405 -0.152604 0.495452 -0.401495 0.770279 -0.731724 0.284951 0.619179 20.6745 -2.88891 701.607 
-0.452407 -0.878244 -0.154972 0.505651 -0.395749 0.766615 -0.734605 0.268461 0.623125 20.7775 -4.82627 701.601 
-0.45118 -0.879545 -0.151119 0.505989 -0.3916 0.76852 -0.735126 0.270277 0.621723 23.2186 -5.40694 701.559 
-0.455738 -0.87566 -0.159756 0.502744 -0.401334 0.765623 -0.734541 0.268607 0.623136 24.5228 -6.42144 701.542 
-0.455647 -0.872843 -0.17473 0.506884 -0.41577 0.755118 -0.731747 0.255499 0.631875 25.5839 -7.91633 701.945 
-0.447999 -0.87389 -0.188717 0.507425 -0.422332 0.751103 -0.736082 0.240733 0.632638 26.173 -8.19612 701.587 
-0.437478 -0.876856 -0.199344 0.506517 -0.42346 0.751081 -0.743003 0.22761 0.629396 26.7707 -8.24354 701.522 
-0.440428 -0.875043 -0.200808 0.502284 -0.425551 0.75274 -0.744133 0.230665 0.626944 28.7871 -8.69156 701.079 
-0.441891 -0.872877 -0.206925 0.498281 -0.430642 0.752505 -0.745954 0.229419 0.625235 30.3122 -8.65699 700.943 
-0.441646 -0.870295 -0.218026 0.490959 -0.43783 0.753169 -0.750937 0.225592 0.620645 30.9542 -9.2208 701.252 
-0.444174 -0.864164 -0.236499 0.476414 -0.451365 0.754519 -0.758775 0.222466 0.612184 31.2997 -11.2358 702.036 
-0.437455 -0.867466 -0.236932 0.487023 -0.450043 0.748512 -0.755937 0.212049 0.619349 31.2675 -11.4868 701.767 
-0.421428 -0.876626 -0.232218 0.492864 -0.436351 0.752783 -0.761237 0.202792 0.615948 30.9499 -11.6558 701.506 
-0.422581 -0.873231 -0.24268 0.485911 -0.444314 0.752645 -0.765059 0.200133 0.612071 31.1151 -10.9632 700.789 
-0.42154 -0.871173 -0.251719 0.496969 -0.45413 0.73945 -0.758502 0.186611 0.62438 30.966 -12.4041 700.883 
-0.379763 -0.889847 -0.252889 0.529052 -0.433163 0.729708 -0.75887 0.143325 0.635275 30.3202 -15.5765 701.795 
-0.397351 -0.882452 -0.251778 0.512997 -0.441096 0.736388 -0.760885 0.163443 0.627965 30.4869 -13.3651 700.365 
-0.395112 -0.881464 -0.258668 0.512729 -0.445245 0.734075 -0.76223 0.157415 0.627874 29.0559 -13.1995 699.547 
-0.382728 -0.881239 -0.277378 0.524599 -0.454438 0.719918 -0.76047 0.13002 0.636223 27.7853 -15.0874 700.587 
-0.349616 -0.897366 -0.269265 0.543329 -0.428335 0.722027 -0.763257 0.106132 0.637317 28.1407 -15.2129 700.587 
-0.329362 -0.905257 -0.268387 0.553037 -0.415342 0.722247 -0.76529 0.0894523 0.637439 26.9049 -13.9152 700.108 
-0.324007 -0.906157 -0.271846 0.551622 -0.414399 0.723869 -0.76859 0.0845825 0.634124 26.5256 -14.2535 700.803 
-0.316317 -0.908614 -0.2727 0.550324 -0.409901 0.727409 -0.772713 0.0800185 0.629691 25.6189 -14.0409 700.955 
-0.310935 -0.913416 -0.262661 0.546864 -0.39797 0.736586 -0.77734 0.0853908 0.623257 25.5136 -13.1466 700.967 
-0.295806 -0.920278 -0.256103 0.550296 -0.383313 0.741785 -0.780815 0.078492 0.619811 24.6976 -13.4649 701.356 
-0.285189 -0.925759 -0.248271 0.547688 -0.369974 0.750438 -0.786578 0.0780419 0.612539 23.8401 -13.9946 702.286 
-0.250772 -0.933998 -0.254481 0.559638 -0.354375 0.749148 -0.789885 0.045448 0.611569 20.7239 -16.3869 703.046 
-0.274523 -0.9349 -0.224943 0.529484 -0.342241 0.77622 -0.802672 0.0939868 0.588967 23.344 -13.3102 702.918 
-0.240168 -0.941483 -0.236493 0.551139 -0.332799 0.765173 -0.799102 0.0534295 0.598816 20.1477 -15.3596 704.004 
-0.332841 -0.929762 -0.157354 0.516784 -0.319428 0.794292 -0.788765 0.183055 0.586804 32.9158 -16.0814 709.413 
-0.346851 -0.928712 -0.131108 0.536238 -0.311044 0.784666 -0.769508 0.201857 0.605896 35.4816 -21.2414 712.353 
-0.32917 -0.931196 -0.156593 0.558278 -0.325665 0.763065 -0.761559 0.163755 0.627065 32.3359 -25.6258 713.067 
-0.340819 -0.928968 -0.144432 0.563191 -0.324759 0.759834 -0.752767 0.177623 0.633871 34.9532 -28.5862 714.239 
-0.361997 -0.924674 -0.118055 0.557319 -0.3162 0.767732 -0.74723 0.212122 0.629802 37.9936 -29.0193 715.722 
-0.366482 -0.923919 -0.109839 0.560596 -0.313485 0.766458 -0.742578 0.219318 0.632832 36.8599 -29.0476 715.673 
-0.395958 -0.914087 -0.0875417 0.543191 -0.310022 0.780275 -0.740378 0.261404 0.619279 37.7723 -29.0027 717.456 
-0.383541 -0.92118 -0.0657585 0.506662 -0.269415 0.818968 -0.772133 0.28079 0.570058 40.1856 -14.414 712.656 
-0.368827 -0.923661 -0.104012 0.564458 -0.311476 0.76444 -0.73848 0.223236 0.636249 34.5351 -27.6697 717.049 
-0.343932 -0.934416 -0.0926216 0.579024 -0.288702 0.762485 -0.739217 0.208613 0.640342 32.5675 -30.5707 717.414 
-0.353375 -0.930588 -0.0955705 0.567965 -0.294602 0.768521 -0.743331 0.217295 0.632646 32.6427 -30.0729 718.411 
-0.335045 -0.934114 -0.123192 0.577054 -0.306796 0.756892 -0.744818 0.182504 0.641824 29.6308 -30.9311 718.565 
-0.323882 -0.93718 -0.129591 0.583334 -0.305654 0.752527 -0.744863 0.168135 0.645684 27.4084 -32.4784 719.785 
-0.303437 -0.941919 -0.143928 0.584083 -0.303211 0.752934 -0.752843 0.144402 0.642164 24.6496 -33.4281 720.263 
-0.290691 -0.945437 -0.147131 0.59076 -0.298305 0.749677 -0.752662 0.131005 0.645241 22.6414 -35.1164 721.645 
-0.331606 -0.925471 -0.183144 0.52732 -0.342796 0.777447 -0.782285 0.161231 0.601692 26.9562 -26.6398 723.617 
-0.246267 -0.92932 -0.275169 0.527431 -0.366693 0.766389 -0.813122 0.0436032 0.580457 16.1065 -24.05 724.153 
-0.282385 -0.926063 -0.250332 0.529853 -0.368103 0.764039 -0.799696 0.0831141 0.594624 18.5623 -22.5351 723.4 
-0.29566 -0.920963 -0.253796 0.513163 -0.377201 0.770962 -0.805759 0.0977034 0.584128 19.3897 -19.4471 723.88 
-0.275761 -0.921554 -0.273304 0.545381 -0.384135 0.744983 -0.791527 0.0563822 0.608527 16.0767 -24.1501 724.259 
-0.286839 -0.921725 -0.261049 0.545392 -0.381149 0.746507 -0.787572 0.0717532 0.61203 16.5474 -24.2275 724.271 
-0.273248 -0.937219 -0.216695 0.576874 -0.339919 0.742746 -0.769774 0.0779477 0.633539 16.294 -28.5991 724.07 
-0.202933 -0.928436 -0.311167 0.637976 -0.366438 0.677281 -0.742835 -0.0610746 0.666682 6.69607 -37.5182 720.885 
-0.244601 -0.912515 -0.327853 0.61155 -0.407576 0.678151 -0.752447 -0.0346223 0.657741 8.71856 -33.558 721.288 
-0.275589 -0.922548 -0.270104 0.597176 -0.384494 0.703949 -0.75328 0.032701 0.656886 11.6435 -32.3343 722.252 
-0.284174 -0.922295 -0.261948 0.554016 -0.380942 0.740236 -0.782503 0.0652325 0.61922 13.9493 -25.8066 723.316 
-0.270628 -0.931457 -0.243205 0.600043 -0.360765 0.714001 -0.7528 0.0472948 0.656547 12.1398 -33.3493 723.159 
-0.264287 -0.935362 -0.235055 0.597495 -0.35011 0.721403 -0.757067 0.0502134 0.651404 10.5237 -35.2807 722.996 
-0.245717 -0.935959 -0.252199 0.589873 -0.350834 0.7273 -0.769202 0.0299444 0.638303 9.78601 -33.2577 722.886 
-0.24124 -0.934037 -0.2634 0.584412 -0.356505 0.728949 -0.774767 0.0219176 0.631866 8.91927 -31.4351 722.804 
-0.231932 -0.938872 -0.254417 0.580462 -0.34346 0.738308 -0.780558 0.0235577 0.624638 9.12031 -30.4555 722.861 
-0.221165 -0.927374 -0.301769 0.582472 -0.373789 0.721809 -0.782184 -0.0161331 0.622838 8.47492 -30.5437 722.151 
-0.241142 -0.929059 -0.280535 0.595713 -0.3699 0.712951 -0.766143 0.00480419 0.642651 9.648 -32.7983 722.647 
-0.227197 -0.927751 -0.296076 0.583093 -0.373101 0.721663 -0.779989 -0.00867999 0.625732 9.4345 -30.681 722.276 
-0.228347 -0.930511 -0.286369 0.584809 -0.366258 0.723777 -0.778367 -0.00219958 0.627805 10.889 -30.861 721.941 
-0.239809 -0.937683 -0.251482 0.582449 -0.346204 0.735456 -0.776688 0.0298934 0.629175 12.892 -31.3342 722.503 
-0.244078 -0.941352 -0.232988 0.568224 -0.333517 0.752255 -0.785842 0.0512195 0.616302 13.9363 -29.2983 723.897 
-0.251129 -0.940965 -0.22698 0.519418 -0.328875 0.788699 -0.816785 0.0801673 0.571344 19.2625 -18.7413 722.712 
-0.206793 -0.946409 -0.248086 0.579471 -0.322783 0.748348 -0.788321 0.0109943 0.615166 12.3066 -28.8182 723.522 
-0.2119 -0.955267 -0.20631 0.58287 -0.29298 0.757909 -0.784449 0.0403483 0.618878 13.651 -28.7595 722.566 
-0.220301 -0.954367 -0.201622 0.571892 -0.293819 0.765905 -0.790194 0.0534228 0.610523 13.4779 -27.4952 723.113 
-0.213699 -0.952905 -0.215188 0.519438 -0.297394 0.801088 -0.827355 0.0594144 0.558527 14.5834 -15.5843 720.592 
-0.172869 -0.959427 -0.222748 0.539162 -0.281437 0.793787 -0.824269 0.0171239 0.565938 10.3364 -19.0084 720.141 
-0.159902 -0.957011 -0.241997 0.544786 -0.289991 0.786837 -0.823188 -0.00602045 0.567736 8.18932 -20.5754 720.19 
-0.163049 -0.955457 -0.246002 0.554091 -0.294981 0.77844 -0.816332 -0.00938353 0.577506 8.98316 -22.6625 719.962 
-0.15113 -0.952783 -0.263372 0.55421 -0.302289 0.775547 -0.818541 -0.0287552 0.573727 7.5105 -23.1136 719.824 
-0.167609 -0.953145 -0.251838 0.55575 -0.302344 0.774422 -0.814278 -0.0101592 0.580385 9.45421 -23.506 719.012 
-0.172504 -0.95365 -0.246566 0.569292 -0.300803 0.76513 -0.803834 -0.00837998 0.594795 10.0917 -24.9986 717.856 
-0.159932 -0.955188 -0.249076 0.574394 -0.295258 0.763475 -0.802803 -0.0209635 0.595875 8.25216 -25.169 717.497 
-0.135532 -0.953673 -0.268587 0.585375 -0.295791 0.75488 -0.799354 -0.0549137 0.598345 5.01724 -24.6083 715.431 
-0.118576 -0.951978 -0.282272 0.591108 -0.296093 0.75028 -0.797829 -0.077888 0.597831 3.54714 -23.8191 713.883 
-0.111222 -0.950926 -0.288739 0.589612 -0.297023 0.751089 -0.799992 -0.0867066 0.593712 3.24322 -24.4634 714.043 
-0.128964 -0.950472 -0.282794 0.597177 -0.302105 0.743042 -0.791674 -0.073053 0.60656 5.528 -25.714 713.728 
-0.160259 -0.948591 -0.272932 0.589976 -0.313732 0.743976 -0.791356 -0.041795 0.609924 7.33054 -24.5696 713.01 
-0.167174 -0.945689 -0.278793 0.590631 -0.322476 0.739705 -0.789434 -0.0410049 0.612463 7.21944 -24.8136 712.37 
-0.18761 -0.944628 -0.269223 0.571438 -0.327898 0.752291 -0.798912 -0.0127071 0.601313 8.73476 -21.4347 710.974 
-0.179758 -0.94087 -0.287144 0.575059 -0.337334 0.745327 -0.798119 -0.0311461 0.601694 7.1224 -22.8003 711.664 
-0.197463 -0.939289 -0.280615 0.565059 -0.34297 0.750386 -0.801071 -0.0103913 0.598478 9.04682 -21.3876 711.454 
-0.221275 -0.935714 -0.27473 0.560398 -0.352559 0.749437 -0.798117 0.0118738 0.602384 11.0237 -20.7887 711.862 
-0.231935 -0.932247 -0.277708 0.553073 -0.361239 0.750744 -0.800198 0.0205304 0.599384 11.7633 -19.0869 711.323 
-0.25088 -0.93083 -0.265735 0.540062 -0.362411 0.759599 -0.803363 0.0470548 0.593628 13.0287 -17.2508 710.894 
-0.262756 -0.930859 -0.253893 0.532409 -0.35933 0.766435 -0.804673 0.06621 0.590014 14.3302 -16.7779 710.769 
-0.254888 -0.932757 -0.254945 0.535319 -0.355679 0.766111 -0.805273 0.0587951 0.589981 13.9941 -17.6988 711.249 
-0.310865 -0.920335 -0.237375 0.522755 -0.37414 0.765994 -0.793782 0.114031 0.597417 18.8422 -14.685 708.904 
-0.33963 -0.910272 -0.236761 0.509693 -0.389679 0.767048 -0.790483 0.139837 0.596306 21.5182 -12.0635 708.394 
-0.338765 -0.905623 -0.25512 0.512951 -0.405082 0.756828 -0.788745 0.125523 0.601768 20.6239 -13.2335 709.241 
-0.337361 -0.90678 -0.252862 0.527 -0.404493 0.747433 -0.780037 0.118896 0.614333 20.7612 -15.1014 709.342 
-0.346887 -0.90501 -0.246226 0.524194 -0.404771 0.749254 -0.777746 0.130837 0.61481 21.3519 -14.5352 709.286 
-0.358488 -0.897091 -0.25829 0.522809 -0.422149 0.740582 -0.773406 0.130453 0.620343 21.0917 -13.4253 708.478 
-0.335335 -0.903184 -0.267973 0.538029 -0.417092 0.732502 -0.773353 0.101456 0.625804 18.7283 -15.9709 709.803 
-0.327027 -0.908443 -0.260357 0.543814 -0.406224 0.734335 -0.772864 0.0985617 0.62687 17.2629 -17.079 710.711 
-0.361301 -0.903569 -0.230272 0.522013 -0.40063 0.752993 -0.772634 0.151852 0.616423 19.0548 -14.9129 711.514 
-0.334837 -0.908369 -0.2505 0.55374 -0.404788 0.72768 -0.762401 0.104942 0.638539 12.9163 -20.606 712.631 
-0.346001 -0.90692 -0.240373 0.552855 -0.404071 0.728751 -0.758046 0.119257 0.641204 10.3071 -21.7077 712.604 
-0.354616 -0.903643 -0.240162 0.543063 -0.408143 0.733827 -0.761137 0.129803 0.635469 7.48746 -22.346 713.343 
