Lower Arm L
-0.305218 -0.320392 -0.896767 0.320392 0.852254 -0.413536 0.896767 -0.413536 -0.157472 11.677 7.89292 -70.5016 
-0.217298 0.386179 0.896464 -0.787427 0.473388 -0.394795 -0.576836 -0.791687 0.201223 206.471 -71.6201 656.25 
-0.216587 0.402931 0.889235 -0.781596 0.474217 -0.405248 -0.584977 -0.782792 0.212221 206.906 -71.6216 656.614 
-0.215641 0.417569 0.882687 -0.774134 0.477854 -0.415179 -0.595161 -0.772846 0.22021 207.581 -71.4488 657.13 
-0.219353 0.43143 0.875073 -0.772202 0.471421 -0.425989 -0.596312 -0.769174 0.229745 208.869 -71.2049 656.872 
-0.214362 0.439906 0.872085 -0.769947 0.473288 -0.427997 -0.601025 -0.763205 0.23725 208.51 -70.8898 656.951 
-0.20862 0.443313 0.871752 -0.768358 0.477173 -0.426535 -0.605064 -0.758801 0.241077 208.079 -71.0809 656.919 
-0.21273 0.447083 0.868829 -0.765613 0.476209 -0.432507 -0.607109 -0.757193 0.24099 208.763 -70.7847 656.837 
-0.211151 0.448939 0.868257 -0.765135 0.476859 -0.432638 -0.608263 -0.755684 0.242811 208.411 -70.5411 656.372 
-0.216347 0.452458 0.865145 -0.762244 0.475433 -0.43926 -0.610064 -0.754483 0.242026 209.454 -70.1497 656.253 
-0.217472 0.450136 0.866074 -0.759581 0.479191 -0.439788 -0.612979 -0.753494 0.237705 210.13 -69.8467 656.356 
-0.213285 0.449255 0.867572 -0.760759 0.480788 -0.435993 -0.612989 -0.753002 0.23923 210.9 -69.2473 656.222 
-0.209757 0.451068 0.867491 -0.761837 0.480727 -0.434174 -0.612868 -0.751956 0.242805 212.446 -68.894 655.849 
-0.210983 0.443094 0.871295 -0.763099 0.482385 -0.4301 -0.610873 -0.755627 0.23635 214.344 -68.0668 655.486 
-0.224853 0.434041 0.872382 -0.760807 0.481164 -0.435493 -0.60878 -0.761635 0.222032 217.122 -67.6664 655.532 
-0.229733 0.432096 0.872076 -0.764689 0.474157 -0.436379 -0.602058 -0.767116 0.22149 218.598 -67.1157 655.239 
-0.235432 0.427849 0.87265 -0.767178 0.469422 -0.437129 -0.596665 -0.772391 0.21772 220.066 -66.2355 655.37 
-0.252635 0.433553 0.86499 -0.769944 0.451332 -0.451095 -0.58597 -0.779955 0.21979 222.92 -65.9285 654.536 
-0.262432 0.4323 0.862697 -0.776966 0.435514 -0.454591 -0.572236 -0.789584 0.221591 224.761 -65.0126 653.551 
-0.283341 0.423039 0.860672 -0.779857 0.420689 -0.463514 -0.558159 -0.802532 0.210713 227.117 -63.6884 652.918 
-0.304492 0.425185 0.852352 -0.785577 0.393947 -0.477153 -0.538659 -0.814876 0.214063 227.929 -64.1543 652.036 
-0.331937 0.419527 0.844876 -0.795002 0.357669 -0.489945 -0.50773 -0.834308 0.214803 229.526 -64.3565 650.946 
-0.346524 0.416413 0.840549 -0.799339 0.337848 -0.496908 -0.490896 -0.844073 0.215784 229.042 -64.7195 650.852 
-0.368103 0.416407 0.831328 -0.803284 0.307834 -0.509877 -0.468226 -0.855478 0.221179 229.47 -65.4975 650.141 
-0.380966 0.40898 0.829218 -0.81028 0.28428 -0.512476 -0.445322 -0.867133 0.223088 228.846 -65.9126 649.365 
-0.390726 0.406161 0.826055 -0.811824 0.270963 -0.517225 -0.433906 -0.872704 0.22386 228.044 -66.455 649.163 
-0.393566 0.420337 0.817572 -0.810803 0.260417 -0.524196 -0.433248 -0.869195 0.238321 227.34 -66.9723 649.024 
-0.397176 0.414897 0.818604 -0.811269 0.25829 -0.524528 -0.429061 -0.872437 0.234008 226.375 -66.433 648.501 
-0.404493 0.407578 0.818698 -0.809854 0.256261 -0.527701 -0.424879 -0.876476 0.226424 225.801 -66.0736 647.952 
-0.412794 0.409106 0.813778 -0.807804 0.248314 -0.534598 -0.420778 -0.87805 0.227976 225.302 -66.5636 647.645 
-0.415381 0.405006 0.814512 -0.806426 0.250334 -0.535734 -0.420874 -0.879376 0.222624 223.81 -66.5752 647.839 
-0.423935 0.405751 0.80972 -0.805404 0.240024 -0.541953 -0.41425 -0.881904 0.22504 223.421 -67.5659 647.271 
-0.422803 0.408901 0.808726 -0.805889 0.238497 -0.541907 -0.414464 -0.880862 0.228693 222.232 -67.9158 647.277 
-0.432893 0.404531 0.80558 -0.803356 0.232268 -0.548335 -0.408928 -0.884537 0.224437 221.961 -67.9547 646.838 
-0.438143 0.393616 0.808145 -0.80145 0.236074 -0.549497 -0.407073 -0.888445 0.212031 220.393 -68.3893 646.841 
-0.450175 0.383698 0.8063 -0.801157 0.225195 -0.554469 -0.394322 -0.895579 0.206026 219.625 -68.9773 646.278 
-0.459925 0.375939 0.80445 -0.802283 0.212321 -0.557909 -0.38054 -0.901992 0.203959 218.76 -69.249 646.009 
-0.473215 0.366735 0.800983 -0.80002 0.201772 -0.565029 -0.368831 -0.908181 0.197914 218.519 -69.502 645.732 
-0.485155 0.362474 0.795763 -0.798176 0.188099 -0.572307 -0.357127 -0.912815 0.198062 217.8 -70.1267 645.366 
-0.498428 0.359759 0.788761 -0.793977 0.17589 -0.581949 -0.348096 -0.916316 0.197972 218.051 -70.5714 645.205 
-0.512321 0.348622 0.784851 -0.788281 0.171763 -0.590856 -0.340793 -0.92139 0.186815 218.212 -70.5952 644.817 
-0.528686 0.348689 0.773891 -0.780309 0.159187 -0.604796 -0.334078 -0.923621 0.187926 219.151 -70.5356 644.263 
-0.548759 0.347642 0.760269 -0.771435 0.139825 -0.620756 -0.322104 -0.927143 0.191454 220.659 -70.9647 643.468 
-0.565171 0.339543 0.75186 -0.764572 0.126727 -0.631958 -0.309857 -0.932014 0.187983 221.315 -71.5914 642.936 
-0.586324 0.335818 0.737192 -0.752117 0.112364 -0.649381 -0.300906 -0.935201 0.186694 222.198 -71.9493 642.445 
-0.608647 0.328039 0.722454 -0.73949 0.0954926 -0.66636 -0.28758 -0.939825 0.184461 222.257 -72.6198 642.092 
-0.62867 0.318716 0.709362 -0.727028 0.0829174 -0.681583 -0.276049 -0.944216 0.179589 223.108 -72.8971 641.78 
-0.651952 0.307752 0.693 -0.711699 0.066971 -0.699286 -0.261616 -0.949106 0.175366 224.26 -73.9494 641.216 
-0.671631 0.309649 0.673075 -0.695706 0.048808 -0.716668 -0.254766 -0.949597 0.182645 226.351 -74.8948 640.685 
-0.696313 0.303501 0.650412 -0.675 0.0311229 -0.737161 -0.243971 -0.952322 0.183193 228.943 -76.5911 639.612 
-0.72028 0.296847 0.62696 -0.653823 0.0114454 -0.756562 -0.231758 -0.954856 0.185843 231.649 -77.9894 638.516 
-0.741369 0.290978 0.604735 -0.634096 -0.00864092 -0.773207 -0.21976 -0.95669 0.190915 234.009 -79.4441 637.157 
-0.761334 0.282477 0.58359 -0.613571 -0.0230228 -0.789304 -0.209523 -0.958997 0.190849 237.089 -81.0742 636.007 
-0.778082 0.268157 0.56805 -0.595844 -0.0287366 -0.802587 -0.198895 -0.962946 0.18214 237.703 -82.5239 635.135 
-0.802651 0.259936 0.53683 -0.567134 -0.0539044 -0.821861 -0.184693 -0.96412 0.190686 240.413 -84.9992 634.054 
-0.817333 0.24755 0.520275 -0.549918 -0.0657247 -0.83263 -0.171922 -0.966643 0.189852 241.876 -86.7462 633.188 
-0.838993 0.243214 0.486762 -0.519435 -0.09148 -0.8496 -0.162105 -0.965649 0.203086 244.902 -89.4345 631.973 
-0.85945 0.244541 0.448939 -0.48629 -0.120177 -0.865494 -0.157696 -0.962162 0.222205 247.411 -92.51 631.045 
-0.866184 0.236425 0.44026 -0.475324 -0.117854 -0.871883 -0.154248 -0.964475 0.214463 247.668 -92.8519 630.235 
-0.883476 0.228421 0.409016 -0.445134 -0.137151 -0.884899 -0.146032 -0.963853 0.222848 249.56 -95.9789 629.204 
-0.897459 0.226217 0.378674 -0.417533 -0.158829 -0.894673 -0.142245 -0.96104 0.236997 250.28 -98.3753 629.006 
-0.91078 0.221661 0.348348 -0.389676 -0.182548 -0.902679 -0.136498 -0.957884 0.252638 250.642 -101.197 628.67 
-0.920972 0.224376 0.318538 -0.364832 -0.209612 -0.907172 -0.136777 -0.951692 0.274907 250.794 -103.855 628.447 
-0.932315 0.202661 0.29953 -0.340067 -0.209442 -0.916782 -0.123061 -0.956589 0.264185 250.579 -104.535 627.254 
-0.939636 0.196339 0.280242 -0.321593 -0.226956 -0.919277 -0.116886 -0.953908 0.276398 251.284 -106.604 626.408 
-0.944858 0.192718 0.264772 -0.306478 -0.235485 -0.92229 -0.115391 -0.952579 0.281565 251.037 -107.692 625.939 
-0.951673 0.187749 0.243041 -0.286037 -0.253754 -0.924009 -0.111809 -0.948872 0.295195 251.374 -109.956 625.406 
-0.958281 0.181028 0.221193 -0.263159 -0.256759 -0.929959 -0.111554 -0.94937 0.293687 251.745 -111.113 624.913 
-0.965372 0.180852 0.188015 -0.234598 -0.286586 -0.928888 -0.114108 -0.94083 0.319091 252.499 -114.072 624.784 
-0.971244 0.169083 0.167619 -0.212205 -0.295548 -0.931462 -0.107955 -0.940245 0.322931 252.021 -115.5 624.541 
-0.975662 0.162141 0.147631 -0.191386 -0.301031 -0.934213 -0.107032 -0.939729 0.324737 251.902 -116.58 624.502 
-0.980018 0.154466 0.125325 -0.169637 -0.320021 -0.9321 -0.10387 -0.934733 0.33983 251.411 -118.385 624.57 
-0.984275 0.14783 0.0966901 -0.143738 -0.352118 -0.924853 -0.102674 -0.924207 0.367831 251.83 -120.459 624.645 
-0.9865 0.139095 0.0864339 -0.131258 -0.355978 -0.925231 -0.0979253 -0.924084 0.369431 250.478 -121.039 624.813 
-0.989547 0.131065 0.0601509 -0.105029 -0.369194 -0.923399 -0.0988175 -0.920064 0.379102 250.666 -122.901 625.055 
-0.991162 0.130034 0.0262465 -0.0777426 -0.409069 -0.909186 -0.107488 -0.903191 0.415564 251.55 -125.548 625.389 
-0.992272 0.123827 -0.00799788 -0.0482354 -0.44431 -0.894574 -0.114325 -0.887274 0.44685 252.04 -127.705 625.824 
-0.990888 0.121072 -0.0590201 -0.00776117 -0.488783 -0.872372 -0.134467 -0.863963 0.48527 254.032 -131.694 626.784 
-0.989422 0.107001 -0.097951 0.027886 -0.52234 -0.852282 -0.142358 -0.845997 0.513832 253.243 -133.403 627.027 
-0.979718 0.0995824 -0.173885 0.0912339 -0.550931 -0.829549 -0.178407 -0.828588 0.530673 253.604 -137.736 628.744 
-0.960119 0.091352 -0.264246 0.156304 -0.608257 -0.778198 -0.231819 -0.788465 0.569722 254.604 -142.548 630.964 
-0.947851 0.0598798 -0.31304 0.197922 -0.659267 -0.725392 -0.249813 -0.74952 0.613037 251.829 -144.349 632.119 
-0.929282 0.0590648 -0.364619 0.240791 -0.651684 -0.719255 -0.280099 -0.756187 0.591378 249.208 -145.678 633.619 
-0.906268 0.0838804 -0.414299 0.267926 -0.644097 -0.716488 -0.326947 -0.76033 0.561252 246.176 -146.103 635.584 
-0.891916 0.0373141 -0.450659 0.303489 -0.68941 -0.657729 -0.335231 -0.723409 0.603573 243.282 -149.361 636.468 
-0.863338 -7.25261e-05 -0.504626 0.349983 -0.720496 -0.598663 -0.363537 -0.693459 0.622059 239.969 -152.154 638.337 
-0.830056 0.0228716 -0.557212 0.3742 -0.717997 -0.586903 -0.413499 -0.69567 0.58742 236.833 -150.457 640.216 
-0.812425 0.0111733 -0.58296 0.394702 -0.725363 -0.563967 -0.429158 -0.688275 0.584894 234.211 -149.923 639.914 
-0.798832 -0.0170182 -0.601314 0.420725 -0.730254 -0.538256 -0.429952 -0.682963 0.590512 232.655 -150.326 639.482 
-0.770695 -0.0542231 -0.634894 0.459535 -0.737539 -0.494837 -0.441427 -0.673124 0.593336 230.002 -152.081 640.341 
-0.747122 -0.0922237 -0.658258 0.481265 -0.758135 -0.440018 -0.458468 -0.645543 0.610805 227.117 -152.991 641.282 
-0.725063 -0.14969 -0.672218 0.503493 -0.781182 -0.36912 -0.46987 -0.606092 0.641775 223.587 -153.621 642.097 
-0.710473 -0.194474 -0.67632 0.532344 -0.777087 -0.335776 -0.460259 -0.598594 0.655627 221.548 -153.214 641.479 
-0.704237 -0.205263 -0.679645 0.535218 -0.782462 -0.318268 -0.466467 -0.587894 0.660901 220.302 -151.38 641.733 
-0.700588 -0.235758 -0.673495 0.550761 -0.778767 -0.300308 -0.453695 -0.581326 0.675442 219.309 -151.69 641.682 
-0.693551 -0.259395 -0.672087 0.570602 -0.767301 -0.292682 -0.439772 -0.586484 0.680175 219.043 -151.078 640.94 
-0.681813 -0.281204 -0.675319 0.587241 -0.760883 -0.276053 -0.436211 -0.584791 0.683916 219.624 -151.288 640.582 
-0.665766 -0.279242 -0.69194 0.589052 -0.765912 -0.257675 -0.458011 -0.579139 0.674407 221.495 -149.898 641.469 
-0.655472 -0.295566 -0.694981 0.599908 -0.762782 -0.241402 -0.458768 -0.575156 0.677295 222.702 -148.033 640.388 
-0.64452 -0.30343 -0.701801 0.610336 -0.757036 -0.233209 -0.460525 -0.578642 0.673121 225.836 -146.725 640.076 
-0.640671 -0.303803 -0.705156 0.617684 -0.749449 -0.238312 -0.456078 -0.588243 0.667806 228.856 -144.483 639.019 
-0.63206 -0.309489 -0.710434 0.628197 -0.74143 -0.235903 -0.453727 -0.595397 0.66305 232.535 -144.018 638.97 
-0.617142 -0.308456 -0.723873 0.635114 -0.738359 -0.226841 -0.464507 -0.599734 0.651578 234.661 -142.361 639.841 
-0.607468 -0.3223 -0.726021 0.644516 -0.734227 -0.213329 -0.464308 -0.597522 0.653748 237.129 -141.235 639.9 
-0.603619 -0.319088 -0.730635 0.650967 -0.726351 -0.220583 -0.460311 -0.608767 0.646156 240.375 -138.925 639.359 
-0.597266 -0.318207 -0.736219 0.659637 -0.717048 -0.225216 -0.456238 -0.62015 0.638171 243.975 -138.026 639.253 
-0.585857 -0.31941 -0.744815 0.671429 -0.705965 -0.225383 -0.453823 -0.632132 0.628056 247.039 -136.503 639.55 
-0.576568 -0.319573 -0.751959 0.681939 -0.695144 -0.227452 -0.450032 -0.643931 0.618729 250.18 -135.293 639.974 
-0.569356 -0.329067 -0.753358 0.693313 -0.684635 -0.224927 -0.441759 -0.650376 0.617949 253.475 -133.655 640.035 
-0.559531 -0.32841 -0.760968 0.6991 -0.680177 -0.220497 -0.445179 -0.655367 0.610173 256.67 -132.215 640.924 
-0.551002 -0.327663 -0.767486 0.702855 -0.678021 -0.215133 -0.44988 -0.65797 0.603891 259.583 -129.838 641.73 
-0.548853 -0.308302 -0.776988 0.706623 -0.667705 -0.234208 -0.446591 -0.677583 0.584327 264.053 -126.53 641.944 
-0.545786 -0.309425 -0.7787 0.713964 -0.658174 -0.23888 -0.438604 -0.68634 0.580142 267.726 -124.636 642.706 
-0.54184 -0.303818 -0.783648 0.721289 -0.646716 -0.247993 -0.431453 -0.699609 0.569559 271.378 -122.232 643.514 
-0.542475 -0.296356 -0.786062 0.726977 -0.634515 -0.262478 -0.420981 -0.713837 0.559654 275.044 -119.704 644.289 
-0.542082 -0.289437 -0.788907 0.732251 -0.623271 -0.274484 -0.412257 -0.72647 0.549805 278.62 -116.811 644.805 
-0.538591 -0.301659 -0.786716 0.737503 -0.620302 -0.267049 -0.407444 -0.724034 0.556565 280.64 -115.169 645.808 
-0.544415 -0.301368 -0.782809 0.737756 -0.616119 -0.275887 -0.39916 -0.727718 0.557762 282.86 -112.53 646.289 
-0.553928 -0.286346 -0.781774 0.73489 -0.609463 -0.297476 -0.39128 -0.739297 0.548033 285.834 -109.855 646.495 
-0.557298 -0.281772 -0.78104 0.731321 -0.612005 -0.301031 -0.393178 -0.738954 0.547136 286.663 -107.449 647.822 
-0.567978 -0.253955 -0.782885 0.723804 -0.606935 -0.328236 -0.391802 -0.753085 0.52854 289.119 -102.315 648.959 
-0.574933 -0.241081 -0.781878 0.731084 -0.580443 -0.358611 -0.367381 -0.777795 0.509968 291.605 -99.8538 649.383 
-0.573376 -0.231399 -0.785936 0.735229 -0.568591 -0.368975 -0.361495 -0.789404 0.496149 292.524 -97.2058 650.952 
-0.572308 -0.217554 -0.790655 0.735933 -0.561595 -0.378171 -0.361754 -0.798298 0.481512 294.599 -94.1081 652.892 
-0.561036 -0.242544 -0.791462 0.746225 -0.562043 -0.356731 -0.358312 -0.790746 0.49632 294.552 -93.5603 654.297 
-0.562915 -0.238697 -0.791297 0.736538 -0.579272 -0.349221 -0.375018 -0.779402 0.501892 295.463 -91.3301 655.962 
-0.561987 -0.23699 -0.792469 0.732409 -0.587799 -0.343611 -0.384379 -0.773516 0.503911 295.505 -90.4719 657.199 
-0.566798 -0.232738 -0.7903 0.729691 -0.587163 -0.350415 -0.38248 -0.775288 0.502631 296.02 -89.116 657.828 
-0.567069 -0.238066 -0.788516 0.728824 -0.591022 -0.345701 -0.38373 -0.770725 0.50866 295.264 -88.5436 658.43 
-0.570969 -0.237766 -0.785788 0.721663 -0.601684 -0.342315 -0.391404 -0.762524 0.515131 295.834 -87.535 659.189 
-0.565634 -0.242222 -0.788281 0.724452 -0.60264 -0.334655 -0.393988 -0.760364 0.516353 296.094 -87.3385 659.894 
-0.560921 -0.249478 -0.789386 0.727669 -0.603292 -0.326401 -0.394799 -0.757495 0.519938 296.007 -87.7239 660.322 
-0.574282 -0.231902 -0.785126 0.714877 -0.609403 -0.342899 -0.398938 -0.758188 0.515752 298.462 -87.4688 660.734 
-0.571737 -0.230967 -0.787256 0.717481 -0.606146 -0.343232 -0.397916 -0.761079 0.512272 297.851 -86.8991 660.49 
-0.568054 -0.231633 -0.789722 0.719773 -0.605107 -0.340255 -0.399051 -0.761703 0.510458 297.051 -87.2479 660.979 
-0.568745 -0.233129 -0.788784 0.720272 -0.604226 -0.340763 -0.397161 -0.761946 0.511568 296.927 -87.3564 660.953 
-0.577216 -0.226359 -0.784592 0.713547 -0.607024 -0.349819 -0.39708 -0.761763 0.511903 297.745 -87.4998 660.998 
LFing.0_Hand
0.281918 0.0634359 -0.957339 -0.0634359 0.996861 0.047374 0.957339 0.047374 0.285057 17.1629 13.0369 -53.3627 
-0.722239 -0.172325 0.669831 -0.684195 0.319753 -0.655465 -0.101228 -0.931699 -0.348842 192.678 -81.9661 648.97 
-0.729308 -0.155128 0.666367 -0.674629 0.325265 -0.66263 -0.113954 -0.932812 -0.341872 193.12 -81.7799 649.063 
-0.728314 -0.14172 0.670428 -0.67309 0.331398 -0.661153 -0.12848 -0.932787 -0.336752 193.807 -81.4121 649.3 
-0.737534 -0.127199 0.663222 -0.661916 0.33079 -0.67264 -0.133829 -0.935093 -0.328163 195.052 -81.0046 648.915 
-0.736786 -0.117903 0.665766 -0.661163 0.331643 -0.672961 -0.141453 -0.936009 -0.322302 194.76 -80.6436 648.822 
-0.736705 -0.115456 0.666284 -0.660665 0.332973 -0.672793 -0.144178 -0.935841 -0.32158 194.405 -80.8419 648.671 
-0.744729 -0.107914 0.658584 -0.650485 0.337932 -0.680199 -0.149154 -0.934964 -0.321863 195.038 -80.4411 648.551 
-0.744191 -0.107773 0.659215 -0.651197 0.336802 -0.680078 -0.148731 -0.935387 -0.320826 194.707 -80.1918 648.044 
-0.751348 -0.106936 0.651184 -0.643302 0.338651 -0.686642 -0.147098 -0.934816 -0.323237 195.685 -79.6851 647.9 
-0.757596 -0.112812 0.642901 -0.637152 0.341666 -0.690869 -0.14172 -0.933026 -0.330723 196.345 -79.3529 647.996 
-0.755282 -0.115114 0.645211 -0.640393 0.339076 -0.689147 -0.139446 -0.93369 -0.329816 197.169 -78.8157 647.845 
-0.754679 -0.114128 0.646091 -0.641173 0.337108 -0.689387 -0.139125 -0.934523 -0.327583 198.762 -78.4964 647.434 
-0.756412 -0.126752 0.641696 -0.641915 0.332287 -0.691035 -0.125638 -0.934623 -0.332709 200.639 -77.7357 647.181 
-0.761115 -0.139524 0.633433 -0.638424 0.333606 -0.693629 -0.11454 -0.93233 -0.342987 203.234 -77.242 647.425 
-0.768397 -0.141263 0.624188 -0.631324 0.327129 -0.703147 -0.104862 -0.934362 -0.340547 204.647 -76.711 647.265 
-0.770325 -0.149863 0.61979 -0.630933 0.319853 -0.706836 -0.0923143 -0.93554 -0.340944 206.041 -75.8405 647.539 
-0.780381 -0.150804 0.606847 -0.620456 0.307353 -0.721504 -0.077711 -0.93957 -0.333419 208.68 -75.3592 646.882 
-0.785051 -0.156448 0.599349 -0.616389 0.293072 -0.730871 -0.0613097 -0.943204 -0.326509 210.399 -74.4464 646.134 
-0.791288 -0.178381 0.584844 -0.610626 0.279954 -0.740784 -0.0315886 -0.943295 -0.330448 212.495 -73.0135 645.881 
-0.803237 -0.186632 0.565666 -0.595653 0.256028 -0.761345 -0.00273541 -0.948482 -0.316818 213.054 -73.315 645.32 
-0.815902 -0.200174 0.542434 -0.577147 0.225635 -0.78485 0.0347138 -0.953425 -0.299626 214.328 -73.3753 644.785 
-0.816279 -0.216522 0.535543 -0.574485 0.207251 -0.791842 0.0604582 -0.954026 -0.293563 213.676 -73.6486 644.982 
-0.824527 -0.222542 0.520221 -0.559796 0.18702 -0.807249 0.0823545 -0.956817 -0.278781 213.863 -74.2268 644.617 
-0.824742 -0.238443 0.512781 -0.554635 0.164105 -0.81575 0.110359 -0.957191 -0.267593 213.095 -74.6188 644.226 
-0.831834 -0.241683 0.499641 -0.541236 0.153814 -0.826683 0.122942 -0.958087 -0.258755 212.187 -75.0792 644.217 
-0.839546 -0.226635 0.493761 -0.531047 0.150483 -0.833873 0.114682 -0.962285 -0.24669 211.458 -75.4658 643.931 
-0.834912 -0.236014 0.497211 -0.536543 0.147711 -0.830844 0.122647 -0.960458 -0.249957 210.453 -74.921 643.529 
-0.834656 -0.247244 0.492159 -0.534614 0.148833 -0.831887 0.132429 -0.957455 -0.256404 209.798 -74.4999 643.136 
-0.839931 -0.245945 0.483763 -0.525723 0.147575 -0.837757 0.13465 -0.957984 -0.253251 209.213 -74.8558 642.884 
-0.842035 -0.249032 0.478497 -0.521994 0.152521 -0.839201 0.136007 -0.95641 -0.258421 207.693 -74.8442 643.134 
-0.845066 -0.25058 0.472305 -0.515332 0.14636 -0.8444 0.142463 -0.956968 -0.252815 207.216 -75.7126 642.656 
-0.847371 -0.248013 0.469524 -0.511533 0.14403 -0.847106 0.142467 -0.95799 -0.248913 206.039 -76.0636 642.619 
-0.850328 -0.247946 0.464181 -0.506717 0.147669 -0.849371 0.142052 -0.957453 -0.251205 205.664 -75.9732 642.323 
-0.849209 -0.261299 0.458875 -0.505654 0.151961 -0.849247 0.152175 -0.953221 -0.261173 204.039 -76.3842 642.492 
-0.853321 -0.271799 0.444936 -0.493233 0.144194 -0.857863 0.169008 -0.95149 -0.257103 203.148 -76.8708 642.215 
-0.853763 -0.280901 0.438388 -0.487704 0.136648 -0.862248 0.182301 -0.949959 -0.253661 202.187 -77.0688 642.206 
-0.85797 -0.291928 0.422689 -0.474163 0.13349 -0.870258 0.197627 -0.947079 -0.252951 201.817 -77.1706 642.196 
-0.864654 -0.297195 0.405028 -0.456282 0.12727 -0.880686 0.210187 -0.946297 -0.245649 200.984 -77.6351 642.028 
-0.870247 -0.298122 0.392165 -0.442946 0.125192 -0.887764 0.215566 -0.946282 -0.240999 201.112 -77.8669 642.023 
-0.872275 -0.312172 0.376409 -0.431783 0.130326 -0.892512 0.229561 -0.941044 -0.248471 201.147 -77.6981 641.877 
-0.878456 -0.31783 0.35679 -0.412644 0.128131 -0.901835 0.240913 -0.93945 -0.243708 201.942 -77.3243 641.425 
-0.887181 -0.316068 0.336172 -0.390635 0.126705 -0.911784 0.24559 -0.940238 -0.235877 203.28 -77.3753 640.796 
-0.890379 -0.325602 0.318134 -0.373681 0.123661 -0.919277 0.259977 -0.937385 -0.231776 203.801 -77.7291 640.508 
-0.894862 -0.334358 0.295681 -0.352822 0.124141 -0.927418 0.273383 -0.934234 -0.229058 204.52 -77.662 640.181 
-0.901725 -0.340679 0.266139 -0.323766 0.124233 -0.937945 0.286474 -0.931936 -0.222324 204.415 -77.8981 640.075 
-0.904725 -0.348991 0.244289 -0.304638 0.129192 -0.943665 0.29777 -0.928178 -0.223199 205.127 -77.7797 640.007 
-0.909373 -0.356706 0.214013 -0.275727 0.131648 -0.952178 0.311473 -0.924894 -0.218071 206.131 -78.3532 639.727 
-0.914343 -0.358388 0.188506 -0.249635 0.132332 -0.959255 0.31884 -0.924146 -0.210462 208.106 -78.8027 639.232 
-0.920902 -0.3579 0.154428 -0.215549 0.13748 -0.966766 0.324774 -0.923584 -0.20375 210.567 -79.9028 638.332 
-0.922793 -0.364887 0.123736 -0.185425 0.139065 -0.972768 0.337742 -0.920608 -0.195987 213.163 -80.6993 637.409 
-0.924158 -0.369506 0.096939 -0.159407 0.142404 -0.976888 0.347161 -0.918252 -0.190505 215.442 -81.5995 636.193 
-0.924749 -0.373756 0.0717317 -0.135183 0.146399 -0.979945 0.355758 -0.915901 -0.185908 218.46 -82.6937 635.21 
-0.923306 -0.381998 0.0398001 -0.107995 0.158779 -0.98139 0.368568 -0.910421 -0.187855 219.032 -83.7165 634.604 
-0.925982 -0.377563 0.00208761 -0.0676702 0.160519 -0.98471 0.371454 -0.911965 -0.174187 221.706 -85.4512 633.662 
-0.922925 -0.384237 -0.0239113 -0.042263 0.162858 -0.985744 0.382653 -0.908757 -0.166544 223.161 -86.7763 633.012 
-0.924349 -0.376625 -0.0610936 -0.00147268 0.163642 -0.986518 0.381545 -0.911798 -0.151816 226.201 -88.7166 631.814 
-0.92671 -0.363291 -0.0960694 0.0404659 0.157692 -0.986659 0.373592 -0.918234 -0.131433 228.758 -91.0007 630.752 
-0.921465 -0.3726 -0.109875 0.0480378 0.171379 -0.984033 0.38548 -0.91203 -0.140021 229.033 -91.1225 630.081 
-0.918658 -0.365297 -0.150419 0.0896957 0.177944 -0.979944 0.384736 -0.913725 -0.130704 230.999 -93.5732 629.091 
-0.917095 -0.355168 -0.181086 0.126663 0.171112 -0.977076 0.378011 -0.919009 -0.111939 231.811 -95.3543 628.801 
-0.912557 -0.348851 -0.213407 0.164823 0.163836 -0.97262 0.374263 -0.922746 -0.0920103 232.284 -97.5647 628.387 
-0.910745 -0.335703 -0.240513 0.199333 0.152709 -0.967959 0.361675 -0.929507 -0.0721621 232.558 -99.6774 627.915 
-0.899061 -0.348266 -0.265329 0.218452 0.168367 -0.961213 0.37943 -0.922152 -0.0752921 232.451 -99.8846 627.058 
-0.89356 -0.344612 -0.287739 0.246746 0.15846 -0.956037 0.375056 -0.925275 -0.0565611 233.26 -101.567 626.176 
-0.889319 -0.341791 -0.303793 0.263065 0.161015 -0.951247 0.374042 -0.92588 -0.0532802 233.1 -102.356 625.674 
-0.885669 -0.331867 -0.324738 0.288907 0.153632 -0.944949 0.363487 -0.930732 -0.0401881 233.567 -104.208 625.047 
-0.876816 -0.335367 -0.344561 0.305072 0.165871 -0.937772 0.37165 -0.92737 -0.0431272 234.078 -104.943 624.574 
-0.87126 -0.315901 -0.375648 0.345835 0.147975 -0.926553 0.348285 -0.937182 -0.0196746 235.048 -107.341 624.12 
-0.862208 -0.315926 -0.395965 0.365817 0.152367 -0.918129 0.350392 -0.936469 -0.0158005 234.731 -108.36 623.932 
-0.853441 -0.316304 -0.414235 0.383401 0.157368 -0.910076 0.353047 -0.935514 -0.013033 234.77 -109.069 623.888 
-0.842703 -0.307976 -0.441591 0.415588 0.149311 -0.897213 0.342254 -0.939605 0.0021667 234.464 -110.476 623.834 
-0.832892 -0.298366 -0.46612 0.448896 0.128408 -0.884309 0.323701 -0.945774 0.026986 235.127 -112.08 623.608 
-0.82641 -0.30079 -0.475995 0.459658 0.127861 -0.878843 0.325208 -0.94508 0.0325954 233.879 -112.449 623.832 
-0.81626 -0.292553 -0.498129 0.483128 0.127034 -0.866285 0.316713 -0.947774 0.037648 234.312 -113.866 623.949 
-0.803362 -0.279082 -0.526045 0.521957 0.0952274 -0.847639 0.286654 -0.955534 0.0691673 235.507 -116.056 623.719 
-0.788901 -0.266503 -0.553725 0.557404 0.0690312 -0.827366 0.258719 -0.961359 0.0940916 236.341 -117.745 623.673 
-0.77079 -0.240151 -0.590093 0.600632 0.0349082 -0.798763 0.212422 -0.970108 0.117336 238.863 -121.132 623.845 
-0.751863 -0.229581 -0.618057 0.633454 0.00845894 -0.773734 0.182862 -0.973253 0.139069 238.54 -122.339 623.61 
-0.714936 -0.189608 -0.672989 0.686146 -0.00520718 -0.727445 0.134425 -0.981846 0.133822 239.822 -125.794 624.531 
-0.676361 -0.141808 -0.72279 0.733964 -0.0472774 -0.67754 0.0619084 -0.988765 0.136059 242.04 -129.853 625.373 
-0.631553 -0.140281 -0.762536 0.775249 -0.0998461 -0.623713 0.0113583 -0.985064 0.171812 240.069 -131.302 625.655 
-0.602488 -0.106531 -0.790986 0.798108 -0.0874504 -0.596134 -0.00566615 -0.990456 0.137711 238.24 -132.067 626.932 
-0.572707 -0.0536648 -0.818001 0.819115 -0.0770186 -0.568434 -0.0324971 -0.995584 0.0880673 235.935 -132.136 628.49 
-0.523927 -0.0703563 -0.848852 0.848645 -0.128311 -0.513164 -0.0728135 -0.989235 0.126934 233.822 -135.219 628.669 
-0.46712 -0.0677819 -0.881592 0.876806 -0.16413 -0.451965 -0.114061 -0.984107 0.1361 231.641 -137.736 629.791 
-0.43554 0.000688123 -0.900169 0.886736 -0.171781 -0.429172 -0.154928 -0.985135 0.0742079 229.426 -135.793 631.25 
-0.39997 0.0162172 -0.916384 0.899911 -0.182581 -0.39601 -0.173737 -0.983057 0.0584332 227.377 -135.135 630.7 
-0.365441 0.00735016 -0.930805 0.912631 -0.193963 -0.359837 -0.183187 -0.980981 0.0641744 226.334 -135.368 630.177 
-0.312773 0.00411818 -0.949818 0.928917 -0.207345 -0.306789 -0.198204 -0.978259 0.061027 224.606 -136.918 630.789 
-0.265609 -0.01225 -0.964003 0.93829 -0.23302 -0.255563 -0.221502 -0.972395 0.0733867 222.48 -137.937 631.175 
-0.210027 -0.0522031 -0.9763 0.945601 -0.264599 -0.189275 -0.248448 -0.962945 0.104937 219.681 -138.814 631.337 
-0.179199 -0.0704874 -0.981284 0.950055 -0.271439 -0.153997 -0.255505 -0.959871 0.115609 218.106 -138.307 630.698 
-0.158706 -0.0729449 -0.984627 0.949469 -0.28478 -0.131942 -0.270779 -0.955813 0.114456 217.035 -136.576 630.758 
-0.14328 -0.101878 -0.984424 0.952832 -0.2831 -0.109383 -0.267548 -0.953664 0.137635 216.175 -136.839 630.731 
-0.122571 -0.119236 -0.985271 0.957284 -0.276166 -0.085668 -0.261884 -0.953685 0.147993 216.109 -136.048 630.181 
-0.102173 -0.133054 -0.985828 0.961037 -0.269077 -0.0632865 -0.256844 -0.953884 0.155362 216.998 -136.193 629.833 
-0.090979 -0.11586 -0.98909 0.957072 -0.284641 -0.0546913 -0.2752 -0.951607 0.136784 219.269 -134.932 630.452 
-0.0611893 -0.124381 -0.990345 0.958863 -0.282876 -0.0237164 -0.277196 -0.951058 0.136574 220.736 -133.073 629.314 
-0.0522926 -0.124643 -0.990822 0.959881 -0.27998 -0.0154388 -0.275486 -0.95188 0.134283 224.14 -131.71 629.032 
-0.0483647 -0.121131 -0.991457 0.963952 -0.265675 -0.0145639 -0.261642 -0.956423 0.129615 227.253 -129.34 628.138 
-0.0412132 -0.122961 -0.991555 0.966687 -0.255821 -0.00845541 -0.252622 -0.958872 0.129408 231.141 -128.773 628.202 
-0.0263837 -0.105316 -0.994088 0.964544 -0.263908 0.00235984 -0.262597 -0.958781 0.108546 233.622 -127.112 629.04 
-0.00256235 -0.113396 -0.993546 0.966024 -0.257052 0.0268468 -0.258438 -0.959722 0.110202 236.321 -125.992 629.07 
0.00250412 -0.109824 -0.993947 0.968288 -0.248044 0.0298469 -0.249822 -0.962503 0.105721 239.657 -123.547 628.715 
0.0100098 -0.107483 -0.994156 0.971518 -0.234348 0.0351186 -0.236753 -0.966193 0.102076 243.406 -122.512 628.8 
0.0199366 -0.0965327 -0.99513 0.97369 -0.224111 0.0412472 -0.227002 -0.969771 0.0895254 246.734 -120.855 629.286 
0.0315582 -0.0958511 -0.994895 0.97672 -0.208352 0.0510552 -0.212183 -0.973346 0.0870449 250.087 -119.512 629.911 
0.039439 -0.100431 -0.994162 0.978564 -0.197381 0.0587599 -0.202131 -0.975169 0.0904937 253.549 -117.772 630.136 
0.0508355 -0.0886041 -0.994768 0.978296 -0.195925 0.067445 -0.200877 -0.976608 0.0767216 256.966 -116.305 631.071 
0.0617703 -0.081978 -0.994718 0.978552 -0.191255 0.0765286 -0.196519 -0.978111 0.0684064 260.07 -113.933 631.878 
0.0577722 -0.0567291 -0.996716 0.981322 -0.180272 0.0671404 -0.183489 -0.98198 0.0452554 264.579 -110.427 632.42 
0.055744 -0.0517711 -0.997101 0.983227 -0.170849 0.0638393 -0.173659 -0.983936 0.0413794 268.32 -108.418 633.384 
0.0611377 -0.0420162 -0.997244 0.985791 -0.154063 0.0669268 -0.156451 -0.987167 0.0320007 272.057 -105.863 634.464 
0.0604891 -0.037693 -0.997456 0.988815 -0.13422 0.0650372 -0.136331 -0.990234 0.029153 275.703 -103.162 635.56 
0.0598778 -0.0360971 -0.997552 0.991272 -0.115434 0.0636779 -0.117451 -0.992659 0.0288706 279.282 -100.121 636.362 
0.0594991 -0.047832 -0.997081 0.991811 -0.110242 0.0644732 -0.113004 -0.992753 0.0408816 281.389 -98.4835 637.362 
0.0576687 -0.05414 -0.996866 0.992916 -0.100792 0.0629144 -0.103883 -0.993433 0.0479444 283.48 -95.7729 637.975 
0.0388129 -0.0524584 -0.997868 0.995435 -0.0851067 0.0431925 -0.0871918 -0.99499 0.0489162 286.231 -92.9615 638.449 
0.0306875 -0.0487772 -0.998338 0.995517 -0.0879024 0.0348957 -0.0894591 -0.994934 0.0458615 286.981 -90.5648 639.754 
0.0105497 -0.0213884 -0.999715 0.996727 -0.0799039 0.0122278 -0.0801434 -0.996573 0.020476 289.167 -85.3034 641.156 
-0.00440351 -0.014462 -0.999885 0.999285 -0.0375903 -0.00385709 -0.0375309 -0.999189 0.0146178 291.479 -82.5526 642.246 
-0.00857015 -0.00234202 -0.99996 0.99984 -0.0157039 -0.00853227 -0.015684 -0.999874 0.00247676 292.418 -79.7928 644.092 
-0.0135073 0.0115762 -0.999841 0.999827 -0.0126337 -0.0136533 -0.0127904 -0.999853 -0.011403 294.493 -76.6259 646.211 
0.00983742 -0.00652445 -0.99993 0.999872 -0.0125178 0.00991859 -0.0125823 -0.9999 0.006401 294.739 -76.1271 647.49 
0.00794084 -0.00543275 -0.999953 0.999546 -0.0290027 0.00809525 -0.029046 -0.999565 0.0052005 295.602 -74.0419 648.794 
0.00853788 -0.0044937 -0.999953 0.999274 -0.0370799 0.00869879 -0.037118 -0.999302 0.00417438 295.662 -73.2637 649.841 
0.000734296 -0.00342234 -0.999993 0.999364 -0.0356317 0.000855852 -0.0356351 -0.999359 0.00339453 296.063 -71.8861 650.52 
0.00155528 -0.00824665 -0.999964 0.99906 -0.0432964 0.00191102 -0.0433114 -0.999028 0.00817209 295.31 -71.3557 651.023 
-0.000575696 -0.0127719 -0.999918 0.998616 -0.0525957 9.69456e-05 -0.0525933 -0.998534 0.012785 295.792 -70.4424 651.565 
0.00790936 -0.00984246 -0.99992 0.998395 -0.0559916 0.00844853 -0.056071 -0.998383 0.00938433 296.178 -70.2734 652.209 
0.017425 -0.0135518 -0.999756 0.997991 -0.0606674 0.0182167 -0.0609002 -0.998066 0.012468 296.207 -70.6871 652.577 
-0.00761411 -0.00356988 -0.999964 0.998358 -0.056803 -0.007399 -0.0567753 -0.998379 0.00399705 298.337 -70.4402 652.969 
-0.00256199 -0.00205506 -0.999994 0.998588 -0.0530596 -0.00244927 -0.053055 -0.998589 0.00218862 297.781 -69.8418 652.787 
0.000221975 0.000345553 -0.999999 0.998503 -0.0546966 0.000202823 -0.0546972 -0.998503 -0.000356652 297.064 -70.189 653.279 
-0.000898718 -0.00260053 -0.999996 0.998573 -0.0533847 -0.000758528 -0.0533832 -0.998571 0.00264532 296.928 -70.2888 653.273 
-0.0140735 -0.00176099 -0.999899 0.998188 -0.0585219 -0.0139462 -0.0584922 -0.998285 0.00258193 297.545 -70.4347 653.315 
LFing.0_0
0.533141 -0.162488 -0.830276 0.162488 0.982779 -0.0879957 0.830276 -0.0879957 0.550362 36.7155 8.63727 13.0341 
-0.825461 -0.0527391 0.561991 -0.555963 0.248065 -0.793327 -0.0975705 -0.967307 -0.234089 142.586 -129.419 641.95 
-0.817534 -0.0601159 0.572735 -0.568869 0.239037 -0.786924 -0.089598 -0.969148 -0.229619 142.538 -128.57 641.16 
-0.799243 -0.0648127 0.597504 -0.593891 0.237724 -0.768623 -0.0922239 -0.969169 -0.22849 143.294 -128.095 640.39 
-0.793677 -0.0664674 0.604699 -0.60184 0.230716 -0.764564 -0.0886949 -0.970749 -0.223117 143.899 -126.913 639.633 
-0.782034 -0.0678744 0.61953 -0.616679 0.228097 -0.753445 -0.0901726 -0.97127 -0.220236 143.66 -126.499 639.012 
-0.773699 -0.0753269 0.62906 -0.627878 0.223783 -0.745447 -0.0846203 -0.971724 -0.220436 143.309 -126.663 638.671 
-0.773266 -0.0777681 0.629295 -0.62854 0.224944 -0.744539 -0.0836545 -0.971264 -0.222822 143.386 -125.556 638.207 
-0.76667 -0.0839281 0.636533 -0.637201 0.220989 -0.738335 -0.0786991 -0.971659 -0.222904 143.093 -125.356 637.729 
-0.771315 -0.0897879 0.630089 -0.632535 0.217842 -0.743266 -0.0705229 -0.971846 -0.224818 143.574 -124.302 637.698 
-0.778351 -0.103612 0.619221 -0.625608 0.210911 -0.751087 -0.0527779 -0.971999 -0.228983 143.801 -123.543 638.167 
-0.77824 -0.111211 0.618042 -0.626717 0.199643 -0.753239 -0.0396187 -0.973538 -0.225067 144.785 -123.231 638.174 
-0.782437 -0.114128 0.612184 -0.622077 0.188297 -0.759976 -0.0285375 -0.975459 -0.218326 146.42 -122.966 637.785 
-0.789144 -0.129751 0.600348 -0.614193 0.173777 -0.769784 -0.00444538 -0.9762 -0.216827 148.177 -122.257 638.468 
-0.80157 -0.14327 0.580483 -0.597694 0.166417 -0.784262 0.0157594 -0.975592 -0.219026 150.446 -121.521 639.481 
-0.821568 -0.141189 0.552352 -0.5693 0.151492 -0.808052 0.0304117 -0.978323 -0.20484 151.354 -120.497 639.992 
-0.841186 -0.135865 0.523401 -0.539335 0.140903 -0.830219 0.0390498 -0.980657 -0.191802 152.614 -119.6 641.137 
-0.866722 -0.120931 0.483912 -0.497099 0.129533 -0.85797 0.0410732 -0.984174 -0.172384 154.556 -118.392 641.493 
-0.880022 -0.119513 0.459652 -0.47204 0.113407 -0.874252 0.052357 -0.986335 -0.156215 155.951 -117.197 641.882 
-0.888406 -0.145279 0.435466 -0.450496 0.0935344 -0.887865 0.0882577 -0.98496 -0.148544 157.614 -115.364 643.69 
-0.904612 -0.154213 0.397361 -0.410281 0.0623621 -0.909824 0.115527 -0.986068 -0.119684 157.345 -114.627 645.131 
-0.916944 -0.169137 0.361396 -0.370805 0.0266869 -0.928327 0.147371 -0.985232 -0.0871873 157.74 -113.404 647.193 
-0.917052 -0.190452 0.350348 -0.357466 0.0032442 -0.93392 0.176731 -0.981692 -0.0710554 157.062 -113.493 649.176 
-0.924957 -0.195925 0.325683 -0.328344 -0.0196787 -0.944353 0.191431 -0.980422 -0.0461287 156.677 -113.052 650.329 
-0.920825 -0.219907 0.322062 -0.320087 -0.0455622 -0.946291 0.22277 -0.974457 -0.0284347 155.894 -113.086 651.881 
-0.92621 -0.225812 0.301902 -0.296415 -0.0586621 -0.953255 0.232967 -0.972404 -0.0126009 154.494 -112.617 652.744 
-0.93455 -0.211273 0.286324 -0.279337 -0.0628646 -0.958133 0.220427 -0.975404 -0.000266234 153.231 -112.297 651.885 
-0.931566 -0.219732 0.289662 -0.282096 -0.065771 -0.957129 0.229363 -0.973341 -0.000715646 152.546 -112.134 652.036 
-0.930783 -0.232935 0.281753 -0.273773 -0.0666022 -0.959485 0.242264 -0.970209 -0.00177932 151.909 -111.579 652.321 
-0.933252 -0.233818 0.272711 -0.264016 -0.0683428 -0.962093 0.243593 -0.969876 0.00204917 150.958 -111.318 652.223 
-0.936127 -0.233188 0.263231 -0.255409 -0.063691 -0.964733 0.24173 -0.970344 6.44204e-05 149.292 -111.048 652.568 
-0.936626 -0.235719 0.259171 -0.249878 -0.0690154 -0.965814 0.245548 -0.969368 0.0057404 148.605 -111.454 652.537 
-0.940336 -0.230797 0.250003 -0.239774 -0.0718247 -0.968168 0.241407 -0.970348 0.0122001 147.269 -111.542 652.5 
-0.941256 -0.230421 0.24687 -0.237984 -0.0660404 -0.969021 0.239587 -0.970848 0.00732416 146.688 -111.117 652.175 
-0.940737 -0.241999 0.237594 -0.229204 -0.0626753 -0.971358 0.24996 -0.968251 0.00349359 145.141 -111.454 653.047 
-0.942719 -0.251435 0.219233 -0.207629 -0.0721273 -0.975544 0.261099 -0.965184 0.0157903 143.965 -111.079 653.937 
-0.939699 -0.262064 0.219748 -0.206169 -0.0785868 -0.975355 0.272876 -0.961846 0.0198182 142.973 -110.894 654.851 
-0.939111 -0.277469 0.20269 -0.18678 -0.0829078 -0.978897 0.288418 -0.957151 0.0260336 142.311 -110.057 655.903 
-0.941292 -0.284406 0.181889 -0.16238 -0.0909398 -0.982528 0.295978 -0.954382 0.0394189 141.015 -109.281 656.606 
-0.944535 -0.28267 0.167188 -0.14667 -0.0924069 -0.984859 0.29384 -0.954756 0.0458222 140.755 -108.588 656.974 
-0.942581 -0.299422 0.147948 -0.126742 -0.0891569 -0.98792 0.308996 -0.949947 0.046088 140.65 -107.645 657.799 
-0.943576 -0.306092 0.126385 -0.102495 -0.0929667 -0.990379 0.314898 -0.947452 0.0563479 141.016 -105.944 658.135 
-0.945172 -0.309505 0.104198 -0.0784681 -0.094483 -0.992429 0.317007 -0.946193 0.0650162 141.748 -104.468 657.83 
-0.942458 -0.323489 0.0844345 -0.0551006 -0.0988033 -0.99358 0.329755 -0.94106 0.0752932 142.048 -103.646 658.539 
-0.937846 -0.339438 0.0722964 -0.0415621 -0.0969644 -0.994419 0.344554 -0.935618 0.0768296 142.456 -102.132 659.142 
-0.9365 -0.348429 0.0395694 -0.00594993 -0.0970333 -0.995263 0.350618 -0.9323 0.0887982 141.875 -100.353 659.944 
-0.932941 -0.359816 0.0124283 0.0227149 -0.0932748 -0.995381 0.359314 -0.92835 0.0951926 142.379 -98.9082 660.66 
-0.928487 -0.371042 -0.0155438 0.0532183 -0.0915133 -0.994381 0.367534 -0.924097 0.104715 143.06 -97.4765 661.33 
-0.924651 -0.37814 -0.0450771 0.0857772 -0.0914791 -0.992106 0.371032 -0.921218 0.117022 144.69 -96.1163 661.346 
-0.921897 -0.37757 -0.0868752 0.128963 -0.0876057 -0.987772 0.365342 -0.921828 0.129456 146.697 -94.8524 660.857 
-0.916536 -0.380862 -0.122096 0.167291 -0.0877734 -0.981993 0.363287 -0.920457 0.144162 149.162 -93.5596 660.834 
-0.906099 -0.398761 -0.141329 0.188595 -0.0816861 -0.978652 0.378704 -0.91341 0.14922 151.346 -92.6553 660.271 
-0.898961 -0.403861 -0.169607 0.218977 -0.0789951 -0.972527 0.379368 -0.911404 0.159449 154.323 -92.0694 659.884 
-0.88696 -0.421125 -0.189623 0.237856 -0.0645753 -0.969151 0.395889 -0.904702 0.157442 154.995 -91.2065 660.167 
-0.877201 -0.426489 -0.220513 0.270484 -0.0595109 -0.960883 0.396683 -0.902534 0.167561 157.484 -90.1444 659.425 
-0.866393 -0.435062 -0.245122 0.298254 -0.057137 -0.952775 0.400511 -0.898586 0.179262 159.15 -89.7075 659.552 
-0.85304 -0.432853 -0.291481 0.347882 -0.0553489 -0.935903 0.388975 -0.899765 0.197796 162.091 -88.8187 658.277 
-0.846869 -0.412085 -0.336153 0.395934 -0.0665726 -0.915863 0.355035 -0.908711 0.219536 164.485 -88.194 656.663 
-0.840372 -0.423704 -0.338008 0.39498 -0.0516787 -0.917235 0.371169 -0.904326 0.210783 165.124 -87.7907 656.817 
-0.823005 -0.426695 -0.374959 0.432315 -0.0423251 -0.900729 0.368467 -0.903405 0.2193 167.285 -87.3522 655.776 
-0.815738 -0.41921 -0.398539 0.457805 -0.0467951 -0.88782 0.353534 -0.906683 0.230089 168.205 -86.5694 655.019 
-0.801762 -0.412616 -0.432349 0.496053 -0.0559633 -0.866487 0.333331 -0.909185 0.249548 168.993 -86.1331 654.345 
-0.795348 -0.398998 -0.456314 0.521587 -0.0669598 -0.850567 0.30882 -0.914504 0.261368 169.393 -85.8523 652.999 
-0.779123 -0.417687 -0.467445 0.532566 -0.047694 -0.845044 0.33067 -0.907339 0.259605 170.096 -84.7335 653.374 
-0.770952 -0.403472 -0.492791 0.561778 -0.0662566 -0.824631 0.300065 -0.91259 0.277742 171.287 -84.454 652.189 
-0.763452 -0.40754 -0.501051 0.569632 -0.0592401 -0.819763 0.304404 -0.911264 0.277374 171.42 -84.1111 651.616 
-0.756541 -0.397332 -0.519396 0.588726 -0.0680544 -0.805463 0.284689 -0.915149 0.285405 172.14 -84.1705 650.257 
-0.743366 -0.402384 -0.534316 0.602434 -0.0556437 -0.796228 0.290658 -0.913779 0.283773 173.266 -83.7842 650.351 
-0.726785 -0.379323 -0.572624 0.6422 -0.0795415 -0.7624 0.243648 -0.92184 0.30141 174.621 -83.3547 648.277 
-0.715758 -0.3795 -0.586234 0.655666 -0.0762078 -0.751196 0.240403 -0.922049 0.303371 174.932 -82.9886 648.235 
-0.70125 -0.382994 -0.601302 0.671621 -0.0720114 -0.737388 0.239115 -0.92094 0.307724 175.579 -82.478 648.374 
-0.683828 -0.391031 -0.616015 0.689087 -0.0685488 -0.72143 0.239875 -0.917822 0.316329 176.017 -81.6525 647.572 
-0.660212 -0.380102 -0.647798 0.724171 -0.0933515 -0.683274 0.199241 -0.920222 0.33689 177.361 -80.9464 646.059 
-0.65601 -0.390683 -0.645768 0.724808 -0.0874854 -0.683375 0.210488 -0.916359 0.340561 176.562 -80.5684 646.388 
-0.640297 -0.38733 -0.663321 0.741587 -0.0866726 -0.665236 0.200174 -0.917859 0.342734 177.7 -80.3585 645.915 
-0.616634 -0.375193 -0.692092 0.772943 -0.121694 -0.622697 0.149408 -0.918924 0.365043 179.789 -79.8548 643.6 
-0.597773 -0.367364 -0.712538 0.793722 -0.1464 -0.590402 0.112577 -0.918484 0.379098 181.626 -79.0855 641.618 
-0.547235 -0.337303 -0.766002 0.836526 -0.190281 -0.513828 0.0275597 -0.921966 0.386291 185.405 -79.4739 638.579 
-0.525478 -0.331989 -0.783362 0.850744 -0.216318 -0.479002 -0.0104319 -0.918145 0.396108 186.394 -78.4054 636.293 
