Lower Arm R
-0.0148834 -0.327094 -0.944875 0.327094 0.891393 -0.313732 0.944875 -0.313732 0.0937236 43.3573 -12.3442 -85.718 
0.248989 -0.116402 0.961486 -0.821366 0.500656 0.273315 -0.513188 -0.857784 0.0290486 -42.456 -87.3049 676.005 
0.244084 -0.115023 0.962909 -0.823456 0.499857 0.268444 -0.512195 -0.858435 0.0272905 -41.952 -87.4938 675.575 
0.243185 -0.116367 0.962975 -0.826328 0.495066 0.2685 -0.507981 -0.861027 0.024235 -40.8643 -89.1394 674.041 
0.238907 -0.101999 0.965671 -0.819294 0.51263 0.25684 -0.52123 -0.852529 0.0389033 -42.224 -84.5508 676.494 
0.241351 -0.0990774 0.965368 -0.813579 0.521607 0.256935 -0.528999 -0.847413 0.0452825 -44.0112 -83.2915 677.191 
0.231685 -0.0867778 0.968913 -0.811831 0.531506 0.241727 -0.53596 -0.842597 0.0526926 -43.8934 -82.3453 677.226 
0.240558 -0.106656 0.964758 -0.816811 0.514707 0.26057 -0.524359 -0.850705 0.0366988 -44.955 -87.0964 673.693 
0.229693 -0.0985509 0.968261 -0.815742 0.52314 0.246758 -0.530855 -0.846529 0.039769 -46.0308 -84.1244 674.938 
0.226103 -0.109045 0.967981 -0.821582 0.512524 0.249644 -0.523336 -0.85172 0.0262932 -45.6002 -87.6752 672.09 
0.216714 -0.102527 0.970837 -0.816182 0.526589 0.237803 -0.535613 -0.843914 0.030438 -47.2866 -84.4019 674.192 
0.210331 -0.0970261 0.972804 -0.814285 0.533279 0.229246 -0.541019 -0.840356 0.0331576 -48.2584 -83.1946 674.712 
0.206833 -0.098686 0.973387 -0.815342 0.532522 0.227239 -0.540775 -0.840643 0.0296796 -49.5808 -83.4382 674.203 
0.213776 -0.0923652 0.972507 -0.809493 0.540512 0.229278 -0.546829 -0.83625 0.0407787 -52.1167 -82.5288 674.985 
0.217059 -0.102781 0.970733 -0.815677 0.527189 0.238207 -0.536243 -0.843509 0.0305946 -52.3517 -86.5332 672.028 
0.230293 -0.11513 0.966287 -0.815962 0.518229 0.256212 -0.530256 -0.847457 0.0254021 -54.6178 -87.7767 671.221 
0.224383 -0.107713 0.968531 -0.813246 0.526896 0.247005 -0.536921 -0.843076 0.0306288 -55.8572 -84.5078 673.098 
0.222109 -0.102086 0.969664 -0.811026 0.532676 0.241852 -0.541207 -0.840139 0.0355173 -56.8908 -83.3368 673.927 
0.222397 -0.0994447 0.969872 -0.812025 0.531669 0.240716 -0.539589 -0.841093 0.0374894 -57.6183 -83.0258 673.824 
0.228146 -0.101908 0.96828 -0.807422 0.535942 0.246651 -0.544078 -0.838081 0.0399896 -58.9601 -82.3148 674.576 
0.234215 -0.0921251 0.967811 -0.805632 0.538809 0.246256 -0.544152 -0.837375 0.0519779 -59.4213 -82.1591 674.513 
0.238691 -0.0930176 0.966631 -0.802739 0.541256 0.250305 -0.546478 -0.835697 0.0545234 -59.4627 -82.2814 674.693 
0.25467 -0.0926599 0.962579 -0.799724 0.539446 0.263512 -0.543677 -0.836906 0.063278 -59.7519 -82.4212 674.318 
0.272264 -0.0958437 0.957438 -0.793352 0.540689 0.279729 -0.544486 -0.835744 0.0711719 -60.1575 -83.9615 674.173 
0.288738 -0.100426 0.952127 -0.791672 0.534216 0.296426 -0.538411 -0.839361 0.0747431 -60.5977 -84.5239 673.808 
0.299961 -0.0942229 0.949288 -0.794253 0.526509 0.303232 -0.52838 -0.844932 0.0830949 -60.0738 -85.1033 673.039 
0.32166 -0.0985059 0.941718 -0.789131 0.521748 0.324118 -0.523267 -0.847393 0.0900909 -60.4318 -86.7619 672.782 
0.343141 -0.096305 0.934335 -0.788728 0.510627 0.342298 -0.510061 -0.854391 0.0992579 -60.7738 -87.4207 672.293 
0.356173 -0.0896853 0.930107 -0.790196 0.502359 0.351036 -0.49873 -0.859995 0.108057 -59.6336 -88.5038 671.865 
0.369299 -0.0884973 0.925088 -0.790075 0.494212 0.36268 -0.489286 -0.864825 0.112592 -59.1118 -89.1634 671.857 
0.384957 -0.0921867 0.91832 -0.786423 0.488014 0.378656 -0.483061 -0.867953 0.115366 -58.3733 -90.4235 671.955 
0.398812 -0.0869572 0.912901 -0.786558 0.479363 0.389278 -0.471462 -0.873297 0.122779 -57.5831 -90.5472 671.745 
0.409867 -0.080162 0.908617 -0.787854 0.470881 0.396935 -0.45967 -0.878547 0.129842 -56.5168 -90.6487 671.788 
0.426736 -0.0855863 0.900318 -0.7861 0.457107 0.416053 -0.447151 -0.885283 0.127785 -56.1007 -92.6932 671.037 
0.435009 -0.0761696 0.8972 -0.791347 0.443032 0.421298 -0.429579 -0.893263 0.132446 -55.123 -92.5363 670.435 
0.452373 -0.0700574 0.889074 -0.789997 0.431123 0.435933 -0.413841 -0.899568 0.139683 -55.6993 -93.1686 670.209 
0.47596 -0.0819278 0.875643 -0.783502 0.412757 0.464495 -0.399483 -0.907148 0.132265 -56.035 -95.9125 669.628 
0.485515 -0.0746673 0.871035 -0.786948 0.396633 0.472646 -0.380773 -0.914935 0.133812 -56.1758 -96.0913 668.811 
0.514334 -0.083758 0.853491 -0.777513 0.374378 0.505287 -0.36185 -0.923485 0.127432 -57.7911 -99.2234 667.127 
0.53008 -0.0859933 0.843577 -0.77378 0.357841 0.5227 -0.346815 -0.929814 0.123144 -58.1853 -100.734 665.936 
0.548442 -0.0752269 0.832799 -0.769564 0.344165 0.537887 -0.327084 -0.93589 0.130862 -59.2586 -102.388 664.407 
0.574998 -0.0661614 0.815476 -0.758796 0.329603 0.561775 -0.305951 -0.941798 0.139318 -61.5381 -105.252 662.987 
0.59675 -0.0649685 0.799794 -0.747076 0.318788 0.583311 -0.292862 -0.945596 0.1417 -63.3354 -108.527 661.761 
0.622393 -0.0713287 0.779449 -0.730176 0.305757 0.611029 -0.281906 -0.949433 0.138218 -65.3793 -111.746 660.595 
0.650356 -0.071285 0.756279 -0.710885 0.293781 0.639011 -0.267732 -0.95321 0.140386 -66.8044 -114.374 658.94 
0.669343 -0.0666623 0.739957 -0.697007 0.288471 0.65648 -0.257219 -0.955165 0.146621 -67.8331 -116.196 657.868 
0.695373 -0.0656959 0.715641 -0.676465 0.276318 0.682674 -0.242594 -0.958818 0.147703 -68.8872 -119.285 656.309 
0.717645 -0.0650251 0.693367 -0.656976 0.267061 0.705026 -0.231016 -0.961483 0.148935 -70.6083 -121.273 655.255 
0.743975 -0.0592348 0.665578 -0.63237 0.259409 0.729942 -0.215895 -0.963949 0.155535 -72.3029 -123.378 653.689 
0.766797 -0.0580508 0.63926 -0.609108 0.24839 0.753187 -0.202509 -0.966919 0.155105 -73.8394 -126.527 652.319 
0.791086 -0.0548443 0.609243 -0.583453 0.231539 0.778442 -0.183757 -0.971278 0.151168 -75.1139 -129.579 650.428 
0.81056 -0.0444885 0.583964 -0.561028 0.227127 0.796028 -0.168048 -0.972848 0.15914 -76.6843 -132.211 648.906 
0.827861 -0.0335301 0.559931 -0.54005 0.22219 0.811774 -0.15163 -0.974426 0.165835 -77.7674 -134.457 647.485 
0.848902 -0.0330792 0.527515 -0.510796 0.205163 0.834863 -0.135843 -0.978168 0.157267 -78.6623 -137.198 645.984 
0.867368 -0.0249518 0.497043 -0.482782 0.20026 0.852536 -0.12081 -0.979424 0.161653 -78.8349 -138.609 644.379 
0.882983 -0.0145006 0.469182 -0.457326 0.198708 0.866815 -0.105799 -0.979951 0.168824 -79.1395 -140.265 643.113 
0.899277 -0.00192366 0.437377 -0.428027 0.201826 0.880942 -0.0899687 -0.979419 0.180674 -79.0915 -142.038 641.841 
0.911781 0.00167875 0.410674 -0.402904 0.197291 0.893725 -0.0795221 -0.980343 0.180563 -79.6127 -143.345 640.98 
0.922972 0.0242759 0.384102 -0.381452 0.190364 0.904575 -0.0511598 -0.981413 0.18496 -78.5755 -144.669 639.356 
0.934972 0.0309294 0.353371 -0.352509 0.19211 0.915878 -0.0395587 -0.980885 0.19052 -77.5788 -145.883 638.501 
0.945167 0.0303337 0.325178 -0.325055 0.183769 0.927669 -0.0316182 -0.982501 0.183553 -77.0775 -147.435 637.338 
0.953372 0.0336147 0.299923 -0.300969 0.179586 0.936572 -0.0223794 -0.983167 0.181329 -76.4561 -148.956 636.336 
0.959765 0.0419358 0.277657 -0.28063 0.178188 0.943131 -0.00992417 -0.983102 0.182787 -76.0234 -149.951 635.288 
0.967098 0.0576266 0.247793 -0.254176 0.177539 0.950724 0.010794 -0.982425 0.186345 -74.3705 -152.226 634.357 
0.972137 0.0719284 0.223105 -0.232371 0.170359 0.957592 0.0308699 -0.982753 0.182327 -73.6752 -153.428 633.256 
0.977511 0.0802002 0.19504 -0.206077 0.16692 0.964194 0.0447725 -0.982703 0.179694 -72.869 -154.905 632.435 
0.98296 0.0873171 0.16176 -0.173872 0.156065 0.972324 0.0596555 -0.983879 0.168587 -73.3705 -156.456 631.179 
0.98597 0.100132 0.133557 -0.148982 0.167005 0.974636 0.0752874 -0.980858 0.17958 -71.8712 -157.075 629.89 
0.9891 0.103926 0.104313 -0.119923 0.157492 0.980212 0.0854411 -0.982036 0.168239 -70.862 -159.015 628.891 
0.98984 0.110058 0.0900316 -0.107183 0.161465 0.981041 0.093434 -0.980722 0.171621 -69.4614 -159.702 628.327 
0.991868 0.113956 0.0566872 -0.0745404 0.159091 0.984447 0.103165 -0.980665 0.166291 -68.5171 -161.987 627.371 
0.992416 0.118905 0.0311811 -0.0499172 0.15802 0.986174 0.112333 -0.98025 0.162757 -67.5789 -163.714 626.449 
0.991371 0.13057 -0.0116746 -0.00896878 0.156409 0.987652 0.130784 -0.979023 0.156231 -66.1004 -165.346 625.435 
0.990226 0.130593 -0.0489804 0.0276392 0.160484 0.986652 0.136711 -0.97836 0.155306 -64.8367 -166.536 624.857 
0.986963 0.136712 -0.0849414 0.0630858 0.156935 0.985593 0.148073 -0.9781 0.146264 -64.1501 -167.939 623.978 
0.983163 0.141256 -0.115925 0.0954768 0.143823 0.984988 0.155808 -0.979469 0.127915 -63.8894 -169.928 623.245 
0.979851 0.137818 -0.144566 0.125007 0.141351 0.982036 0.155777 -0.980319 0.121275 -63.4974 -171.687 622.794 
0.974264 0.127852 -0.185647 0.167837 0.138326 0.976062 0.150472 -0.982099 0.113308 -61.8163 -173.418 622.843 
0.966166 0.135857 -0.219242 0.203392 0.1214 0.971543 0.158607 -0.983262 0.0896599 -60.7605 -175.977 621.914 
0.956042 0.137204 -0.25915 0.246535 0.102389 0.963711 0.158759 -0.985236 0.0640624 -59.6856 -178.527 621.568 
0.9448 0.131726 -0.300003 0.289998 0.0899623 0.95279 0.152496 -0.987195 0.0467959 -58.4964 -180.022 621.505 
0.930683 0.126109 -0.343403 0.334967 0.0835881 0.938516 0.14706 -0.988488 0.0355514 -56.1938 -180.997 621.756 
0.912688 0.126529 -0.388576 0.383981 0.0598983 0.921397 0.139858 -0.990152 0.00608372 -52.338 -182.358 622.088 
0.898617 0.116161 -0.423078 0.419252 0.0568213 0.906091 0.129292 -0.991603 0.00235979 -49.7708 -181.868 622.024 
0.886213 0.111778 -0.449592 0.447513 0.0444782 0.893172 0.119834 -0.992737 -0.0106052 -47.5653 -181.268 622.011 
0.86421 0.11906 -0.488841 0.490091 0.0205653 0.87143 0.113805 -0.992674 -0.0405778 -43.4633 -182.306 622.445 
0.851311 0.102239 -0.514604 0.51843 -0.0131931 0.855019 0.0806267 -0.994672 -0.0642353 -41.1777 -181.496 624.566 
0.837325 0.0859403 -0.539909 0.542924 -0.0147394 0.839654 0.064202 -0.996191 -0.0590009 -38.4867 -180.626 625.15 
0.818798 0.078711 -0.568661 0.571241 -0.0132631 0.820676 0.0570539 -0.996809 -0.055823 -35.0979 -180.183 625.038 
0.799997 0.0703264 -0.595868 0.598951 -0.0347764 0.800031 0.035541 -0.996917 -0.0699434 -31.8127 -180.065 625.764 
0.777301 0.0548995 -0.626729 0.629022 -0.0494583 0.775813 0.0115945 -0.997266 -0.0729774 -28.4049 -179.545 626.677 
0.749122 0.058287 -0.659863 0.662422 -0.0603644 0.746695 0.00369014 -0.996473 -0.0838313 -24.2154 -179.47 626.963 
0.717284 0.0803722 -0.692131 0.696753 -0.0917968 0.711414 -0.00635768 -0.992528 -0.121844 -18.8796 -179.318 628.08 
0.706608 0.0861839 -0.702338 0.707497 -0.103461 0.699103 -0.0124132 -0.990892 -0.134081 -16.849 -177.993 628.376 
0.703458 0.0674851 -0.707526 0.710104 -0.108739 0.69565 -0.0299899 -0.991776 -0.124415 -15.4092 -175.561 629.412 
0.699163 0.0880998 -0.709514 0.71472 -0.111992 0.690387 -0.0186371 -0.989796 -0.141268 -14.6474 -174.806 628.749 
0.693555 0.0857586 -0.715281 0.720042 -0.114007 0.684502 -0.0228454 -0.989771 -0.14082 -13.4737 -172.731 628.959 
0.690955 0.0878903 -0.717535 0.722312 -0.123886 0.680381 -0.029094 -0.988396 -0.149084 -13.6843 -170.655 628.991 
0.687631 0.0868021 -0.720854 0.72528 -0.12815 0.676422 -0.0336632 -0.987948 -0.151076 -14.9964 -167.683 628.889 
0.678941 0.0984558 -0.727562 0.732979 -0.147862 0.663988 -0.0422055 -0.984095 -0.172556 -16.2375 -165.547 629.27 
0.666444 0.107702 -0.737735 0.744061 -0.158695 0.648992 -0.0471773 -0.981435 -0.185899 -17.6802 -162.887 629.457 
0.660221 0.107482 -0.743341 0.749949 -0.148433 0.644628 -0.0410511 -0.983064 -0.178605 -20.8052 -159.058 628.163 
0.649862 0.0908211 -0.754607 0.759106 -0.127105 0.638439 -0.0379311 -0.987722 -0.151544 -24.1764 -154.871 626.842 
0.636987 0.0880089 -0.765834 0.76941 -0.133812 0.624584 -0.0475091 -0.987091 -0.152952 -26.9309 -151.789 626.241 
0.625527 0.0810789 -0.775979 0.778616 -0.128278 0.61425 -0.0497383 -0.988418 -0.143371 -30.1691 -148.865 625.058 
0.612219 0.0752784 -0.787097 0.788554 -0.131234 0.600801 -0.0580665 -0.988489 -0.139705 -33.5191 -147.03 624.429 
0.599662 0.0727135 -0.796943 0.798074 -0.127784 0.588855 -0.0590191 -0.989132 -0.134658 -37.463 -145.217 623.115 
0.597027 0.0551056 -0.800326 0.799682 -0.120194 0.588271 -0.0637775 -0.991219 -0.115826 -41.3113 -141.63 622.664 
0.592014 0.0504078 -0.80435 0.803324 -0.117073 0.583923 -0.0647333 -0.991843 -0.109803 -44.9499 -139.184 622.102 
0.579916 0.0348108 -0.813932 0.811697 -0.110056 0.573617 -0.0696102 -0.993315 -0.0920795 -47.9738 -136.843 621.521 
0.580417 0.0415628 -0.813258 0.812323 -0.0994504 0.574667 -0.0569944 -0.994174 -0.0914855 -51.817 -134.048 619.768 
0.577224 0.0499618 -0.815056 0.814434 -0.107643 0.570185 -0.0592482 -0.992933 -0.102825 -53.9798 -132.786 619.655 
0.572999 0.0433184 -0.818411 0.817551 -0.100021 0.567104 -0.0572922 -0.994041 -0.0927272 -56.6132 -132.01 618.847 
0.573763 0.0371719 -0.818178 0.816497 -0.104342 0.567844 -0.0642625 -0.993846 -0.0902186 -59.2948 -130.959 619.076 
0.578607 0.0412226 -0.814565 0.812898 -0.110481 0.571832 -0.0664218 -0.993022 -0.0974352 -62.8077 -130.621 618.821 
0.574067 0.0384111 -0.817907 0.815572 -0.115548 0.567002 -0.0727288 -0.992558 -0.0976598 -64.8116 -130.155 619.12 
0.577924 0.0398295 -0.815118 0.812244 -0.12494 0.569782 -0.0791471 -0.991364 -0.104558 -67.0105 -129.232 619.713 
0.591282 0.0483973 -0.805012 0.801382 -0.147162 0.579769 -0.0904082 -0.987927 -0.125799 -70.0855 -128.516 620.253 
0.593931 0.0357392 -0.803722 0.798349 -0.149641 0.583307 -0.0994228 -0.988094 -0.117409 -73.0298 -128.057 619.469 
0.596705 0.0281619 -0.801967 0.795622 -0.150966 0.586683 -0.104548 -0.988137 -0.112489 -74.915 -127.632 618.977 
0.597899 0.0303004 -0.800999 0.795231 -0.147865 0.588001 -0.100623 -0.988543 -0.112504 -76.6291 -127.924 618.4 
0.599655 0.022963 -0.799929 0.792941 -0.151926 0.590055 -0.107981 -0.988125 -0.109312 -78.3969 -128.249 618.51 
0.61104 0.0218075 -0.7913 0.78343 -0.159907 0.600556 -0.113438 -0.986891 -0.114795 -81.1941 -127.968 618.967 
0.614854 0.0196977 -0.788395 0.77982 -0.164289 0.604063 -0.117627 -0.986215 -0.116375 -82.8086 -127.236 619.622 
0.610822 0.0113393 -0.791687 0.782612 -0.160274 0.601525 -0.120066 -0.987007 -0.106774 -84.2766 -127.883 619.669 
0.610529 0.00155527 -0.791993 0.780701 -0.169458 0.601491 -0.133275 -0.985536 -0.104674 -85.7488 -127.737 620.049 
0.616532 0.00301129 -0.787324 0.775262 -0.176734 0.606412 -0.137321 -0.984253 -0.111297 -87.1286 -127.348 620.004 
0.62122 -0.00245025 -0.783633 0.770499 -0.180435 0.611373 -0.142893 -0.983583 -0.110202 -88.5051 -126.984 619.995 
0.625051 -0.0139204 -0.78046 0.76582 -0.18261 0.616583 -0.151103 -0.983086 -0.10348 -89.3336 -126.685 620.09 
0.625612 -0.0200973 -0.779876 0.765188 -0.17894 0.618441 -0.15198 -0.983654 -0.0965691 -89.671 -126.295 619.815 
0.623658 -0.0191623 -0.781463 0.76764 -0.173729 0.616886 -0.147584 -0.984607 -0.093638 -89.4618 -126.48 619.45 
0.621424 -0.0265062 -0.783026 0.766922 -0.183775 0.614864 -0.160199 -0.98261 -0.0938747 -89.1978 -126.251 620.361 
0.624984 -0.0187804 -0.780412 0.765354 -0.182115 0.617308 -0.153718 -0.983097 -0.0994455 -89.611 -126.259 620.041 
0.626165 -0.0161254 -0.779524 0.765233 -0.178931 0.618387 -0.149453 -0.983729 -0.0997008 -89.4447 -126.507 619.927 
0.625341 -0.0132625 -0.780239 0.76698 -0.173861 0.61767 -0.143845 -0.98468 -0.0985508 -89.1039 -126.402 619.787 
0.626473 -0.0166453 -0.779266 0.765193 -0.177166 0.618945 -0.148362 -0.98404 -0.0982533 -88.9217 -125.852 619.865 
0.621587 -0.00117897 -0.783344 0.770959 -0.176204 0.612026 -0.13875 -0.984352 -0.108618 -88.4799 -126.751 618.935 
RFing.0_Hand
-0.461729 0.0039796 -0.887012 -0.0039796 0.999971 0.00655795 0.887012 0.00655795 -0.4617 32.7108 -9.73219 -73.4609 
0.768032 -0.319729 0.554887 -0.570148 0.0532152 0.819817 -0.291648 -0.946014 -0.141421 -29.5602 -93.8259 668.157 
0.763818 -0.3242 0.5581 -0.574601 0.0522685 0.816763 -0.293966 -0.944544 -0.146361 -29.1005 -94.0934 667.72 
0.768015 -0.323635 0.552642 -0.571819 0.0420699 0.819301 -0.288404 -0.945247 -0.15275 -28.026 -95.7839 666.203 
0.758415 -0.314533 0.570854 -0.580181 0.0732851 0.811184 -0.296979 -0.946414 -0.126905 -29.3834 -91.1933 668.657 
0.760508 -0.309085 0.571046 -0.574217 0.0904561 0.813691 -0.303154 -0.946723 -0.108689 -31.1372 -89.8435 669.333 
0.75054 -0.305153 0.586148 -0.583815 0.109362 0.804487 -0.309594 -0.946003 -0.0960717 -31.0801 -89.0138 669.367 
0.766266 -0.309699 0.562958 -0.569253 0.0790968 0.818349 -0.29797 -0.947539 -0.115688 -32.1122 -93.6649 665.798 
0.753629 -0.31325 0.577856 -0.581626 0.0917265 0.808269 -0.306195 -0.945231 -0.113066 -33.2725 -90.8063 667.001 
0.762629 -0.317039 0.563811 -0.574904 0.0672562 0.815452 -0.29645 -0.946025 -0.130975 -32.9107 -94.4215 664.097 
0.750863 -0.314911 0.580547 -0.584968 0.0909892 0.805936 -0.306621 -0.94475 -0.115892 -34.6728 -91.1755 666.103 
0.742068 -0.313348 0.592577 -0.593928 0.102501 0.797962 -0.310779 -0.944091 -0.110043 -35.6938 -90.0202 666.591 
0.739138 -0.315546 0.595068 -0.59635 0.104124 0.795943 -0.313118 -0.94318 -0.111213 -37.0575 -90.2993 666.048 
0.742898 -0.30819 0.594239 -0.591049 0.114766 0.79843 -0.314267 -0.944377 -0.0968955 -39.5027 -89.2794 666.878 
0.765886 -0.299989 0.568704 -0.5731 0.0824957 0.815323 -0.291504 -0.950369 -0.108741 -39.7351 -93.2951 663.934 
0.781871 -0.297321 0.547976 -0.557248 0.0608444 0.828114 -0.279556 -0.952837 -0.118108 -41.9051 -94.3728 663.14 
0.769262 -0.294884 0.566815 -0.571763 0.0782397 0.81668 -0.285173 -0.952325 -0.108416 -43.181 -91.1483 664.997 
0.768475 -0.29268 0.569019 -0.570742 0.088541 0.816342 -0.289309 -0.952103 -0.0990025 -44.2204 -89.9915 665.828 
0.768455 -0.287591 0.571636 -0.573667 0.0861804 0.814543 -0.283518 -0.953869 -0.0987548 -44.9369 -89.7069 665.764 
0.772799 -0.285171 0.566974 -0.566617 0.0923971 0.818785 -0.28588 -0.954013 -0.0901777 -46.2278 -88.8678 666.491 
0.775855 -0.272291 0.569127 -0.566338 0.0969747 0.818448 -0.278047 -0.957316 -0.0789697 -46.5981 -88.6881 666.554 
0.779859 -0.263766 0.567668 -0.564047 0.0971222 0.820012 -0.271424 -0.959685 -0.0730341 -46.5971 -88.7271 666.734 
0.783968 -0.258583 0.564384 -0.560856 0.0947436 0.822475 -0.26615 -0.961332 -0.0707513 -46.7265 -88.6953 666.482 
0.798745 -0.253189 0.545802 -0.542271 0.0900746 0.835361 -0.260668 -0.963215 -0.0653501 -46.9702 -89.9844 666.412 
0.80874 -0.247052 0.533764 -0.532159 0.0791398 0.842938 -0.250492 -0.965765 -0.0674671 -47.2671 -90.3649 666.154 
0.813626 -0.234648 0.531933 -0.532766 0.0653661 0.843734 -0.232751 -0.969881 -0.0718284 -46.6192 -90.9212 665.587 
0.828659 -0.226127 0.512044 -0.514417 0.0529929 0.855901 -0.220677 -0.972656 -0.0724102 -46.791 -92.3077 665.462 
0.837709 -0.217101 0.501109 -0.505366 0.0396324 0.861995 -0.207 -0.975345 -0.0765143 -46.9347 -92.7944 665.22 
0.846379 -0.202964 0.492389 -0.497665 0.0278386 0.866923 -0.189662 -0.978791 -0.0774458 -45.6614 -93.8214 665.016 
0.850308 -0.19737 0.487874 -0.494298 0.0187533 0.86909 -0.180681 -0.98015 -0.081613 -45.024 -94.3746 665.164 
0.860033 -0.19095 0.47316 -0.480204 0.0105487 0.877094 -0.172472 -0.981543 -0.0826224 -44.1659 -95.4349 665.364 
0.866284 -0.180978 0.465616 -0.473473 -0.000239258 0.880808 -0.159295 -0.983487 -0.0858949 -43.2472 -95.467 665.366 
0.87051 -0.171027 0.461477 -0.469361 -0.00647072 0.882983 -0.148028 -0.985245 -0.0859056 -42.0728 -95.5219 665.62 
0.882489 -0.166014 0.440058 -0.449915 -0.0252975 0.892713 -0.137071 -0.985799 -0.0970165 -41.5411 -97.3728 664.993 
0.883229 -0.159754 0.440891 -0.452017 -0.039716 0.891125 -0.12485 -0.986358 -0.107289 -40.4731 -97.2551 664.645 
0.888673 -0.149216 0.433582 -0.444465 -0.0478297 0.894518 -0.112738 -0.987648 -0.108826 -40.9031 -97.7418 664.679 
0.90125 -0.146813 0.407667 -0.420523 -0.0695862 0.90461 -0.104441 -0.986714 -0.124453 -41.1046 -100.143 664.188 
0.905351 -0.13676 0.402039 -0.415091 -0.0851153 0.90579 -0.0896564 -0.986941 -0.133827 -41.1587 -100.313 663.606 
0.921615 -0.124351 0.367642 -0.381329 -0.113914 0.917394 -0.0721991 -0.985678 -0.152403 -42.6112 -103.03 662.078 
0.929798 -0.112242 0.350539 -0.363751 -0.134726 0.921702 -0.0562264 -0.984506 -0.166096 -42.9145 -104.345 661.02 
0.934237 -0.0888652 0.345403 -0.355272 -0.146767 0.923169 -0.031344 -0.985172 -0.168686 -43.8473 -105.815 659.807 
0.943018 -0.0713594 0.324999 -0.332421 -0.159109 0.929613 -0.0146261 -0.984679 -0.173764 -45.9545 -108.324 658.73 
0.951918 -0.0562087 0.301153 -0.30635 -0.169858 0.936642 -0.00149416 -0.983865 -0.17891 -47.6384 -111.25 657.686 
0.961346 -0.0462902 0.271424 -0.275271 -0.184349 0.943526 0.00636105 -0.98177 -0.189965 -49.5832 -113.993 656.614 
0.969137 -0.0217037 0.245566 -0.244979 -0.19614 0.949481 0.0275581 -0.980336 -0.195403 -50.8967 -116.111 655.153 
0.973581 -0.00619206 0.228258 -0.224859 -0.199939 0.953658 0.0397326 -0.979789 -0.196049 -51.8468 -117.588 654.274 
0.980384 0.0163564 0.196416 -0.188663 -0.210526 0.959211 0.05704 -0.977452 -0.20331 -52.8237 -120.17 652.904 
0.985499 0.0365419 0.1657 -0.15391 -0.218632 0.963593 0.0714388 -0.975123 -0.209837 -54.4944 -121.698 652.002 
0.98815 0.0577726 0.142205 -0.126364 -0.219737 0.96734 0.0871335 -0.973847 -0.209833 -56.1348 -123.249 650.69 
0.990704 0.0792947 0.110536 -0.0900868 -0.226432 0.969852 0.101933 -0.970794 -0.217183 -57.6549 -125.885 649.479 
0.99166 0.100839 0.0802638 -0.0543003 -0.237912 0.969768 0.116886 -0.966038 -0.230452 -58.929 -128.385 647.775 
0.990554 0.125125 0.0560892 -0.0246848 -0.239652 0.970545 0.134881 -0.962762 -0.234299 -60.4965 -130.561 646.53 
0.987894 0.152094 0.0305482 0.00719062 -0.241606 0.970348 0.154965 -0.958381 -0.239774 -61.5898 -132.388 645.383 
0.984542 0.174967 -0.00802878 0.0526491 -0.251921 0.966314 0.16705 -0.9518 -0.257238 -62.5556 -134.555 643.984 
0.979325 0.199972 -0.0305748 0.0811498 -0.249897 0.964866 0.185305 -0.947398 -0.260958 -62.7962 -135.439 642.612 
0.972876 0.22476 -0.0547213 0.110512 -0.243773 0.963515 0.20322 -0.943429 -0.262 -63.173 -136.629 641.608 
0.96572 0.247798 -0.0773396 0.136683 -0.232113 0.963037 0.220687 -0.940596 -0.258026 -63.2255 -137.88 640.66 
0.958336 0.266505 -0.102803 0.167385 -0.232317 0.958129 0.231463 -0.935417 -0.267247 -63.8596 -138.747 639.927 
0.94766 0.298135 -0.114267 0.18935 -0.236629 0.95297 0.257075 -0.924729 -0.280696 -62.913 -139.702 638.704 
0.93628 0.320744 -0.143191 0.222011 -0.224471 0.948854 0.272197 -0.920183 -0.281376 -62.0713 -140.43 638.054 
0.929145 0.329623 -0.167447 0.248775 -0.222373 0.942688 0.273496 -0.917551 -0.288618 -61.7358 -141.531 636.915 
0.920568 0.341766 -0.189079 0.274091 -0.220387 0.936111 0.27826 -0.913579 -0.296556 -61.2669 -142.663 636.005 
0.910753 0.359216 -0.203697 0.292518 -0.21302 0.932231 0.291481 -0.908618 -0.299086 -60.9687 -143.337 635.129 
0.894093 0.387292 -0.22495 0.321841 -0.206284 0.924048 0.311473 -0.898584 -0.309083 -59.5028 -145.201 634.497 
0.885383 0.402645 -0.232324 0.335245 -0.206837 0.919145 0.322036 -0.891682 -0.318114 -58.9724 -146.072 633.607 
0.868761 0.424943 -0.25432 0.363775 -0.199117 0.909956 0.33604 -0.88305 -0.327569 -58.3738 -147.155 632.934 
0.854715 0.441001 -0.273826 0.391945 -0.202397 0.897448 0.340354 -0.874388 -0.34584 -59.1385 -148.237 631.748 
0.838021 0.464499 -0.286291 0.403652 -0.174724 0.898073 0.367132 -0.868166 -0.333918 -57.869 -148.498 630.776 
0.823158 0.476606 -0.308639 0.429523 -0.167147 0.887452 0.371377 -0.863081 -0.342301 -57.1168 -150.032 629.784 
0.816152 0.484301 -0.315197 0.437089 -0.160636 0.884956 0.377953 -0.860029 -0.342786 -55.8431 -150.543 629.358 
0.80058 0.495232 -0.337368 0.461764 -0.151048 0.874047 0.381897 -0.855529 -0.349606 -55.2121 -152.386 628.47 
0.790436 0.500455 -0.353208 0.48 -0.147831 0.864723 0.38054 -0.853048 -0.357069 -54.5222 -153.787 627.628 
0.763923 0.524858 -0.375429 0.509949 -0.134491 0.849625 0.395441 -0.840498 -0.370392 -53.4792 -154.891 626.781 
0.738629 0.540907 -0.402303 0.536816 -0.110989 0.836367 0.407745 -0.833728 -0.372347 -52.6174 -155.623 626.269 
0.719888 0.553137 -0.419287 0.558707 -0.103368 0.822898 0.411834 -0.826653 -0.383454 -52.3335 -156.596 625.439 
0.701052 0.562924 -0.43777 0.582793 -0.098507 0.806627 0.410947 -0.820617 -0.397127 -52.4336 -158.21 624.611 
0.685441 0.564554 -0.459838 0.603829 -0.0878169 0.792261 0.406893 -0.820712 -0.401087 -52.3876 -159.632 624.088 
0.657638 0.569063 -0.49364 0.636833 -0.069897 0.767826 0.402438 -0.819318 -0.408365 -51.2233 -160.892 623.984 
0.632253 0.581774 -0.511661 0.667847 -0.0744818 0.740562 0.392731 -0.809933 -0.435627 -50.6027 -163.083 622.91 
0.609475 0.586328 -0.53363 0.696897 -0.0753045 0.713206 0.377989 -0.806566 -0.454506 -50.0672 -165.208 622.296 
0.578963 0.589641 -0.56314 0.729397 -0.0658815 0.68091 0.364392 -0.804974 -0.468225 -49.4548 -166.295 621.971 
0.547875 0.58834 -0.594719 0.760341 -0.0537305 0.647298 0.348877 -0.806827 -0.476776 -47.792 -166.864 622.034 
0.504288 0.595901 -0.624977 0.798778 -0.0469169 0.599793 0.328096 -0.801687 -0.499652 -44.6313 -167.832 621.966 
0.480369 0.591963 -0.647167 0.820635 -0.0429573 0.569835 0.309521 -0.80482 -0.506421 -42.6201 -167.063 621.727 
0.457885 0.588353 -0.66647 0.836716 -0.0318774 0.546708 0.300412 -0.807976 -0.50688 -40.8549 -166.265 621.459 
0.420399 0.592809 -0.686909 0.863181 -0.0279976 0.504117 0.279614 -0.804857 -0.523471 -37.4235 -167.04 621.505 
0.407503 0.578498 -0.706599 0.881402 -0.0467368 0.470049 0.238899 -0.814344 -0.528934 -35.601 -166.11 622.958 
0.386142 0.562904 -0.730776 0.895771 -0.0397073 0.442739 0.220203 -0.825568 -0.519565 -33.3811 -165.094 623.387 
0.355867 0.555368 -0.751615 0.909912 -0.0225018 0.414189 0.213115 -0.8313 -0.513344 -30.5386 -164.489 623.217 
0.326018 0.550246 -0.768728 0.925701 -0.0208266 0.377682 0.191808 -0.834743 -0.516153 -27.7893 -164.278 623.525 
0.294637 0.541544 -0.78735 0.940723 -0.0195087 0.338612 0.168013 -0.840447 -0.51519 -25.0183 -163.661 624.105 
0.244801 0.543754 -0.802748 0.955875 0.00333293 0.293755 0.162406 -0.839239 -0.518944 -21.5213 -163.488 624.18 
0.195465 0.560742 -0.804589 0.97197 -0.00147672 0.235098 0.130641 -0.82799 -0.545313 -16.8782 -163.332 624.783 
0.185072 0.561619 -0.806432 0.975523 -0.00582864 0.219818 0.118754 -0.827376 -0.548951 -15.0767 -162.023 624.879 
0.181001 0.543023 -0.819979 0.977437 -0.00701887 0.211109 0.108882 -0.839689 -0.532041 -13.7672 -159.605 625.792 
0.170472 0.561126 -0.809986 0.97933 -0.00566609 0.202187 0.108863 -0.827711 -0.550493 -13.0396 -158.852 625.101 
0.157977 0.557739 -0.814844 0.982637 -0.00747756 0.185389 0.0973061 -0.829983 -0.549236 -12.0011 -156.776 625.262 
0.152268 0.558884 -0.815146 0.984093 -0.00936377 0.177406 0.0915169 -0.829194 -0.551419 -12.2637 -154.733 625.132 
0.14698 0.553398 -0.819846 0.985578 -0.0116615 0.16882 0.0838644 -0.832836 -0.547131 -13.6542 -151.774 624.954 
0.126544 0.565987 -0.814644 0.990516 -0.0277852 0.134559 0.0535238 -0.823946 -0.564135 -15.0516 -149.709 625.011 
0.106109 0.5745 -0.811598 0.993567 -0.0287917 0.109519 0.0395517 -0.817999 -0.573859 -16.7392 -147.085 625.002 
0.0898739 0.571247 -0.815843 0.994837 -0.0127204 0.100684 0.0471382 -0.82068 -0.569441 -20.0013 -143.208 623.858 
0.0846272 0.552396 -0.829275 0.994344 0.00678761 0.105993 0.0641791 -0.833555 -0.548696 -23.6527 -138.927 622.848 
0.0612595 0.551758 -0.831752 0.996776 0.00944194 0.0796764 0.0518158 -0.833951 -0.5494 -26.6915 -135.873 622.113 
0.0488815 0.538335 -0.841312 0.997578 0.0154227 0.0678285 0.0494901 -0.84259 -0.536277 -30.1931 -132.93 620.999 
0.0309211 0.533051 -0.845518 0.998566 0.0205012 0.049442 0.0436896 -0.845835 -0.531652 -33.8376 -131.115 620.303 
0.0232823 0.52652 -0.849844 0.998557 0.0289053 0.0452638 0.0483976 -0.849672 -0.525087 -38.047 -129.3 619.029 
0.0173544 0.51072 -0.859572 0.998395 0.0374972 0.0424355 0.0539046 -0.85893 -0.509249 -41.9982 -125.684 618.709 
0.0116543 0.509927 -0.860139 0.99866 0.0374427 0.0357279 0.0504249 -0.859403 -0.508807 -45.7509 -123.231 618.196 
-0.00126771 0.494339 -0.869268 0.998193 0.0528494 0.0285979 0.0600777 -0.867662 -0.493512 -49.0575 -120.877 617.735 
-0.00623585 0.499637 -0.866212 0.99714 0.0683455 0.0322428 0.0753118 -0.863535 -0.498634 -52.8741 -118.043 616.145 
-0.0146099 0.50875 -0.86079 0.998225 0.057136 0.0168254 0.0577424 -0.859016 -0.508681 -55.0792 -116.816 615.889 
-0.0239681 0.498709 -0.866438 0.996733 0.0787826 0.0177727 0.077124 -0.863182 -0.498968 -57.8137 -116.019 615.208 
-0.0207896 0.490357 -0.871274 0.997474 0.0693734 0.0152418 0.0679175 -0.868757 -0.49056 -60.4954 -114.981 615.375 
-0.0160757 0.497881 -0.867096 0.997909 0.0622842 0.0172613 0.0626008 -0.865006 -0.497841 -63.9018 -114.659 615.02 
-0.0216474 0.490217 -0.871332 0.998066 0.0613888 0.00974074 0.0582654 -0.869436 -0.490597 -66.0031 -114.22 615.239 
-0.0238013 0.495635 -0.868205 0.998843 0.0480826 6.54192e-05 0.0417783 -0.8672 -0.496205 -68.1217 -113.329 615.681 
-0.0056854 0.508255 -0.861188 0.999954 0.00954331 -0.000970153 0.00772586 -0.861154 -0.508286 -70.9066 -112.689 615.866 
0.00165425 0.49359 -0.869693 0.999897 0.0116019 0.00848558 0.0142788 -0.869618 -0.493519 -73.829 -112.237 615.054 
0.00814498 0.483901 -0.875085 0.999827 0.0106861 0.0152142 0.0167137 -0.875058 -0.483729 -75.676 -111.813 614.549 
0.00136674 0.487221 -0.873278 0.999767 0.0181325 0.0116803 0.0215259 -0.873091 -0.487082 -77.3607 -112.091 614.02 
0.00969447 0.480535 -0.876922 0.999791 0.0111191 0.017145 0.0179897 -0.876905 -0.480327 -79.1098 -112.431 614.072 
0.0206709 0.481736 -0.876072 0.99976 -0.0036053 0.0216059 0.00725019 -0.876309 -0.481695 -81.6762 -112.177 614.405 
0.0295055 0.482339 -0.875487 0.999558 -0.0109481 0.0276543 0.00375412 -0.875916 -0.482448 -83.2166 -111.462 614.993 
0.0204138 0.47302 -0.880815 0.999702 0.00214719 0.0243214 0.0133961 -0.881049 -0.472835 -84.7861 -112.092 615.107 
0.0239633 0.464411 -0.885295 0.999702 -0.00709329 0.0233382 0.00455919 -0.885592 -0.464443 -86.2844 -111.988 615.346 
0.0334122 0.467163 -0.88354 0.999426 -0.0205026 0.0269532 -0.00552304 -0.883934 -0.46758 -87.5372 -111.632 615.184 
0.0395848 0.466329 -0.883725 0.999141 -0.0293292 0.0292772 -0.0122659 -0.884125 -0.467089 -88.827 -111.283 615.117 
0.0443972 0.453893 -0.889949 0.998781 -0.0394048 0.0297284 -0.0215745 -0.890185 -0.455089 -89.5968 -110.993 615.179 
0.0405804 0.451798 -0.891197 0.999041 -0.0330384 0.0287411 -0.0164582 -0.891508 -0.452705 -89.9332 -110.585 614.964 
0.0363689 0.449112 -0.892735 0.999326 -0.0208391 0.0302268 -0.00502831 -0.893233 -0.449566 -89.7633 -110.745 614.683 
0.03279 0.444519 -0.895169 0.99934 -0.0286067 0.0223995 -0.0156505 -0.895313 -0.445163 -89.5581 -110.565 615.437 
0.0390256 0.449176 -0.89259 0.999105 -0.0320975 0.0275293 -0.0162841 -0.892867 -0.450027 -89.8841 -110.565 615.139 
0.0363929 0.454646 -0.889928 0.999291 -0.025154 0.0280137 -0.00964858 -0.890317 -0.455239 -89.6886 -110.797 615.075 
0.0357641 0.455067 -0.889739 0.99935 -0.0203043 0.0297843 -0.00451134 -0.890226 -0.455497 -89.3599 -110.667 615.016 
0.0365464 0.45269 -0.890919 0.999275 -0.026075 0.0277412 -0.0106722 -0.891287 -0.453314 -89.16 -110.133 615.041 
0.0286008 0.466696 -0.883955 0.99958 -0.0174445 0.023131 -0.00462467 -0.884246 -0.466998 -88.7917 -111.03 614.124 
RFing.0_0
-0.546612 -0.125744 -0.827891 0.125744 0.965126 -0.229609 0.827891 -0.229609 -0.511738 0.327304 -10.0113 -11.2501 
0.615299 -0.26216 0.743423 -0.678567 0.303821 0.66876 -0.401189 -0.915951 0.00904752 24.3057 -133.813 647.702 
0.59439 -0.26483 0.759319 -0.695329 0.305107 0.650712 -0.404002 -0.914754 -0.00279159 24.4699 -134.392 647.103 
0.58338 -0.269284 0.766259 -0.704506 0.301683 0.642385 -0.404152 -0.914589 -0.013717 25.8387 -135.888 645.975 
0.569798 -0.256322 0.780786 -0.70618 0.33319 0.624735 -0.420284 -0.90735 0.00884149 23.8081 -131.884 647.829 
0.580813 -0.250771 0.774447 -0.69237 0.348153 0.631992 -0.428112 -0.903274 0.0285851 22.2011 -130.116 648.071 
0.577949 -0.244226 0.77867 -0.688848 0.365611 0.625953 -0.437565 -0.898155 0.0430699 21.5591 -129.959 647.653 
0.607441 -0.257638 0.751423 -0.672452 0.336791 0.659075 -0.422876 -0.905646 0.0313315 21.6299 -133.589 644.9 
0.59893 -0.256229 0.758702 -0.674822 0.348615 0.650448 -0.431158 -0.901562 0.0358864 19.5833 -131.598 645.526 
0.615263 -0.266875 0.741774 -0.666127 0.327197 0.670237 -0.421575 -0.906488 0.0235389 20.5763 -134.742 643.306 
0.605631 -0.261629 0.751505 -0.665147 0.351953 0.658565 -0.436794 -0.89871 0.0391313 17.989 -132.202 644.598 
0.605867 -0.256952 0.752927 -0.661542 0.362982 0.656206 -0.441913 -0.895667 0.0499341 16.3513 -131.675 644.794 
0.609728 -0.257077 0.749761 -0.657817 0.363571 0.659616 -0.442163 -0.895393 0.0525701 14.782 -132.124 644.087 
0.618758 -0.248373 0.745284 -0.65018 0.370555 0.663291 -0.440912 -0.894986 0.0677959 12.6005 -130.732 644.836 
0.664091 -0.249765 0.704698 -0.623169 0.335861 0.706299 -0.413089 -0.908193 0.0673966 13.9803 -133.489 643.489 
0.701853 -0.256787 0.664425 -0.589568 0.314066 0.744159 -0.399764 -0.914015 0.0690346 12.9315 -133.455 643.533 
0.708846 -0.250393 0.659423 -0.578303 0.328963 0.746558 -0.403859 -0.910542 0.0883807 10.7712 -131.248 644.996 
0.730191 -0.258357 0.632512 -0.542777 0.342937 0.766673 -0.414987 -0.903131 0.110179 9.67666 -130.02 645.538 
0.747847 -0.249656 0.615139 -0.527575 0.338953 0.778958 -0.402975 -0.907074 0.121773 8.95875 -129.94 645.879 
0.781638 -0.246713 0.572865 -0.482971 0.341786 0.806177 -0.394691 -0.906816 0.147997 7.97251 -128.607 646.441 
0.808421 -0.230224 0.541711 -0.453559 0.342928 0.822608 -0.375152 -0.910713 0.17281 7.81658 -128.408 647.053 
0.832757 -0.207627 0.51323 -0.432308 0.335259 0.837085 -0.345867 -0.918963 0.18943 8.09832 -128.286 647.697 
0.84752 -0.192058 0.494796 -0.420055 0.327145 0.846481 -0.324443 -0.925251 0.196586 8.25711 -128.03 647.816 
0.870863 -0.17911 0.457729 -0.389387 0.316901 0.864842 -0.299957 -0.931393 0.206233 9.0498 -128.016 648.13 
0.886788 -0.164181 0.43203 -0.371977 0.301242 0.878001 -0.274297 -0.939307 0.206065 9.45389 -127.687 648.585 
0.897806 -0.141218 0.417133 -0.367533 0.281552 0.886368 -0.242616 -0.949098 0.200876 10.4445 -128.286 649.263 
0.914526 -0.126455 0.384253 -0.342006 0.265595 0.901383 -0.21604 -0.955755 0.199645 11.3271 -128.386 649.984 
0.921307 -0.11218 0.372302 -0.336328 0.250593 0.907792 -0.195133 -0.961571 0.193144 11.818 -128.238 650.702 
0.928275 -0.089913 0.360859 -0.332137 0.236074 0.913211 -0.167299 -0.967566 0.189278 13.6994 -128.725 651.714 
0.929941 -0.0755744 0.359856 -0.335586 0.225591 0.914598 -0.150301 -0.971286 0.184425 14.6123 -129.042 652.492 
0.939134 -0.0622093 0.33787 -0.318043 0.214443 0.923506 -0.129904 -0.974754 0.181605 16.1525 -129.113 653.267 
0.943008 -0.0487696 0.329175 -0.313292 0.203341 0.927632 -0.112175 -0.977893 0.176473 17.5096 -128.673 654.193 
0.945913 -0.0342227 0.322609 -0.310089 0.196916 0.930091 -0.0953571 -0.979823 0.175653 18.9804 -128.44 655.238 
0.955277 -0.0283144 0.294353 -0.284897 0.178615 0.94177 -0.0792416 -0.983512 0.16256 20.3522 -128.927 655.379 
0.956894 -0.018443 0.289848 -0.283167 0.162617 0.945183 -0.0645663 -0.986517 0.150384 21.4721 -128.957 655.888 
0.960182 -0.0064824 0.279298 -0.274935 0.155594 0.948789 -0.0496078 -0.9878 0.147616 21.424 -128.914 656.772 
0.966935 -0.00287891 0.255006 -0.252247 0.136346 0.958009 -0.0375273 -0.990657 0.131111 22.1045 -129.636 656.863 
0.968572 0.0106569 0.248504 -0.247943 0.120895 0.961201 -0.0197995 -0.992608 0.119737 22.3381 -129.424 657.318 
0.976241 0.020956 0.215669 -0.216685 0.0967009 0.97144 -0.000497968 -0.995093 0.0989437 22.0262 -129.774 657.014 
0.981628 0.0294678 0.188513 -0.190259 0.0766377 0.978738 0.014394 -0.996624 0.0808357 22.2968 -129.856 657.076 
0.983284 0.057858 0.172639 -0.176206 0.0635377 0.9823 0.0458648 -0.996301 0.07267 21.6753 -130.732 657.609 
0.987034 0.0717997 0.143554 -0.147564 0.0540353 0.987575 0.0631506 -0.995954 0.0639291 20.1839 -131.638 657.704 
0.989186 0.0873651 0.117802 -0.122267 0.0476238 0.991354 0.0809995 -0.995037 0.0577901 19.1242 -132.735 657.581 
0.992018 0.0918853 0.0863557 -0.0900886 0.0372721 0.995236 0.0882289 -0.995072 0.0452518 17.8406 -133.298 657.06 
0.991024 0.121474 0.0558185 -0.0596753 0.0283407 0.997815 0.119626 -0.99219 0.0353346 17.0735 -133.292 657.085 
0.989413 0.139027 0.041626 -0.0459234 0.0278422 0.998556 0.137667 -0.989897 0.0339314 16.4351 -133.358 657.061 
0.987098 0.160028 0.00520169 -0.00881025 0.0218457 0.999722 0.15987 -0.986871 0.0229731 15.9353 -133.401 656.904 
0.983704 0.176469 -0.0344183 0.0319183 0.016984 0.999346 0.176938 -0.98416 0.011074 14.6234 -132.491 657.012 
0.978191 0.198545 -0.0610143 0.0582011 0.0199783 0.998104 0.199387 -0.979888 0.00798646 13.1689 -132.111 656.801 
0.970484 0.221979 -0.0942662 0.0921313 0.0199752 0.995546 0.222873 -0.974847 -0.00106622 11.8279 -132.203 656.628 
0.961313 0.246196 -0.123553 0.123457 0.015884 0.992222 0.246243 -0.96909 -0.0151258 10.6208 -132.193 655.973 
0.951263 0.270753 -0.147619 0.147659 0.0203395 0.988829 0.27073 -0.962434 -0.0206314 8.97579 -132.292 655.989 
0.937881 0.299101 -0.175831 0.176943 0.0235877 0.983938 0.298444 -0.95393 -0.0308021 7.69584 -131.883 656.251 
0.92202 0.31815 -0.220587 0.226339 0.0192705 0.973857 0.314084 -0.947844 -0.0542427 6.49497 -130.862 655.699 
0.907609 0.340168 -0.24603 0.252051 0.0271311 0.967333 0.335731 -0.939973 -0.0611158 5.88847 -129.747 655.608 
0.889949 0.362423 -0.276839 0.282718 0.0378914 0.958454 0.357856 -0.931243 -0.0687428 5.05937 -128.878 655.86 
0.872816 0.384051 -0.301159 0.30331 0.0565839 0.95121 0.382354 -0.921576 -0.0671 4.50498 -128.293 656.137 
0.852681 0.404988 -0.330029 0.333844 0.063521 0.940485 0.401849 -0.912113 -0.0810404 3.35297 -127.007 656.16 
0.83148 0.435209 -0.345302 0.353436 0.0651552 0.933186 0.428629 -0.897969 -0.0996436 3.55074 -126.421 656.734 
0.807774 0.455181 -0.37458 0.379325 0.0850415 0.921346 0.451235 -0.886328 -0.103968 3.59434 -124.859 657.144 
0.792612 0.463601 -0.39603 0.398949 0.0968623 0.911842 0.461092 -0.880734 -0.108179 3.42947 -124.082 656.096 
0.776482 0.471159 -0.41843 0.423232 0.102011 0.90026 0.46685 -0.87613 -0.120201 3.29677 -123.439 655.52 
0.758972 0.485408 -0.433981 0.437287 0.113844 0.892087 0.482433 -0.866844 -0.125859 2.90666 -122.821 655.572 
0.727938 0.509355 -0.458981 0.464105 0.126701 0.876671 0.50469 -0.851178 -0.144164 3.20404 -122.628 656.342 
0.715228 0.521222 -0.465592 0.471706 0.131549 0.871887 0.515695 -0.843222 -0.151777 3.12362 -122.559 656.192 
0.687251 0.537652 -0.488484 0.494869 0.145752 0.856656 0.53178 -0.830474 -0.1659 2.55635 -121.642 656.501 
0.661569 0.543828 -0.51631 0.537169 0.136733 0.832317 0.523234 -0.827983 -0.20167 0.806583 -120.748 655.618 
0.635967 0.563255 -0.527531 0.531925 0.175311 0.828445 0.559108 -0.807471 -0.188118 0.905197 -120.187 656.524 
0.612287 0.57159 -0.54625 0.543903 0.196924 0.815714 0.573824 -0.796559 -0.190316 0.615058 -119.907 655.83 
0.598592 0.580702 -0.55179 0.543864 0.211126 0.81218 0.588132 -0.786264 -0.189446 1.39731 -119.887 655.866 
0.581271 0.579385 -0.571347 0.559134 0.225735 0.797755 0.59118 -0.783172 -0.192741 0.936246 -120 655.254 
0.561063 0.585744 -0.584903 0.566354 0.24369 0.78731 0.603698 -0.772994 -0.195014 0.914667 -120.122 654.316 
0.517241 0.602726 -0.607604 0.587956 0.265646 0.764028 0.621907 -0.752432 -0.216974 0.0981992 -119.125 654.515 
0.477679 0.609469 -0.632748 0.599832 0.299973 0.741766 0.64189 -0.73387 -0.222289 -0.814049 -117.973 654.866 
0.44317 0.619079 -0.648338 0.613349 0.318046 0.722945 0.653761 -0.718045 -0.238764 -1.84446 -117.411 654.323 
0.415316 0.621915 -0.663878 0.626783 0.333277 0.704321 0.659283 -0.708624 -0.251392 -3.26566 -117.335 653.432 
0.40008 0.611765 -0.682406 0.638154 0.348471 0.686533 0.657796 -0.710149 -0.250985 -4.31461 -117.282 652.625 
0.366517 0.600645 -0.710556 0.65404 0.376839 0.655914 0.661737 -0.705136 -0.254729 -5.10025 -116.228 652.209 
0.334035 0.600135 -0.726813 0.682044 0.378327 0.625846 0.650566 -0.704774 -0.282945 -6.26012 -116.243 650.454 
0.312206 0.588445 -0.745827 0.709761 0.377363 0.594841 0.631479 -0.715073 -0.299841 -7.32215 -116.331 648.806 
0.277283 0.575289 -0.769517 0.737268 0.386164 0.554357 0.616076 -0.721055 -0.317067 -8.8497 -115.138 647.527 
