Bone001
-1.62921e-07 -1 4.40607e-08 -4.07912e-13 -4.40607e-08 -1 1 -1.62921e-07 -4.00733e-13 -0.0323353 5.78256e-09 -0.13229 
0.0456949 -0.981603 -0.185386 -0.346554 -0.189632 0.918662 -0.936917 0.022268 -0.348843 87.0469 -11.634 447.261 
0.00608135 -0.970658 -0.240389 -0.536009 -0.206106 0.818667 -0.844191 0.123872 -0.521534 86.9802 -11.5401 447.191 
0.146007 -0.973344 -0.176872 -0.601319 -0.229288 0.765404 -0.785556 -0.00539815 -0.618767 87.0742 -11.4855 447.108 
0.156852 -0.972462 -0.172379 -0.563607 -0.231466 0.792951 -0.811015 -0.0272218 -0.584392 86.9348 -11.4745 447.15 
0.183623 -0.968142 -0.170248 -0.579318 -0.246501 0.776935 -0.794149 -0.0440352 -0.606125 86.9054 -11.6354 447.215 
0.208007 -0.963133 -0.17061 -0.632362 -0.265488 0.72776 -0.746225 -0.0434915 -0.664272 87.0768 -11.6535 447.048 
0.272299 -0.9521 -0.139132 -0.692426 -0.294296 0.658739 -0.668132 -0.0830352 -0.739395 86.996 -11.5369 446.975 
0.291364 -0.94895 -0.120834 -0.692584 -0.296389 0.657633 -0.659875 -0.107923 -0.743584 87.0057 -11.5707 446.926 
0.340041 -0.93672 -0.0832304 -0.709053 -0.313517 0.631626 -0.617751 -0.155763 -0.770793 87.0112 -11.5684 446.965 
0.333126 -0.936413 -0.110263 -0.738492 -0.331831 0.586957 -0.586223 -0.114102 -0.802074 87.0357 -11.5983 446.966 
0.351378 -0.932928 -0.0786027 -0.747674 -0.33015 0.576181 -0.563486 -0.143688 -0.813533 86.9016 -11.5328 446.851 
0.367478 -0.928134 -0.0593833 -0.760077 -0.336508 0.555919 -0.535951 -0.159152 -0.829112 86.8994 -11.3901 446.942 
0.391482 -0.920147 -0.00843993 -0.762005 -0.329315 0.557585 -0.515839 -0.211853 -0.830077 87.1075 -11.3202 446.906 
0.383846 -0.923326 -0.0114398 -0.755033 -0.320967 0.571757 -0.53159 -0.210829 -0.820343 87.0911 -11.2815 447.018 
0.415318 -0.909119 0.0318457 -0.776699 -0.336165 0.532665 -0.47355 -0.245959 -0.845727 87.176 -11.2697 446.84 
0.446301 -0.887231 0.116777 -0.76918 -0.313636 0.556772 -0.457359 -0.33831 -0.822416 87.0567 -11.3217 446.947 
0.452025 -0.882822 0.127667 -0.769925 -0.313871 0.555609 -0.450433 -0.349442 -0.821583 86.845 -11.6838 446.953 
0.472312 -0.872731 0.123536 -0.824657 -0.388041 0.411541 -0.311227 -0.296251 -0.90298 87.0334 -11.4864 446.905 
0.487602 -0.865719 0.113024 -0.838223 -0.427995 0.337939 -0.244187 -0.259519 -0.934356 86.98 -11.7131 446.854 
0.522894 -0.838138 0.155259 -0.838283 -0.472624 0.271863 -0.154479 -0.272306 -0.949729 87.1184 -11.3973 446.8 
0.513075 -0.848396 0.1303 -0.836701 -0.460467 0.296483 -0.191536 -0.26114 -0.946107 87.1394 -11.441 446.817 
0.536974 -0.823787 0.181751 -0.83035 -0.478095 0.28626 -0.148923 -0.304631 -0.940756 86.9083 -11.2548 446.839 
0.505268 -0.840387 0.196096 -0.844708 -0.43515 0.311632 -0.17656 -0.323101 -0.929748 87.0601 -11.539 446.91 
0.493173 -0.853924 0.166111 -0.849889 -0.432195 0.301489 -0.185656 -0.289862 -0.938888 86.9793 -11.5276 446.801 
0.481262 -0.875444 0.0445504 -0.854348 -0.457079 0.247324 -0.196155 -0.157089 -0.967908 87.2361 -11.5285 446.871 
0.499027 -0.864964 0.0529955 -0.842362 -0.469812 0.264013 -0.203464 -0.176391 -0.963062 86.9564 -11.5522 446.922 
0.507315 -0.859105 0.0676009 -0.842563 -0.478019 0.248164 -0.180885 -0.182855 -0.966356 87.0536 -11.406 446.866 
0.525874 -0.833424 0.169888 -0.841078 -0.479787 0.249786 -0.126667 -0.274245 -0.953281 86.9289 -11.4114 446.853 
0.526427 -0.829593 0.186146 -0.843827 -0.482995 0.23382 -0.104068 -0.280164 -0.954294 86.938 -11.2403 446.895 
0.527377 -0.825641 0.200478 -0.842372 -0.477328 0.250135 -0.110827 -0.300792 -0.947228 86.914 -11.3721 446.933 
0.536029 -0.823724 0.184803 -0.83207 -0.478537 0.280467 -0.142592 -0.304107 -0.941905 87.0037 -11.6473 446.828 
0.544516 -0.819267 0.179732 -0.830563 -0.49681 0.251685 -0.116904 -0.286324 -0.950974 86.8025 -11.4952 446.84 
0.541966 -0.824854 0.160899 -0.83001 -0.495351 0.25634 -0.131742 -0.272476 -0.9531 86.7878 -11.4193 446.816 
0.541448 -0.820038 0.185399 -0.830134 -0.486552 0.272295 -0.133086 -0.301339 -0.944183 86.9743 -11.4413 446.918 
0.579 -0.79826 0.165952 -0.811253 -0.543724 0.215018 -0.0814077 -0.259124 -0.962407 86.7809 -11.4065 446.911 
0.582187 -0.774215 0.248293 -0.809169 -0.521902 0.269934 -0.0794022 -0.358063 -0.930315 86.8114 -11.371 446.874 
0.555743 -0.815725 0.160447 -0.812872 -0.492704 0.310616 -0.174324 -0.303045 -0.936896 86.8987 -11.4811 446.875 
0.559038 -0.815543 0.149555 -0.789979 -0.469117 0.394794 -0.251812 -0.33885 -0.906516 87.7477 -11.5234 446.899 
0.573394 -0.801295 0.170721 -0.779311 -0.469157 0.415411 -0.252772 -0.371239 -0.893469 87.8004 -11.382 446.951 
0.605272 -0.737366 0.299895 -0.768515 -0.443125 0.461548 -0.207438 -0.509836 -0.834887 87.5785 -11.4231 446.865 
0.607614 -0.740352 0.287547 -0.767412 -0.453977 0.452753 -0.204656 -0.495766 -0.843997 87.8018 -10.7878 446.873 
0.639673 -0.718226 0.273805 -0.746432 -0.495418 0.444299 -0.183459 -0.488583 -0.853012 87.8162 -11.4343 447.196 
0.651744 -0.702506 0.285858 -0.74023 -0.507094 0.441494 -0.165195 -0.499341 -0.85051 87.8359 -11.7984 447.242 
0.661265 -0.681003 0.314586 -0.73488 -0.503895 0.453919 -0.150602 -0.531343 -0.833662 87.3747 -11.139 447.394 
0.654178 -0.714643 0.24766 -0.726995 -0.503807 0.466538 -0.208635 -0.485246 -0.849121 87.2763 -11.505 447.392 
0.666105 -0.689552 0.284295 -0.727187 -0.515651 0.453104 -0.165842 -0.50855 -0.84491 86.6385 -11.2347 447.337 
0.662542 -0.663179 0.348184 -0.737855 -0.49788 0.455725 -0.128873 -0.558847 -0.819195 86.7015 -11.2435 447.403 
0.657418 -0.679627 0.325436 -0.735671 -0.485433 0.472381 -0.163065 -0.549965 -0.819114 86.8125 -11.4426 447.447 
0.646376 -0.62945 0.431266 -0.74968 -0.418678 0.512533 -0.142052 -0.6546 -0.742509 86.4409 -11.6698 447.213 
0.634676 -0.62552 0.453774 -0.757539 -0.387562 0.525291 -0.152714 -0.677141 -0.719832 86.0566 -11.7633 447.314 
0.637568 -0.59601 0.488139 -0.745998 -0.319441 0.584332 -0.192336 -0.736702 -0.648287 86.0255 -11.7759 447.726 
0.578066 -0.680629 0.450092 -0.747291 -0.220053 0.627003 -0.327713 -0.698799 -0.635833 85.8354 -11.5247 447.713 
0.551526 -0.766859 0.328248 -0.759553 -0.299018 0.57764 -0.344816 -0.567905 -0.747385 85.6875 -11.7047 447.621 
0.564553 -0.746023 0.35317 -0.760878 -0.304538 0.572993 -0.319913 -0.592204 -0.73956 85.462 -11.5338 447.824 
0.585851 -0.73032 0.351299 -0.743363 -0.311614 0.591868 -0.322784 -0.607889 -0.725452 85.0813 -11.7533 448.069 
0.588204 -0.704832 0.39652 -0.791151 -0.399892 0.462781 -0.167618 -0.585916 -0.792846 84.7605 -12.0214 448.039 
0.57943 -0.716408 0.388614 -0.788858 -0.373127 0.488344 -0.204851 -0.589522 -0.781344 84.7302 -11.7959 448.016 
0.545339 -0.772005 0.326517 -0.811142 -0.387838 0.437756 -0.211314 -0.503577 -0.837709 84.5114 -11.7154 448.1 
0.58552 -0.738438 0.334478 -0.799421 -0.457503 0.389381 -0.134509 -0.495379 -0.858199 83.979 -12.0448 448.544 
0.563714 -0.771576 0.294782 -0.790998 -0.401544 0.461611 -0.2378 -0.493389 -0.836671 83.6636 -12.2893 448.865 
0.566701 -0.791171 0.229999 -0.775136 -0.417318 0.474353 -0.279311 -0.447096 -0.849758 83.942 -12.179 448.744 
0.59687 -0.765266 0.241071 -0.777258 -0.47696 0.41034 -0.199038 -0.432294 -0.879491 83.7383 -12.5716 448.361 
0.605819 -0.76872 0.205069 -0.777287 -0.516885 0.358687 -0.169733 -0.376696 -0.910653 83.9841 -12.1697 448.092 
0.625905 -0.758207 0.18266 -0.759715 -0.539809 0.362548 -0.176284 -0.36569 -0.913889 83.7803 -12.9839 448.228 
0.610261 -0.789529 0.0650006 -0.767689 -0.569133 0.29452 -0.195538 -0.229634 -0.953432 83.5403 -13.2762 448.188 
0.557346 -0.830046 0.0197124 -0.807248 -0.536179 0.246702 -0.194205 -0.153411 -0.96889 83.5202 -13.5892 447.928 
0.511717 -0.847825 -0.139063 -0.790774 -0.528059 0.309565 -0.33589 -0.0484421 -0.940654 83.3557 -13.8536 447.294 
0.49487 -0.85826 -0.135988 -0.771054 -0.505866 0.386751 -0.400724 -0.0865369 -0.912102 83.2583 -14.0157 446.821 
0.486569 -0.851929 -0.193565 -0.809892 -0.522937 0.265731 -0.327606 0.027471 -0.944415 82.6549 -14.42 446.542 
0.480697 -0.855278 -0.193466 -0.813388 -0.51733 0.266027 -0.327613 0.0294844 -0.944351 82.3396 -14.9367 446.024 
0.47782 -0.849614 -0.223257 -0.797167 -0.526143 0.296142 -0.369071 0.0364708 -0.928685 82.1483 -15.3419 445.718 
0.483481 -0.860247 -0.16193 -0.793821 -0.508842 0.333061 -0.368911 -0.0324844 -0.928896 82.0653 -15.5385 445.433 
0.527403 -0.844572 -0.0924327 -0.829624 -0.535398 0.158349 -0.183225 -0.00682863 -0.983047 82.1075 -15.5916 445.785 
0.530268 -0.838731 -0.123875 -0.834456 -0.542152 0.0987664 -0.149997 0.050996 -0.98737 81.3541 -16.3926 445.151 
0.539493 -0.823336 -0.176254 -0.825767 -0.55827 0.0802749 -0.16449 0.102238 -0.981066 80.368 -17.6773 445.056 
0.52754 -0.838507 -0.136405 -0.832111 -0.542368 0.115886 -0.171152 0.0523704 -0.983851 80.1303 -18.4163 445.243 
0.53291 -0.840756 -0.0955796 -0.833132 -0.541094 0.114494 -0.147979 0.0186161 -0.988815 79.8847 -19.0898 445.269 
0.548468 -0.834069 -0.0592567 -0.811228 -0.547949 0.20411 -0.202712 -0.0638767 -0.977152 79.3979 -20.1486 444.946 
0.584211 -0.808287 -0.0732744 -0.784469 -0.585523 0.204379 -0.2081 -0.0619182 -0.976145 78.5435 -21.2544 444.516 
0.558622 -0.823822 -0.096216 -0.794855 -0.564868 0.221655 -0.236953 -0.0473429 -0.970366 77.8838 -22.4849 444.196 
0.586608 -0.802465 -0.109278 -0.786242 -0.596641 0.160759 -0.194203 -0.00838277 -0.980925 77.4721 -23.025 443.927 
0.563618 -0.825473 0.0304959 -0.764934 -0.507636 0.396462 -0.311788 -0.24678 -0.917544 76.9084 -24.3818 444.023 
0.566421 -0.816742 0.109995 -0.763679 -0.470016 0.442582 -0.309776 -0.334689 -0.889956 75.8705 -25.7321 442.903 
0.606785 -0.746684 0.272535 -0.770282 -0.467761 0.433434 -0.196157 -0.47293 -0.858987 72.9477 -26.9836 442.584 
0.625971 -0.700687 0.342343 -0.769363 -0.483133 0.417927 -0.127439 -0.524996 -0.841509 71.665 -27.5649 442.362 
0.659764 -0.61734 0.428489 -0.744158 -0.457362 0.486876 -0.104593 -0.640087 -0.761149 69.4583 -28.6847 441.636 
0.668227 -0.606531 0.430804 -0.723191 -0.393719 0.567434 -0.174551 -0.690728 -0.701731 67.421 -29.7062 441.537 
0.686937 -0.521695 0.505916 -0.723157 -0.421902 0.546848 -0.0718415 -0.741507 -0.667087 65.3479 -30.6634 441.482 
0.697099 -0.571111 0.433458 -0.712176 -0.481726 0.510633 -0.08282 -0.664659 -0.742541 63.2556 -30.992 441.538 
0.673394 -0.561616 0.480757 -0.737878 -0.470502 0.483906 -0.0455721 -0.680599 -0.731236 60.8166 -31.6746 441.469 
0.688446 -0.586071 0.427273 -0.72345 -0.51299 0.46202 -0.0515893 -0.627186 -0.777158 58.2951 -31.8809 441.898 
0.721355 -0.595071 0.354311 -0.68869 -0.562299 0.45774 -0.0731593 -0.574204 -0.815437 55.3005 -33.0518 441.973 
0.72882 -0.518469 0.447226 -0.684692 -0.555941 0.471304 0.00427436 -0.649708 -0.760172 52.2889 -33.6627 442.171 
0.66454 -0.561424 0.493142 -0.746223 -0.463961 0.47738 -0.0392139 -0.685232 -0.727268 49.9633 -33.6362 442.291 
0.632964 -0.301425 0.713091 -0.752679 -0.455175 0.4757 0.181194 -0.83783 -0.514985 46.69 -34.7557 442.219 
0.620367 -0.183287 0.762595 -0.754724 -0.404051 0.516852 0.213395 -0.896186 -0.38899 43.3391 -35.3745 442.33 
0.519754 0.0214997 0.854045 -0.806877 -0.316137 0.499007 0.280724 -0.94847 -0.146965 39.683 -35.1846 442.682 
0.340317 0.188451 0.921233 -0.896036 -0.232094 0.378487 0.285138 -0.954264 0.0898737 35.3923 -35.0256 443.311 
0.231528 0.281721 0.931143 -0.959713 -0.0904962 0.266011 0.159206 -0.955219 0.249419 32.291 -34.8021 443.615 
0.0917337 0.544961 0.833427 -0.991426 -0.0282347 0.127586 0.0930608 -0.837986 0.537699 27.7102 -34.2182 444.596 
0.0356631 0.687848 0.724978 -0.99933 0.0305604 0.0201638 -0.00828633 -0.725212 0.688477 23.1511 -32.9361 445.706 
0.0358013 0.720613 0.692411 -0.999358 0.0269066 0.0236695 -0.00157422 -0.692815 0.721114 20.1114 -32.6366 445.659 
-0.0487984 0.737922 0.673119 -0.997099 -0.0754092 0.0103835 0.0584212 -0.67066 0.739461 16.2483 -31.3805 446.548 
-0.118185 0.754732 0.6453 -0.992932 -0.0969353 -0.0684787 0.0108688 -0.648833 0.760854 12.1266 -30.5841 447.22 
-0.198808 0.881519 0.428251 -0.975453 -0.135767 -0.173372 -0.0946894 -0.452207 0.886872 9.82035 -29.8056 447.57 
-0.164894 0.919154 0.357724 -0.980837 -0.114655 -0.15752 -0.103771 -0.376843 0.920446 5.93634 -28.7963 447.901 
-0.202173 0.911267 0.358773 -0.978883 -0.176716 -0.102763 -0.030244 -0.371973 0.927751 2.79329 -27.1369 448.191 
-0.192134 0.96452 0.181069 -0.977167 -0.170971 -0.126149 -0.090716 -0.201173 0.975346 0.213741 -25.6565 448.235 
-0.2844 0.958423 0.0232928 -0.956319 -0.281896 -0.0773875 -0.0676041 -0.044285 0.996729 -2.96176 -24.1029 448.723 
-0.339878 0.939985 -0.0301854 -0.939468 -0.337861 0.0570092 0.0433891 0.0477339 0.997917 -5.7245 -22.6478 448.289 
-0.370901 0.923723 -0.0957497 -0.927903 -0.372815 -0.00228129 -0.0378045 0.0879997 0.995402 -9.08706 -21.1177 448.107 
-0.359834 0.913102 -0.191739 -0.920374 -0.381098 -0.0876171 -0.153075 0.144944 0.977527 -11.4086 -19.2416 448.424 
-0.379202 0.83343 -0.401996 -0.920252 -0.385058 0.0697597 -0.096652 0.39639 0.91298 -14.8364 -17.8894 447.956 
-0.402524 0.818741 -0.409435 -0.913188 -0.390282 0.117335 -0.0637281 0.421121 0.904762 -16.7071 -16.3869 447.829 
-0.38967 0.800428 -0.455491 -0.920924 -0.34269 0.185643 -0.00749878 0.491812 0.870669 -18.8003 -14.665 447.779 
-0.414516 0.769133 -0.486427 -0.909694 -0.36499 0.198091 -0.025183 0.524611 0.850969 -20.9463 -12.7244 447.562 
-0.407089 0.736372 -0.540402 -0.913329 -0.334921 0.231643 -0.010417 0.587864 0.808892 -23.2743 -10.7627 447.787 
-0.446365 0.666591 -0.597005 -0.893542 -0.368094 0.25708 -0.0483866 0.6482 0.75993 -25.438 -7.75975 447.887 
-0.443132 0.595977 -0.669661 -0.893846 -0.350705 0.279366 -0.0683576 0.72237 0.688119 -27.4631 -5.1324 447.712 
-0.469979 0.48535 -0.737262 -0.872762 -0.380362 0.305959 -0.13193 0.787248 0.602357 -31.1078 -2.81511 447.726 
-0.512012 0.49437 -0.702454 -0.854804 -0.373772 0.360007 -0.0845806 0.784788 0.613965 -33.7834 -0.0753366 448.486 
-0.55387 0.389374 -0.735945 -0.832084 -0.290076 0.47275 -0.0294035 0.87421 0.484656 -36.206 3.20947 448.77 
-0.551955 0.281783 -0.78482 -0.832829 -0.233375 0.501928 -0.0417226 0.930663 0.363489 -37.9042 6.09334 449.524 
-0.53823 0.265044 -0.800037 -0.841437 -0.222915 0.492233 -0.0478768 0.938116 0.342997 -39.6752 8.60009 450.295 
-0.557693 0.137459 -0.818586 -0.830047 -0.0924765 0.549973 -0.000101011 0.986181 0.16567 -41.2921 10.3074 450.177 
-0.575351 0.0805345 -0.813932 -0.817192 -0.0150099 0.57617 0.0341848 0.996639 0.0744475 -43.1881 13.4363 451.092 
-0.544105 -0.0251776 -0.838639 -0.835996 -0.068481 0.544446 -0.0711385 0.997335 0.016212 -44.7746 16.9538 452.164 
-0.521508 -0.0926737 -0.848198 -0.85208 0.00460444 0.523392 -0.0445989 0.995686 -0.0813671 -45.9308 19.0468 452.219 
-0.515546 -0.163315 -0.841154 -0.853338 0.00891877 0.521282 -0.0776307 0.986534 -0.143961 -46.5048 20.4581 452.778 
-0.532251 -0.197431 -0.823243 -0.843969 0.0473333 0.534299 -0.06652 0.979173 -0.191819 -47.0105 21.3693 453.232 
-0.504261 -0.279412 -0.817098 -0.837521 -0.0723258 0.541597 -0.210426 0.957443 -0.197543 -47.4395 23.5378 453.708 
-0.510358 -0.275369 -0.814681 -0.853295 0.0444202 0.519533 -0.106875 0.960312 -0.257641 -47.9801 24.2927 454.05 
-0.494109 -0.27562 -0.824554 -0.8658 0.069774 0.495502 -0.0790377 0.958731 -0.273108 -48.8998 25.0928 454.249 
-0.474518 -0.309938 -0.823875 -0.878998 0.117016 0.462245 -0.0468603 0.943529 -0.327961 -49.3894 25.5882 454.531 
-0.460718 -0.302358 -0.834456 -0.886028 0.101712 0.452337 -0.0518935 0.947752 -0.314759 -49.531 25.7773 454.438 
-0.456305 -0.351936 -0.817268 -0.887288 0.110664 0.447743 -0.0671341 0.929459 -0.362765 -49.7324 26.4176 454.986 
-0.460494 -0.445398 -0.767831 -0.885588 0.171416 0.431683 -0.0606519 0.87877 -0.473375 -49.9376 26.6416 454.649 
-0.461843 -0.431571 -0.774885 -0.886465 0.195345 0.419548 -0.0296942 0.880674 -0.472792 -50.0215 27.4226 454.371 
-0.461391 -0.351008 -0.814807 -0.886209 0.139012 0.441937 -0.0418551 0.925996 -0.375206 -50.0814 27.5899 454.546 
-0.443214 -0.364864 -0.818801 -0.89615 0.158084 0.414639 -0.0218472 0.917542 -0.397038 -50.2933 27.606 454.563 
-0.44677 -0.38594 -0.807122 -0.894298 0.167378 0.414989 -0.0250656 0.907213 -0.419925 -50.4375 27.6832 454.032 
-0.444977 -0.431028 -0.78499 -0.895272 0.192582 0.401746 -0.0219887 0.881548 -0.471582 -50.444 28.1307 453.884 
-0.448737 -0.346449 -0.823777 -0.893503 0.156403 0.420941 -0.0169933 0.924939 -0.379737 -50.4267 28.747 454.358 
-0.485795 -0.366976 -0.793304 -0.872938 0.157457 0.461721 -0.0445288 0.916807 -0.396839 -50.235 28.177 453.785 
-0.472393 -0.392324 -0.789257 -0.881297 0.19733 0.429391 -0.012716 0.898411 -0.438972 -50.3817 28.5983 453.831 
-0.475033 -0.42274 -0.771773 -0.878836 0.18344 0.440451 -0.0446222 0.887491 -0.45866 -50.0654 28.374 453.688 
-0.46763 -0.439273 -0.767046 -0.88388 0.22368 0.41076 -0.00886299 0.870061 -0.492864 -49.9603 28.9265 453.427 
-0.451382 -0.40419 -0.79554 -0.890837 0.152545 0.427949 -0.0516169 0.901865 -0.428923 -49.8044 28.7711 453.56 
-0.432241 -0.418459 -0.798786 -0.894344 0.0855736 0.43912 -0.115398 0.904195 -0.411235 -49.7042 28.8472 452.888 
-0.410777 -0.404837 -0.816926 -0.911736 0.182097 0.36821 -0.000304907 0.896073 -0.443906 -49.7558 29.291 452.768 
-0.379424 -0.433964 -0.817136 -0.925175 0.186912 0.330325 0.00938417 0.881328 -0.472412 -49.1754 29.2043 452.646 
-0.406337 -0.371749 -0.834681 -0.913328 0.192111 0.359062 0.0268709 0.908238 -0.417591 -49.314 29.22 452.394 
-0.392249 -0.313757 -0.864694 -0.919733 0.149341 0.363027 0.0152325 0.937685 -0.347152 -49.0771 29.457 452.16 
-0.387486 -0.26742 -0.882236 -0.920343 0.0570485 0.38693 -0.0531425 0.96189 -0.268224 -48.9542 29.4079 452.261 
-0.37415 -0.270641 -0.886997 -0.92696 0.0807671 0.366363 -0.0275123 0.959286 -0.281093 -48.9151 29.4117 451.885 
-0.370847 -0.186518 -0.909771 -0.928417 0.0983812 0.358278 0.0226795 0.977513 -0.209651 -48.7858 29.474 451.499 
-0.376085 -0.219971 -0.900095 -0.925779 0.129706 0.355118 0.0386327 0.966845 -0.252426 -48.9677 29.7566 451.029 
-0.367036 -0.2116 -0.905819 -0.929593 0.118797 0.348918 0.0337775 0.97011 -0.240305 -48.9661 29.4821 451.117 
-0.365078 -0.208812 -0.907257 -0.930288 0.0443345 0.364141 -0.0358139 0.97695 -0.210441 -48.8149 29.3965 451.613 
-0.372174 -0.0588959 -0.926292 -0.927967 0.00311525 0.372649 -0.0190616 0.998259 -0.0558135 -48.7619 29.5434 451.835 
-0.358557 -0.0778693 -0.930254 -0.933379 0.0133236 0.358646 -0.0155329 0.996875 -0.0774594 -48.8303 29.5521 451.922 
-0.365571 -0.0109967 -0.930718 -0.930714 0.0165583 0.365373 0.0113935 0.999802 -0.0162886 -49.0057 29.8156 451.893 
-0.343419 0.0214493 -0.938937 -0.935837 0.0764908 0.344033 0.0791996 0.99684 -0.00619595 -48.9708 29.4236 451.709 
-0.328219 0.0436191 -0.943594 -0.94312 0.0407959 0.32994 0.0528866 0.998215 0.0277474 -48.837 29.2201 451.634 
-0.329063 0.00357298 -0.944301 -0.941053 0.0817191 0.32824 0.0783404 0.996649 -0.023529 -49.125 29.4112 451.631 
-0.33499 0.0191568 -0.942026 -0.94179 0.0234352 0.335383 0.0285016 0.999542 0.0101905 -48.9839 29.5801 451.63 
-0.312518 0.0276643 -0.949509 -0.948442 -0.0646798 0.310282 -0.0528301 0.997523 0.046451 -49.1919 29.1881 451.773 
-0.316441 0.12635 -0.94016 -0.948262 -0.0690779 0.309884 -0.0257903 0.989578 0.141671 -49.1852 29.3447 451.808 
-0.307908 0.140017 -0.941057 -0.95059 -0.0864907 0.298158 -0.0396452 0.986364 0.159729 -49.139 29.2941 451.683 
-0.291736 0.164296 -0.942282 -0.956432 -0.0617269 0.285354 -0.0112815 0.984478 0.175145 -49.6457 29.4329 451.733 
-0.292169 0.16959 -0.94121 -0.956312 -0.0413338 0.28941 0.0101775 0.984648 0.174257 -49.6259 29.3641 451.717 
-0.288424 0.178361 -0.940743 -0.957326 -0.0348164 0.286907 0.0184199 0.983349 0.180791 -49.5483 29.6599 451.746 
-0.294641 0.25418 -0.921183 -0.955597 -0.073666 0.285322 0.00466326 0.964347 0.264598 -49.4307 29.6371 451.579 
-0.301716 0.28723 -0.909102 -0.952487 -0.132492 0.274254 -0.0416744 0.948654 0.313557 -49.1566 29.5046 451.777 
-0.301581 0.290365 -0.90815 -0.953342 -0.0781177 0.291612 0.0137316 0.953722 0.300376 -49.197 29.4933 451.799 
-0.31171 0.323074 -0.893566 -0.946468 -0.0225606 0.322008 0.0838733 0.946105 0.312811 -49.1309 29.491 451.797 
-0.318915 0.391213 -0.863276 -0.946534 -0.0847176 0.311281 0.0486426 0.916393 0.397313 -49.2876 29.4771 451.766 
-0.328328 0.446014 -0.83263 -0.942218 -0.0925555 0.321962 0.0665352 0.890228 0.45063 -49.2529 29.5492 451.844 
-0.296058 0.456088 -0.839246 -0.954534 -0.109211 0.277378 0.0348536 0.883208 0.467683 -49.3706 29.4107 451.664 
-0.297587 0.454313 -0.839668 -0.954603 -0.129378 0.26832 0.0132669 0.881397 0.472189 -49.2973 29.3356 451.567 
-0.262751 0.478935 -0.837606 -0.964838 -0.124147 0.231677 0.0069719 0.869028 0.494714 -49.2854 29.432 451.577 
-0.265681 0.523522 -0.80953 -0.963843 -0.126374 0.234601 0.0205154 0.842588 0.538167 -49.397 29.2442 451.774 
-0.283366 0.501986 -0.817138 -0.955962 -0.0799521 0.282391 0.0764246 0.861172 0.502534 -49.3778 29.5986 451.626 
-0.276165 0.526905 -0.803806 -0.958185 -0.0857353 0.273005 0.074933 0.845589 0.528549 -49.2574 29.6368 451.798 
-0.259762 0.537484 -0.802268 -0.965481 -0.128004 0.226851 0.0192352 0.833502 0.552181 -49.482 29.3724 451.703 
-0.245999 0.577714 -0.778287 -0.968705 -0.119127 0.217759 0.0330874 0.807499 0.588939 -49.1997 29.3533 451.713 
-0.227138 0.581968 -0.780847 -0.973445 -0.159163 0.164538 -0.0285266 0.797484 0.602665 -49.4887 29.5669 451.752 
-0.213422 0.609942 -0.763166 -0.976564 -0.155423 0.148882 -0.0278041 0.777055 0.628817 -49.3254 29.5557 451.669 
-0.208097 0.461975 -0.862134 -0.978084 -0.092051 0.186759 0.00691797 0.882103 0.471005 -49.5967 29.4817 451.513 
-0.168726 0.470556 -0.866088 -0.983638 -0.136676 0.117369 -0.0631446 0.871721 0.485917 -49.6524 29.2397 451.628 
-0.168192 0.439032 -0.882588 -0.984675 -0.116717 0.129587 -0.0461201 0.890858 0.451934 -49.5193 29.4341 451.659 
-0.177128 0.46939 -0.865043 -0.983585 -0.115191 0.138897 -0.0344483 0.875445 0.482087 -49.6475 29.4486 451.901 
-0.17073 0.445652 -0.878775 -0.982316 -0.146549 0.116528 -0.0768525 0.88313 0.46279 -49.7134 29.3592 451.624 
-0.166137 0.480392 -0.861175 -0.986089 -0.0855457 0.142516 -0.00520614 0.872872 0.487921 -49.4357 29.4104 451.68 
-0.173021 0.46842 -0.866399 -0.984771 -0.0670828 0.160392 0.0170105 0.880956 0.472892 -49.4771 29.6239 451.664 
-0.161046 0.493841 -0.854509 -0.986591 -0.0572863 0.152832 0.0265231 0.867663 0.496444 -49.44 29.3625 451.591 
-0.136722 0.500211 -0.855042 -0.990528 -0.0800827 0.111537 -0.0126819 0.862193 0.506421 -49.3755 29.3452 451.711 
-0.144924 0.528387 -0.836543 -0.989427 -0.0820889 0.119561 -0.00549632 0.845026 0.534697 -49.5992 29.5178 451.524 
-0.114311 0.624779 -0.772388 -0.99291 -0.0973756 0.0681815 -0.0326134 0.774706 0.63148 -49.574 29.317 451.586 
-0.104398 0.615947 -0.78084 -0.992641 -0.11298 0.0435938 -0.061368 0.779644 0.623208 -49.4716 29.3865 451.735 
-0.0977179 0.666591 -0.738991 -0.98953 -0.144327 0.000661055 -0.106215 0.731318 0.673714 -49.4998 29.3667 451.567 
-0.103166 0.701466 -0.705197 -0.985721 -0.166961 -0.0218717 -0.133083 0.69287 0.708674 -49.4258 29.3958 451.625 
-0.0998916 0.631752 -0.768708 -0.992099 -0.122177 0.028512 -0.0759057 0.765482 0.638964 -49.5243 29.3012 451.636 
-0.0984343 0.642715 -0.759756 -0.993711 -0.0225247 0.109691 0.053387 0.765774 0.640889 -49.5398 29.4114 451.481 
-0.094837 0.693077 -0.714598 -0.995256 -0.0503613 0.0832402 0.0217037 0.719102 0.694565 -49.5648 29.3672 451.628 
-0.110143 0.727022 -0.677722 -0.993055 -0.0521306 0.105469 0.041348 0.684632 0.727714 -49.3406 29.5137 451.623 
-0.0857971 0.703508 -0.705489 -0.99619 -0.0494737 0.0718161 0.01562 0.708963 0.705072 -49.381 29.3152 451.69 
-0.0770627 0.708567 -0.701424 -0.996843 -0.0682387 0.0405863 -0.0191061 0.702337 0.711588 -49.5159 29.2951 451.733 
-0.0617333 0.720195 -0.69102 -0.983834 -0.160519 -0.0794032 -0.168108 0.674947 0.718461 -49.3281 29.4505 451.652 
