Lower Arm R
-0.0148834 -0.327094 -0.944875 0.327094 0.891393 -0.313732 0.944875 -0.313732 0.0937236 43.3573 -12.3442 -85.718 
-0.586932 -0.324062 -0.741953 0.779894 -0.472395 -0.410619 -0.217429 -0.81965 0.529998 126.658 -196.251 458.652 
-0.591901 -0.324375 -0.737858 0.777483 -0.471175 -0.416551 -0.212541 -0.820229 0.531085 127.134 -195.29 458.388 
-0.588569 -0.326143 -0.739742 0.779351 -0.472167 -0.411911 -0.21494 -0.818956 0.532083 126.924 -194.843 458.465 
-0.590784 -0.323246 -0.739247 0.77644 -0.476873 -0.411988 -0.219353 -0.817376 0.53271 126.934 -193.889 458.498 
-0.590844 -0.331852 -0.735376 0.77606 -0.482927 -0.405602 -0.220533 -0.810343 0.542871 126.732 -193.745 458.459 
-0.589692 -0.335493 -0.734648 0.775117 -0.490594 -0.398136 -0.226841 -0.804215 0.549346 126.778 -193.271 458.433 
-0.589996 -0.335949 -0.734195 0.773928 -0.494442 -0.395681 -0.230088 -0.801664 0.55172 126.71 -193.03 458.313 
-0.590977 -0.333436 -0.734552 0.772558 -0.496004 -0.396402 -0.232166 -0.801748 0.550726 126.834 -192.269 458.03 
-0.595668 -0.328917 -0.732799 0.766719 -0.50477 -0.396673 -0.239423 -0.798136 0.552862 127.383 -191.489 458.036 
-0.598191 -0.327527 -0.731364 0.76309 -0.511467 -0.39509 -0.244666 -0.794435 0.555888 127.426 -190.859 458.231 
-0.600686 -0.328496 -0.728881 0.759833 -0.518126 -0.392682 -0.248657 -0.789706 0.560833 127.019 -189.492 458.191 
-0.602255 -0.336423 -0.723954 0.754268 -0.536838 -0.378002 -0.261477 -0.773708 0.577067 126.522 -188.119 458.598 
-0.605807 -0.340318 -0.719153 0.748891 -0.549101 -0.371013 -0.268625 -0.763329 0.587511 126.247 -186.228 458.841 
-0.584805 -0.360307 -0.726762 0.763428 -0.547314 -0.342967 -0.274193 -0.755398 0.59514 125.327 -187.131 459.692 
-0.600262 -0.362734 -0.712819 0.754259 -0.553194 -0.353653 -0.266045 -0.749933 0.605657 125.972 -182.737 458.566 
-0.602781 -0.369185 -0.70736 0.75091 -0.562232 -0.346453 -0.269795 -0.739998 0.616127 125.189 -180.367 458.659 
-0.603759 -0.371492 -0.705315 0.751663 -0.559953 -0.348505 -0.265476 -0.740572 0.617313 124.944 -177.797 458.494 
-0.606942 -0.378592 -0.698778 0.75058 -0.562086 -0.347403 -0.261249 -0.735341 0.625317 124.783 -175.519 458.569 
-0.612871 -0.384997 -0.690049 0.745703 -0.570657 -0.343916 -0.261374 -0.725347 0.636833 124.749 -173.137 458.764 
-0.615531 -0.387677 -0.686169 0.741293 -0.580414 -0.337053 -0.267594 -0.716119 0.644645 124.269 -170.765 459.036 
-0.617188 -0.393947 -0.681092 0.73689 -0.592849 -0.324844 -0.275813 -0.702379 0.656195 123.527 -168.636 459.433 
-0.616186 -0.392736 -0.682696 0.735164 -0.597797 -0.319646 -0.282577 -0.698854 0.65708 123.425 -166.797 459.547 
-0.61846 -0.394028 -0.67989 0.732507 -0.602316 -0.317253 -0.284501 -0.694232 0.661136 123.396 -165.128 459.36 
-0.616523 -0.401814 -0.677086 0.732523 -0.607997 -0.306187 -0.288635 -0.684752 0.669182 123.13 -163.434 459.207 
-0.618115 -0.404101 -0.674268 0.728135 -0.617565 -0.297378 -0.296233 -0.674771 0.675966 122.762 -161.261 458.998 
-0.615705 -0.408504 -0.673819 0.728801 -0.620348 -0.289857 -0.299594 -0.669546 0.67967 122.622 -160.06 458.885 
-0.619563 -0.403443 -0.673332 0.727241 -0.617851 -0.298966 -0.295403 -0.674902 0.676198 122.713 -157.34 457.913 
-0.614415 -0.412524 -0.672546 0.731428 -0.617417 -0.289499 -0.295815 -0.669791 0.681082 122.571 -156.311 457.744 
-0.616988 -0.410436 -0.671468 0.729031 -0.619421 -0.291258 -0.296378 -0.669223 0.681396 122.981 -154.619 457.629 
-0.614822 -0.40986 -0.673803 0.730291 -0.618442 -0.29018 -0.297774 -0.670481 0.679549 123.32 -153.613 457.725 
-0.610928 -0.414378 -0.67458 0.732516 -0.619089 -0.283107 -0.300311 -0.667098 0.681757 123.08 -152.638 458.252 
-0.611122 -0.411215 -0.676337 0.733387 -0.615618 -0.288373 -0.297782 -0.672248 0.677797 123.341 -151.325 458.172 
-0.607938 -0.410336 -0.679732 0.735581 -0.613344 -0.287628 -0.298885 -0.674858 0.674711 123.269 -150.46 458.493 
-0.615837 -0.408233 -0.673863 0.72534 -0.627706 -0.28261 -0.307616 -0.662821 0.682672 125.219 -150.525 459.818 
-0.607734 -0.409197 -0.680601 0.733854 -0.616919 -0.284376 -0.303509 -0.672286 0.675214 123.261 -148.501 459.09 
-0.606635 -0.411261 -0.680337 0.733107 -0.620409 -0.278654 -0.307487 -0.6678 0.67786 122.817 -147.361 459.295 
-0.607693 -0.412048 -0.678916 0.730927 -0.624495 -0.275229 -0.310572 -0.663493 0.680678 122.798 -146.477 459.315 
-0.60698 -0.412668 -0.679177 0.731688 -0.623738 -0.274926 -0.310175 -0.66382 0.68054 122.398 -145.594 459.073 
-0.609261 -0.406862 -0.680636 0.728862 -0.625428 -0.278568 -0.312349 -0.66581 0.677595 122.666 -144.885 459.156 
-0.611361 -0.409642 -0.677075 0.727345 -0.627964 -0.276823 -0.311781 -0.661705 0.681864 122.62 -144.206 459.205 
-0.613531 -0.410782 -0.674417 0.726312 -0.628736 -0.277782 -0.309922 -0.660264 0.684105 122.255 -143.461 459.115 
-0.611565 -0.409715 -0.676847 0.727205 -0.628114 -0.27685 -0.311707 -0.661518 0.68208 121.624 -142.932 459.258 
-0.615396 -0.417278 -0.668706 0.72437 -0.633882 -0.271075 -0.310767 -0.651209 0.692352 121.049 -142.185 459.401 
-0.61361 -0.410199 -0.6747 0.724617 -0.63201 -0.274762 -0.31371 -0.657496 0.685044 121.056 -142.242 459.702 
-0.615755 -0.406855 -0.67477 0.721239 -0.635862 -0.274763 -0.317271 -0.655857 0.684975 121.28 -141.968 460.088 
-0.616402 -0.404674 -0.675491 0.720347 -0.636269 -0.276157 -0.318039 -0.656811 0.683703 121.159 -142.067 460.145 
-0.614871 -0.407217 -0.675358 0.723085 -0.632921 -0.276694 -0.314774 -0.658472 0.683617 120.577 -141.869 459.883 
-0.620689 -0.40573 -0.670917 0.71701 -0.639954 -0.276325 -0.317242 -0.652565 0.688125 121.059 -141.482 460.065 
-0.616132 -0.409887 -0.672588 0.71965 -0.640029 -0.269198 -0.320135 -0.649889 0.689317 120.398 -141.97 460.16 
-0.616714 -0.405122 -0.674937 0.718931 -0.639096 -0.273304 -0.320627 -0.653783 0.685395 120.52 -141.721 459.94 
-0.617592 -0.402689 -0.67559 0.718173 -0.638926 -0.275683 -0.320637 -0.65545 0.683796 120.571 -141.396 459.847 
-0.61591 -0.402995 -0.676942 0.719192 -0.638366 -0.274322 -0.321586 -0.655808 0.683007 120.423 -141.683 459.827 
-0.615199 -0.399861 -0.679443 0.71839 -0.639313 -0.274219 -0.324726 -0.656803 0.68056 120.305 -141.633 459.917 
-0.614823 -0.399185 -0.68018 0.718496 -0.639132 -0.274362 -0.325203 -0.65739 0.679766 120.285 -141.738 459.936 
-0.615679 -0.395577 -0.681512 0.715718 -0.642562 -0.273612 -0.329679 -0.656226 0.678733 120.489 -141.954 460.222 
-0.617045 -0.400972 -0.67711 0.713451 -0.648102 -0.266368 -0.33203 -0.647445 0.685982 120.354 -142.104 460.642 
-0.620308 -0.395451 -0.677375 0.709191 -0.651684 -0.268991 -0.335062 -0.647245 0.684695 120.674 -142.211 460.949 
-0.618843 -0.386525 -0.683836 0.708686 -0.650228 -0.273802 -0.338818 -0.654065 0.676314 120.658 -142.276 461.085 
-0.618279 -0.39173 -0.68138 0.708801 -0.652504 -0.268031 -0.339607 -0.64868 0.681088 120.234 -142.393 461.354 
-0.618404 -0.389574 -0.682502 0.708225 -0.65266 -0.26917 -0.34058 -0.64982 0.679514 119.98 -142.649 461.474 
-0.61568 -0.391252 -0.684003 0.708827 -0.654186 -0.263828 -0.344242 -0.647273 0.680099 119.555 -142.886 461.716 
-0.619004 -0.39489 -0.678893 0.70606 -0.658371 -0.260822 -0.343967 -0.640789 0.68635 119.763 -143.186 461.764 
-0.614172 -0.396809 -0.682155 0.708614 -0.657762 -0.255374 -0.347361 -0.640227 0.685164 118.851 -143.114 461.865 
-0.613366 -0.398972 -0.681619 0.711586 -0.653613 -0.257753 -0.342678 -0.643126 0.684807 118.532 -142.944 461.15 
-0.613411 -0.400373 -0.680756 0.710656 -0.655845 -0.254631 -0.344522 -0.639976 0.68683 118.442 -143 460.996 
-0.615787 -0.393982 -0.682337 0.706045 -0.660306 -0.255922 -0.349723 -0.639354 0.684778 118.862 -143.431 461.187 
-0.613819 -0.393929 -0.68414 0.706693 -0.660444 -0.253769 -0.351868 -0.639245 0.68378 118.876 -144.022 460.987 
-0.622328 -0.387607 -0.680051 0.694423 -0.674319 -0.25114 -0.361227 -0.628534 0.688811 120.642 -145.34 461.75 
-0.616448 -0.382817 -0.688072 0.700129 -0.666346 -0.25652 -0.360293 -0.63987 0.678789 119.142 -145.426 460.956 
-0.617219 -0.382875 -0.687348 0.700182 -0.66576 -0.257894 -0.358867 -0.640446 0.679002 118.44 -145.357 460.352 
-0.619404 -0.387462 -0.682798 0.698022 -0.669856 -0.253096 -0.359311 -0.633376 0.685369 117.82 -145.444 460.203 
-0.619093 -0.386789 -0.683461 0.698293 -0.669333 -0.253734 -0.359321 -0.63434 0.684471 117.731 -146.175 460.082 
-0.618952 -0.388717 -0.682494 0.697584 -0.671381 -0.25025 -0.360937 -0.630989 0.686715 117.448 -147.018 460.298 
-0.624173 -0.392849 -0.675335 0.694816 -0.67438 -0.249885 -0.357265 -0.625205 0.693888 117.224 -147.361 460.027 
-0.626468 -0.388591 -0.675674 0.693877 -0.672925 -0.256335 -0.355068 -0.62942 0.6912 116.942 -147.751 459.679 
-0.628267 -0.387676 -0.674529 0.690804 -0.676791 -0.254449 -0.357871 -0.625828 0.693013 117.035 -148.675 460.062 
-0.625168 -0.384169 -0.679397 0.691559 -0.676186 -0.254006 -0.361817 -0.628639 0.688405 116.432 -149.426 460.228 
-0.625525 -0.385588 -0.678263 0.691652 -0.676322 -0.253388 -0.361021 -0.627623 0.689749 116.091 -150.207 460.072 
-0.625369 -0.379592 -0.68178 0.690341 -0.676453 -0.256595 -0.36379 -0.631127 0.685081 115.61 -151.147 460.105 
-0.627766 -0.386316 -0.675774 0.68616 -0.684569 -0.24607 -0.367553 -0.618163 0.694823 114.934 -152.302 460.483 
-0.628338 -0.391061 -0.672505 0.685456 -0.687115 -0.240881 -0.367889 -0.612326 0.699796 114.121 -154.064 460.498 
-0.628108 -0.391668 -0.672366 0.6828 -0.691831 -0.234849 -0.373181 -0.606602 0.701976 113.025 -155.228 460.907 
-0.627297 -0.390923 -0.673557 0.681636 -0.693908 -0.232087 -0.376658 -0.604707 0.701754 111.682 -156.034 460.882 
-0.630946 -0.390714 -0.670261 0.676313 -0.700305 -0.228416 -0.380142 -0.597424 0.7061 111.136 -157.085 461.128 
-0.633509 -0.382157 -0.672772 0.676026 -0.696345 -0.241025 -0.376372 -0.607502 0.69949 109.871 -157.516 460.411 
-0.638211 -0.377805 -0.670784 0.668862 -0.703534 -0.240132 -0.381196 -0.601916 0.701703 108.957 -158.142 460.717 
-0.638049 -0.379604 -0.669921 0.669213 -0.703714 -0.238622 -0.380851 -0.600572 0.70304 107.131 -159.178 460.657 
-0.639774 -0.381097 -0.667424 0.666145 -0.708085 -0.234234 -0.383327 -0.594458 0.706881 105.61 -160.482 461.162 
-0.644904 -0.398192 -0.652337 0.671564 -0.7027 -0.234978 -0.36483 -0.589624 0.720585 101.903 -159.57 459.71 
-0.645288 -0.391241 -0.656152 0.663866 -0.712175 -0.228228 -0.378002 -0.582869 0.71929 100.909 -161.153 460.925 
-0.651138 -0.37794 -0.658165 0.657723 -0.713712 -0.240864 -0.378708 -0.589726 0.713305 99.8915 -161.603 461.178 
-0.651321 -0.399405 -0.64518 0.673304 -0.696296 -0.248665 -0.349918 -0.596362 0.722433 94.9316 -160.058 458.778 
-0.656503 -0.387649 -0.647096 0.659374 -0.711569 -0.242686 -0.366376 -0.586002 0.722752 94.4594 -161.675 460.384 
-0.658749 -0.378725 -0.65009 0.653316 -0.716479 -0.244615 -0.373134 -0.585854 0.719407 92.3972 -162.606 461.046 
-0.6589 -0.403188 -0.635052 0.670847 -0.696891 -0.253589 -0.340317 -0.593112 0.729659 86.718 -161.05 458.429 
-0.659689 -0.391538 -0.64149 0.655539 -0.717212 -0.23638 -0.367532 -0.576458 0.729806 85.5462 -163.165 460.885 
-0.658002 -0.409011 -0.632253 0.672006 -0.697798 -0.247962 -0.339766 -0.588037 0.734011 80.3818 -161.797 458.774 
-0.667612 -0.387851 -0.635504 0.653376 -0.714436 -0.250363 -0.356923 -0.582368 0.730379 80.107 -163.188 460.684 
-0.668347 -0.372471 -0.643877 0.646042 -0.719712 -0.254254 -0.368704 -0.585901 0.721649 77.8977 -164.055 462.164 
-0.675286 -0.357549 -0.645096 0.63585 -0.725427 -0.263533 -0.373744 -0.588144 0.717219 75.1928 -163.134 462.991 
-0.682609 -0.341651 -0.646003 0.631159 -0.721197 -0.285505 -0.368352 -0.602618 0.707932 72.4687 -161.607 462.674 
-0.682187 -0.345721 -0.644281 0.631241 -0.723151 -0.280336 -0.368994 -0.597938 0.711557 68.6687 -161.614 463.457 
-0.685916 -0.34373 -0.641381 0.630893 -0.720131 -0.288767 -0.36262 -0.602712 0.710806 65.0274 -160.501 463.188 
-0.695858 -0.344628 -0.63009 0.622548 -0.726882 -0.28996 -0.358072 -0.594032 0.720355 62.7818 -159.199 463.511 
-0.701886 -0.349883 -0.620434 0.612269 -0.741464 -0.274513 -0.363982 -0.572549 0.734646 61.4024 -158.903 464.766 
-0.704049 -0.339634 -0.62367 0.61434 -0.731828 -0.294982 -0.356233 -0.590827 0.723894 58.1153 -157.414 464.051 
-0.707693 -0.339771 -0.619456 0.612186 -0.732587 -0.297565 -0.352701 -0.589807 0.72645 55.0271 -155.568 463.804 
-0.707425 -0.344644 -0.617066 0.615893 -0.728895 -0.298977 -0.346735 -0.59155 0.727903 51.362 -153.905 463.275 
-0.707491 -0.344551 -0.617043 0.61618 -0.728305 -0.299824 -0.34609 -0.592332 0.727575 48.2652 -152.211 463.02 
-0.710969 -0.382091 -0.590364 0.632066 -0.715197 -0.298306 -0.308246 -0.585235 0.74999 41.5433 -147.958 459.839 
-0.708873 -0.371309 -0.59969 0.619379 -0.734454 -0.277395 -0.337445 -0.568073 0.750616 41.2531 -148.391 462.227 
-0.708446 -0.363686 -0.604845 0.616896 -0.735415 -0.280365 -0.342847 -0.57175 0.745358 39.0947 -147.069 462.337 
-0.709154 -0.391377 -0.586451 0.634271 -0.717374 -0.288229 -0.307898 -0.576366 0.756968 33.3012 -143.425 459.094 
-0.708589 -0.384821 -0.591451 0.621703 -0.736934 -0.265355 -0.333747 -0.555734 0.761428 33.2668 -143.933 461.154 
-0.706428 -0.378146 -0.598302 0.622761 -0.733785 -0.271531 -0.336347 -0.564416 0.753861 31.2337 -142.555 460.779 
-0.705176 -0.371032 -0.604204 0.619907 -0.736252 -0.271382 -0.344155 -0.565922 0.749193 29.9888 -141.278 460.915 
-0.711093 -0.370475 -0.597574 0.610614 -0.746754 -0.263648 -0.348566 -0.552365 0.757229 28.9085 -139.516 461.229 
-0.703368 -0.364854 -0.610045 0.618757 -0.736689 -0.272816 -0.349876 -0.569359 0.74392 26.487 -137.577 460.69 
-0.702463 -0.362498 -0.612487 0.619047 -0.735822 -0.274493 -0.351178 -0.571979 0.741292 24.5426 -135.322 460.454 
-0.703893 -0.357055 -0.614041 0.618011 -0.73399 -0.281641 -0.350139 -0.577729 0.737315 21.8763 -132.033 459.947 
-0.704195 -0.35829 -0.612974 0.621091 -0.729178 -0.287307 -0.344028 -0.583033 0.736015 19.2279 -129.137 459.56 
-0.70393 -0.355347 -0.614989 0.621817 -0.726767 -0.291811 -0.343259 -0.587825 0.732554 16.7045 -126.175 459.614 
-0.704363 -0.392345 -0.591556 0.644718 -0.70229 -0.301874 -0.297005 -0.594015 0.747619 9.90445 -119.962 455.934 
-0.710374 -0.388866 -0.586645 0.625468 -0.730993 -0.272836 -0.322737 -0.560743 0.762502 10.6916 -119.954 459.031 
-0.708618 -0.420253 -0.566788 0.645946 -0.709612 -0.281432 -0.283927 -0.565542 0.774305 4.81588 -115.209 456.18 
-0.709877 -0.432897 -0.555585 0.644215 -0.71794 -0.26372 -0.284713 -0.545125 0.788529 3.02301 -113.006 456.947 
-0.705394 -0.418169 -0.572324 0.6337 -0.733793 -0.244894 -0.31756 -0.535427 0.782607 3.78244 -112.232 460.76 
-0.708275 -0.431773 -0.558497 0.644112 -0.71904 -0.260962 -0.288905 -0.544567 0.787388 0.650247 -108.553 458.657 
-0.704863 -0.421985 -0.570173 0.639238 -0.726302 -0.252706 -0.307479 -0.5426 0.781692 1.69441 -108.384 460.425 
-0.703961 -0.411693 -0.578747 0.638178 -0.724288 -0.261027 -0.311716 -0.553096 0.772605 2.0075 -107.379 461.03 
-0.70784 -0.40958 -0.575505 0.635499 -0.724948 -0.265691 -0.308389 -0.553799 0.773436 1.90788 -106.016 461.13 
-0.707116 -0.406611 -0.578493 0.636279 -0.72277 -0.269729 -0.308442 -0.558812 0.7698 1.74803 -105.114 461.422 
-0.71103 -0.406701 -0.573612 0.633356 -0.724782 -0.271203 -0.305445 -0.556134 0.772928 1.16999 -104.408 461.589 
-0.709797 -0.405764 -0.575798 0.63553 -0.721425 -0.275042 -0.303792 -0.561161 0.769941 0.372119 -103.872 461.573 
-0.705399 -0.40761 -0.579886 0.637609 -0.72227 -0.267922 -0.309626 -0.558731 0.769384 -0.122619 -103.859 462.231 
-0.706873 -0.408212 -0.577662 0.638791 -0.719129 -0.273495 -0.303769 -0.562331 0.769095 -0.640661 -103.039 461.846 
-0.704699 -0.400574 -0.585611 0.641699 -0.711961 -0.285192 -0.302691 -0.57676 0.758766 -0.855335 -102.284 461.472 
-0.706449 -0.405358 -0.580185 0.64119 -0.713637 -0.282133 -0.299676 -0.57132 0.76406 -0.819644 -102.252 461.364 
-0.70599 -0.41135 -0.576515 0.6414 -0.716539 -0.274188 -0.300308 -0.56335 0.769709 -1.33042 -101.763 461.481 
-0.705732 -0.410191 -0.577655 0.641679 -0.715692 -0.27574 -0.300317 -0.565268 0.768298 -0.953974 -101.377 461.306 
-0.707609 -0.403816 -0.579847 0.637525 -0.718737 -0.277452 -0.304718 -0.565994 0.766028 -0.550901 -101.044 461.356 
-0.707187 -0.406764 -0.578299 0.637742 -0.720108 -0.273369 -0.305241 -0.562128 0.768661 -0.721915 -100.622 461.345 
-0.707546 -0.411259 -0.57467 0.638882 -0.719814 -0.271474 -0.302009 -0.559226 0.772047 -0.726212 -100.476 461.092 
-0.704065 -0.41154 -0.578729 0.641621 -0.717904 -0.270068 -0.304328 -0.56147 0.769504 -0.852319 -100.021 461.142 
-0.707067 -0.414578 -0.572871 0.640066 -0.719603 -0.269235 -0.300621 -0.557042 0.774165 -1.07988 -99.9058 461.017 
-0.70483 -0.412992 -0.576761 0.641452 -0.718235 -0.269589 -0.302911 -0.559978 0.771148 -0.808886 -99.9649 461.156 
-0.707479 -0.410822 -0.575064 0.637519 -0.72217 -0.268402 -0.305028 -0.556503 0.772828 -0.490948 -99.5482 461.299 
-0.70659 -0.415247 -0.572976 0.637342 -0.725269 -0.260348 -0.307453 -0.549141 0.777121 -1.15605 -99.0098 461.409 
-0.710153 -0.420562 -0.564633 0.634981 -0.729005 -0.255638 -0.304108 -0.540073 0.784755 -1.13952 -98.4937 461.216 
-0.707364 -0.422618 -0.566596 0.638804 -0.725365 -0.256469 -0.3026 -0.54336 0.783067 -1.72492 -97.9719 460.822 
-0.708512 -0.426248 -0.562427 0.638446 -0.726715 -0.253519 -0.300662 -0.5387 0.787022 -1.73112 -98.0332 460.738 
-0.71444 -0.424605 -0.556136 0.631698 -0.733212 -0.25171 -0.300888 -0.531141 0.792058 -0.640038 -97.9522 460.814 
-0.713239 -0.423324 -0.558647 0.631933 -0.733174 -0.251231 -0.303233 -0.532215 0.790441 -0.999581 -97.7169 460.573 
-0.71701 -0.42194 -0.554855 0.628592 -0.735419 -0.253045 -0.301281 -0.530213 0.792531 -1.14395 -97.3246 460.156 
-0.717803 -0.422939 -0.553066 0.630143 -0.732466 -0.257708 -0.296107 -0.533493 0.792279 -0.843995 -97.5695 459.687 
-0.717962 -0.425846 -0.550624 0.630718 -0.732648 -0.255776 -0.294492 -0.530925 0.794603 -0.919424 -98.0365 459.763 
-0.715235 -0.424709 -0.555033 0.631846 -0.732356 -0.253822 -0.298681 -0.532237 0.792157 -1.02857 -98.0994 460.189 
-0.712064 -0.428691 -0.556048 0.635987 -0.729349 -0.252134 -0.297465 -0.533174 0.791985 -1.57779 -98.4537 460.342 
-0.713812 -0.429724 -0.553001 0.634233 -0.731538 -0.250204 -0.297022 -0.52933 0.794725 -1.7069 -98.2885 460.596 
-0.716471 -0.434188 -0.546032 0.632388 -0.734698 -0.245572 -0.294543 -0.521248 0.800965 -1.1367 -98.5226 460.898 
-0.715104 -0.434682 -0.547428 0.63435 -0.732527 -0.246991 -0.293643 -0.523885 0.799574 -1.08399 -98.7736 461.02 
-0.719217 -0.431201 -0.544787 0.629312 -0.736591 -0.247792 -0.294437 -0.521057 0.801129 -0.684764 -99.0384 461.425 
-0.721749 -0.427758 -0.544152 0.628349 -0.734625 -0.255937 -0.290268 -0.526639 0.798997 -0.340607 -99.1622 461.384 
-0.717134 -0.425352 -0.552082 0.63293 -0.729096 -0.260419 -0.291751 -0.536185 0.792078 -0.82494 -99.3776 461.406 
-0.71908 -0.423318 -0.551113 0.628696 -0.734174 -0.256378 -0.296083 -0.530839 0.794069 -0.742663 -99.6186 461.881 
-0.725217 -0.426472 -0.540539 0.623618 -0.739606 -0.253148 -0.291826 -0.520676 0.80233 -0.706325 -99.5382 461.791 
-0.723936 -0.425213 -0.543241 0.626274 -0.735312 -0.259034 -0.289306 -0.527741 0.798619 -1.52319 -99.7683 461.525 
-0.725227 -0.428101 -0.539236 0.625551 -0.736884 -0.256297 -0.287633 -0.523193 0.802208 -1.70641 -100.073 461.449 
-0.728424 -0.423523 -0.538541 0.619913 -0.74213 -0.254856 -0.29173 -0.519491 0.803133 -1.17695 -100.789 461.864 
-0.724032 -0.429349 -0.53985 0.62728 -0.735359 -0.256451 -0.286876 -0.524316 0.801745 -2.38097 -100.931 461.301 
-0.721477 -0.430988 -0.54196 0.630749 -0.731995 -0.257564 -0.285704 -0.527666 0.799963 -2.52393 -101.414 461.074 
-0.715672 -0.430237 -0.55019 0.63478 -0.729246 -0.255449 -0.29132 -0.532067 0.795008 -2.41922 -102.384 461.303 
-0.705311 -0.439842 -0.555946 0.643723 -0.725851 -0.242406 -0.296914 -0.528847 0.795087 -3.41995 -103.304 461.473 
-0.697706 -0.446471 -0.560242 0.653079 -0.71783 -0.241264 -0.29444 -0.534213 0.792415 -3.59383 -104.496 461.01 
-0.688144 -0.448689 -0.570207 0.663831 -0.706564 -0.245145 -0.292894 -0.547215 0.784072 -3.6186 -106.408 460.653 
-0.682405 -0.451476 -0.574886 0.670279 -0.700254 -0.245707 -0.291635 -0.553005 0.780471 -3.4293 -108.259 460.018 
-0.676775 -0.444599 -0.586777 0.676326 -0.69031 -0.257013 -0.29079 -0.570792 0.767879 -3.22749 -111.011 459.384 
-0.667678 -0.444669 -0.597056 0.687385 -0.676189 -0.265086 -0.285847 -0.587399 0.757135 -3.45922 -113.883 458.302 
-0.658541 -0.441557 -0.609387 0.693054 -0.67141 -0.262458 -0.293258 -0.595177 0.748174 -3.56933 -117.222 457.949 
-0.658459 -0.42528 -0.620942 0.690082 -0.67043 -0.272602 -0.300365 -0.607997 0.734929 -2.97722 -120.44 457.167 
-0.650141 -0.422654 -0.631411 0.695692 -0.665251 -0.271023 -0.305497 -0.615471 0.726545 -2.53319 -124.792 456.609 
-0.649182 -0.418181 -0.635364 0.696418 -0.662691 -0.275397 -0.305884 -0.621261 0.721436 -2.27128 -128.013 455.76 
-0.651026 -0.408039 -0.640054 0.695068 -0.659323 -0.28666 -0.305034 -0.631504 0.712852 -1.1028 -131.648 454.846 
-0.646009 -0.404755 -0.647183 0.699976 -0.652303 -0.290749 -0.304477 -0.640839 0.704712 -0.701369 -135.379 454.089 
-0.641729 -0.387986 -0.661552 0.701243 -0.64613 -0.301289 -0.310552 -0.657254 0.686713 0.190999 -138.724 453.767 
-0.636192 -0.376326 -0.673527 0.704424 -0.639419 -0.308108 -0.314717 -0.670465 0.671886 1.69484 -142.651 453.617 
-0.62743 -0.372297 -0.683906 0.711027 -0.631985 -0.308278 -0.317447 -0.679698 0.66124 2.73526 -146.189 453.495 
-0.608654 -0.37186 -0.7009 0.725157 -0.619217 -0.301194 -0.322007 -0.691585 0.646546 3.42888 -150.256 453.666 
-0.594398 -0.354523 -0.721807 0.738302 -0.596353 -0.315077 -0.318749 -0.720192 0.616216 5.23539 -154.047 453.381 
-0.576638 -0.346505 -0.739881 0.753693 -0.575146 -0.318047 -0.315334 -0.74104 0.59281 6.23693 -158.018 453.686 
-0.562945 -0.350058 -0.748701 0.766004 -0.561166 -0.313578 -0.310374 -0.750034 0.584052 6.77559 -161.216 453.862 
-0.551492 -0.330696 -0.765831 0.775838 -0.540643 -0.325241 -0.306485 -0.773528 0.554727 8.30043 -164.646 454.203 
-0.546279 -0.311966 -0.777339 0.784576 -0.515542 -0.344465 -0.29329 -0.798056 0.526391 9.74387 -167.766 454.306 
-0.544282 -0.296995 -0.784571 0.791492 -0.491752 -0.362934 -0.278024 -0.818519 0.502721 11.7046 -171.243 454.803 
-0.543926 -0.277769 -0.791827 0.793985 -0.475714 -0.37853 -0.271539 -0.83459 0.479298 12.9967 -173.45 455.766 
-0.545572 -0.25712 -0.797647 0.795772 -0.457469 -0.396825 -0.262867 -0.851241 0.454191 14.4628 -175.519 456.604 
-0.544281 -0.23697 -0.804738 0.799413 -0.437364 -0.411889 -0.254357 -0.867501 0.427486 16.2243 -178.46 457.835 
-0.544486 -0.221682 -0.808946 0.801091 -0.423257 -0.42321 -0.248573 -0.87847 0.408045 17.6876 -180.49 459.396 
-0.535117 -0.212488 -0.817618 0.80771 -0.412246 -0.421495 -0.247497 -0.885947 0.392228 18.3604 -183.105 461.286 
-0.531718 -0.202574 -0.822338 0.809518 -0.406935 -0.423184 -0.248912 -0.890712 0.380362 19.6869 -185.008 463.243 
-0.52974 -0.19709 -0.824943 0.811775 -0.399641 -0.425804 -0.245759 -0.895233 0.371699 20.5617 -186.852 464.75 
-0.528712 -0.194925 -0.826117 0.812501 -0.397809 -0.426134 -0.245573 -0.896522 0.368703 21.1856 -188.294 466.261 
-0.530599 -0.186912 -0.826758 0.811528 -0.393627 -0.431834 -0.244719 -0.900068 0.360543 22.2868 -189.513 467.674 
-0.528029 -0.189099 -0.827905 0.814465 -0.388834 -0.430645 -0.240483 -0.901693 0.35933 22.5748 -190.591 468.739 
-0.527222 -0.190555 -0.828086 0.815518 -0.387205 -0.430119 -0.238677 -0.902087 0.359544 23.0304 -191.129 469.887 
-0.524958 -0.19441 -0.828628 0.816904 -0.388386 -0.426408 -0.238929 -0.900756 0.3627 23.1971 -191.104 471.069 
-0.523346 -0.202054 -0.827819 0.818731 -0.388517 -0.422771 -0.236199 -0.899015 0.368757 23.5887 -191.323 472.062 
-0.521686 -0.201234 -0.829065 0.821081 -0.382315 -0.423865 -0.231668 -0.901853 0.364678 24.4381 -191.4 472.905 
-0.519429 -0.205169 -0.829518 0.822126 -0.384716 -0.419646 -0.233031 -0.899944 0.368507 24.5283 -191.061 473.812 
RFing.0_Hand
-0.461729 0.0039796 -0.887012 -0.0039796 0.999971 0.00655795 0.887012 0.00655795 -0.4617 32.7108 -9.73219 -73.4609 
-0.864899 -0.222541 -0.449917 0.471076 -0.0503807 -0.880653 0.173314 -0.973621 0.148407 110.922 -191.623 459.808 
-0.866553 -0.224288 -0.445847 0.46661 -0.0471145 -0.883208 0.177087 -0.973384 0.145482 111.377 -190.752 459.616 
-0.864827 -0.225952 -0.448352 0.469004 -0.0448566 -0.882057 0.17919 -0.973106 0.144765 111.186 -190.235 459.675 
-0.866374 -0.226117 -0.445271 0.466221 -0.0466663 -0.883437 0.17898 -0.972982 0.145851 111.178 -189.328 459.663 
-0.86324 -0.233992 -0.447285 0.471448 -0.0570082 -0.88005 0.180425 -0.970566 0.159527 110.999 -189.134 459.728 
-0.866214 -0.238416 -0.439125 0.465993 -0.0682653 -0.882151 0.180341 -0.968762 0.170232 111.06 -188.61 459.702 
-0.864383 -0.238301 -0.442779 0.470709 -0.0737813 -0.879199 0.176844 -0.968385 0.175945 110.992 -188.366 459.571 
-0.864054 -0.236776 -0.444237 0.471768 -0.0729991 -0.878696 0.175625 -0.968818 0.174779 111.105 -187.633 459.251 
-0.866213 -0.237479 -0.439633 0.468676 -0.0810757 -0.879642 0.173252 -0.968004 0.181529 111.622 -186.946 459.195 
-0.864426 -0.240653 -0.441421 0.472171 -0.0870215 -0.877202 0.172688 -0.966703 0.188853 111.651 -186.358 459.363 
-0.863218 -0.246551 -0.440529 0.473087 -0.0905229 -0.876353 0.176187 -0.964893 0.194781 111.236 -185.021 459.334 
-0.8611 -0.255966 -0.439304 0.477869 -0.112378 -0.871214 0.173633 -0.960132 0.219087 110.755 -183.602 459.78 
-0.859826 -0.263853 -0.437128 0.480589 -0.129095 -0.867392 0.172433 -0.955885 0.237804 110.478 -181.73 460.061 
-0.844803 -0.271442 -0.461114 0.508786 -0.140699 -0.849318 0.165662 -0.952116 0.256969 109.704 -182.155 460.937 
-0.850049 -0.284779 -0.443076 0.49443 -0.141506 -0.857622 0.181534 -0.948092 0.26109 110.294 -177.999 460.034 
-0.847728 -0.293451 -0.441862 0.497013 -0.148445 -0.854952 0.185293 -0.944379 0.27169 109.523 -175.615 460.207 
-0.846881 -0.297396 -0.440849 0.496735 -0.146423 -0.855462 0.18986 -0.94346 0.27173 109.283 -173.052 460.108 
-0.845529 -0.305099 -0.438172 0.496666 -0.148227 -0.855192 0.195969 -0.940715 0.276863 109.136 -170.78 460.33 
-0.843497 -0.31665 -0.433872 0.497345 -0.155324 -0.853536 0.202881 -0.935739 0.288499 109.105 -168.44 460.662 
-0.842068 -0.32579 -0.429861 0.498194 -0.164388 -0.85134 0.206694 -0.931041 0.300733 108.627 -166.071 460.955 
-0.840866 -0.331925 -0.427516 0.501597 -0.181155 -0.845922 0.203335 -0.925748 0.318819 107.904 -163.896 461.395 
-0.841105 -0.332718 -0.426427 0.502628 -0.189629 -0.843449 0.199768 -0.923764 0.326731 107.801 -162.034 461.441 
-0.837372 -0.336908 -0.430465 0.508999 -0.193431 -0.838752 0.199317 -0.921454 0.333459 107.769 -160.383 461.281 
-0.836508 -0.341022 -0.428903 0.51093 -0.202589 -0.835409 0.198002 -0.917967 0.343705 107.541 -158.585 461.178 
-0.836936 -0.345228 -0.424682 0.510993 -0.214987 -0.832267 0.19602 -0.913564 0.356339 107.178 -156.395 460.964 
-0.832272 -0.34824 -0.431338 0.520013 -0.220767 -0.825136 0.19212 -0.911039 0.364827 107.065 -155.113 460.857 
-0.838171 -0.345307 -0.422176 0.508522 -0.214947 -0.833789 0.197167 -0.913544 0.355758 107.123 -152.501 459.891 
-0.832812 -0.348859 -0.429791 0.517883 -0.216821 -0.827518 0.195499 -0.911749 0.361239 107.036 -151.321 459.777 
-0.835486 -0.348191 -0.425118 0.513868 -0.220967 -0.828924 0.194686 -0.911009 0.363538 107.428 -149.681 459.66 
-0.835607 -0.3467 -0.426097 0.513671 -0.218248 -0.829765 0.194684 -0.912232 0.360459 107.772 -148.646 459.716 
-0.832497 -0.347915 -0.431165 0.520115 -0.222685 -0.824556 0.190861 -0.910696 0.36634 107.564 -147.571 460.242 
-0.830932 -0.346685 -0.435156 0.521715 -0.213778 -0.825901 0.1933 -0.913296 0.358506 107.811 -146.295 460.142 
-0.831724 -0.341873 -0.437444 0.521524 -0.210905 -0.82676 0.190388 -0.915775 0.353709 107.745 -145.39 460.412 
-0.832913 -0.338153 -0.438074 0.525314 -0.234113 -0.818069 0.174073 -0.911507 0.372631 109.66 -145.56 461.733 
-0.831476 -0.34104 -0.438564 0.524164 -0.219955 -0.822723 0.184117 -0.913955 0.361647 107.733 -143.426 460.961 
-0.832466 -0.339645 -0.437768 0.523461 -0.223107 -0.822322 0.181628 -0.91371 0.363519 107.301 -142.243 461.152 
-0.83317 -0.342306 -0.434343 0.521328 -0.224122 -0.8234 0.184508 -0.912468 0.365185 107.282 -141.359 461.171 
-0.833574 -0.342525 -0.433395 0.520868 -0.226045 -0.823165 0.183987 -0.911911 0.366835 106.887 -140.461 460.932 
-0.835164 -0.341674 -0.430998 0.518915 -0.229782 -0.823364 0.182286 -0.911296 0.369205 107.123 -139.83 460.952 
-0.83328 -0.345681 -0.431449 0.520902 -0.229462 -0.822198 0.185216 -0.909864 0.371272 107.081 -139.156 461.061 
-0.834671 -0.3486 -0.426382 0.517715 -0.232535 -0.823346 0.187869 -0.907968 0.374565 106.714 -138.436 461.021 
-0.832107 -0.349282 -0.430812 0.521985 -0.230704 -0.821163 0.187427 -0.908173 0.37429 106.085 -137.884 461.118 
-0.832455 -0.35315 -0.42697 0.521101 -0.237047 -0.819917 0.188341 -0.905039 0.381357 105.532 -137.124 461.4 
-0.833269 -0.3511 -0.427072 0.519439 -0.232648 -0.822228 0.189326 -0.906976 0.376233 105.513 -137.213 461.576 
-0.832713 -0.350718 -0.428468 0.521712 -0.237746 -0.819325 0.185485 -0.905801 0.380948 105.716 -136.989 461.919 
-0.832839 -0.348634 -0.429922 0.522097 -0.236834 -0.819345 0.183831 -0.906844 0.379265 105.584 -137.114 461.951 
-0.833559 -0.348759 -0.428423 0.519654 -0.231864 -0.822313 0.187453 -0.908079 0.374507 105.017 -136.882 461.726 
-0.837656 -0.348791 -0.420329 0.514536 -0.245704 -0.821513 0.183259 -0.90442 0.385281 105.475 -136.581 461.936 
-0.831989 -0.35076 -0.429838 0.52485 -0.246544 -0.814708 0.179792 -0.903429 0.389218 104.846 -136.961 462.012 
-0.83482 -0.346598 -0.427721 0.520443 -0.243569 -0.818421 0.179483 -0.905839 0.38372 104.945 -136.762 461.737 
-0.830803 -0.349634 -0.433038 0.526167 -0.239783 -0.815875 0.181422 -0.905683 0.383178 104.983 -136.471 461.624 
-0.832427 -0.346956 -0.432072 0.524687 -0.242706 -0.815965 0.178237 -0.905934 0.384078 104.842 -136.731 461.583 
-0.835571 -0.343636 -0.428643 0.519235 -0.239059 -0.820516 0.179487 -0.908166 0.378178 104.713 -136.691 461.606 
-0.836963 -0.342737 -0.426643 0.516646 -0.237759 -0.822526 0.180471 -0.908847 0.376068 104.691 -136.796 461.61 
-0.836864 -0.341356 -0.427942 0.518468 -0.243432 -0.819715 0.175639 -0.907864 0.380702 104.878 -137.046 461.831 
-0.836672 -0.344415 -0.42586 0.519779 -0.254204 -0.815604 0.172651 -0.903748 0.391705 104.76 -137.16 462.315 
-0.838006 -0.342972 -0.424399 0.518043 -0.255767 -0.81622 0.171393 -0.903855 0.392008 105.048 -137.355 462.57 
-0.838103 -0.33874 -0.427596 0.518038 -0.248598 -0.818435 0.170936 -0.907445 0.38383 105.001 -137.474 462.558 
-0.839774 -0.338147 -0.424777 0.51629 -0.255266 -0.817486 0.167999 -0.905813 0.388948 104.599 -137.534 462.877 
-0.837955 -0.339038 -0.427649 0.518957 -0.252565 -0.816636 0.168861 -0.906237 0.387584 104.336 -137.809 462.967 
-0.837761 -0.339152 -0.427939 0.519688 -0.254723 -0.815501 0.167573 -0.90559 0.38965 103.927 -137.986 463.174 
-0.837071 -0.342278 -0.426798 0.52138 -0.262732 -0.811871 0.165752 -0.902119 0.398382 104.139 -138.297 463.303 
-0.836015 -0.3431 -0.428206 0.523122 -0.262861 -0.810709 0.165595 -0.901769 0.399238 103.25 -138.136 463.35 
-0.835596 -0.34592 -0.426754 0.52189 -0.257362 -0.813263 0.171493 -0.902278 0.395583 102.942 -137.945 462.685 
-0.837966 -0.3435 -0.424052 0.519649 -0.264938 -0.812264 0.166665 -0.901009 0.400508 102.857 -137.984 462.534 
-0.836764 -0.341171 -0.428284 0.523714 -0.270337 -0.807863 0.159838 -0.90029 0.404884 103.243 -138.496 462.64 
-0.838077 -0.33867 -0.427701 0.521781 -0.268709 -0.809655 0.159279 -0.90172 0.40191 103.265 -139.056 462.403 
-0.837077 -0.335207 -0.432362 0.527818 -0.286942 -0.799421 0.143907 -0.897386 0.417121 104.978 -140.529 463.121 
-0.83719 -0.332192 -0.434466 0.526028 -0.271667 -0.80591 0.149686 -0.903242 0.402179 103.478 -140.584 462.212 
-0.839816 -0.332342 -0.429252 0.520686 -0.269393 -0.810132 0.153602 -0.903868 0.399286 102.774 -140.527 461.627 
-0.83819 -0.337147 -0.428683 0.523659 -0.277914 -0.805323 0.152375 -0.899498 0.409495 102.165 -140.599 461.553 
-0.838758 -0.337004 -0.427682 0.522558 -0.277458 -0.806195 0.153027 -0.899693 0.408824 102.074 -141.333 461.42 
-0.834676 -0.340523 -0.432851 0.530065 -0.283379 -0.799205 0.149486 -0.896516 0.417028 101.799 -142.152 461.646 
-0.835183 -0.344642 -0.428591 0.528578 -0.287768 -0.798621 0.151903 -0.893539 0.422508 101.575 -142.532 461.507 
-0.84032 -0.340178 -0.422067 0.518884 -0.279386 -0.807901 0.15691 -0.897899 0.411287 101.269 -142.998 461.151 
-0.838318 -0.343766 -0.42314 0.522717 -0.286316 -0.802989 0.154887 -0.894343 0.419716 101.354 -143.949 461.524 
-0.839298 -0.341001 -0.423435 0.521684 -0.285874 -0.803818 0.153053 -0.895542 0.417827 100.746 -144.684 461.588 
-0.836987 -0.342917 -0.42645 0.525455 -0.286027 -0.801303 0.152804 -0.894761 0.419588 100.409 -145.458 461.457 
-0.838621 -0.34104 -0.424741 0.522217 -0.28159 -0.804983 0.154928 -0.896883 0.414244 99.9049 -146.448 461.4 
-0.835625 -0.345312 -0.427188 0.529627 -0.300229 -0.793321 0.145689 -0.88917 0.433765 99.2486 -147.562 461.858 
-0.831639 -0.349533 -0.431512 0.535733 -0.30046 -0.789122 0.146172 -0.887441 0.437131 98.4532 -149.284 461.931 
-0.835197 -0.347767 -0.426032 0.53163 -0.312268 -0.787311 0.140764 -0.884052 0.445689 97.3602 -150.428 462.308 
-0.833069 -0.350374 -0.428057 0.534865 -0.312789 -0.78491 0.14112 -0.882838 0.447977 96.0158 -151.225 462.241 
-0.836585 -0.349656 -0.421742 0.530078 -0.32222 -0.784342 0.138355 -0.879725 0.454909 95.4591 -152.317 462.502 
-0.838207 -0.348039 -0.419854 0.524716 -0.304915 -0.794796 0.1486 -0.886508 0.438203 94.152 -152.875 461.744 
-0.838065 -0.350607 -0.417997 0.525779 -0.314549 -0.790327 0.145613 -0.88212 0.447953 93.2081 -153.596 462.023 
-0.84015 -0.351309 -0.413194 0.522234 -0.318438 -0.791119 0.14635 -0.880443 0.451001 91.3902 -154.612 461.984 
-0.838412 -0.354592 -0.413919 0.525777 -0.326083 -0.785639 0.143609 -0.876319 0.459829 89.87 -155.918 462.509 
-0.837343 -0.366618 -0.405521 0.523136 -0.322029 -0.789067 0.158696 -0.872863 0.46144 86.2219 -154.935 461.442 
-0.839136 -0.362066 -0.405904 0.522978 -0.331989 -0.785034 0.149478 -0.871029 0.467937 85.1973 -156.563 462.491 
-0.844931 -0.355734 -0.39943 0.513367 -0.329714 -0.792303 0.150151 -0.874496 0.461207 84.1108 -157.225 462.66 
-0.84253 -0.373664 -0.387966 0.507912 -0.311293 -0.803195 0.179353 -0.873769 0.452062 79.2414 -155.53 460.704 
-0.839481 -0.372033 -0.396059 0.517737 -0.326324 -0.790861 0.164982 -0.868968 0.466558 78.7071 -157.291 462.126 
-0.843182 -0.367396 -0.392509 0.512907 -0.330871 -0.792118 0.16115 -0.869221 0.467424 76.603 -158.328 462.669 
-0.838483 -0.388224 -0.382398 0.508921 -0.307037 -0.804194 0.194797 -0.868914 0.455021 71.0301 -156.605 460.558 
-0.839721 -0.380472 -0.387438 0.515282 -0.333201 -0.789596 0.171324 -0.862681 0.475847 69.8044 -158.775 462.705 
-0.838834 -0.392791 -0.376925 0.506943 -0.311265 -0.803818 0.198409 -0.86535 0.460222 64.7229 -157.282 460.965 
-0.840553 -0.386602 -0.379486 0.508497 -0.321485 -0.798798 0.186818 -0.8644 0.466811 64.3348 -158.964 462.632 
-0.838294 -0.385096 -0.385959 0.51456 -0.324766 -0.793572 0.180254 -0.863846 0.470404 62.0595 -159.975 463.866 
-0.838994 -0.383206 -0.386317 0.513956 -0.324911 -0.793903 0.178709 -0.864631 0.469549 59.2839 -159.29 464.579 
-0.841966 -0.382327 -0.380682 0.5048 -0.309176 -0.80597 0.190446 -0.870768 0.453314 56.4894 -158.042 464.205 
-0.838827 -0.386845 -0.383039 0.510191 -0.313141 -0.801029 0.189929 -0.867349 0.460036 52.7046 -157.998 465.027 
-0.838364 -0.39165 -0.379151 0.507383 -0.306394 -0.805411 0.199269 -0.867603 0.455585 49.0504 -156.971 464.821 
-0.842525 -0.392199 -0.369231 0.500418 -0.316238 -0.805963 0.199332 -0.863814 0.462701 46.7951 -155.8 465.317 
-0.844552 -0.394674 -0.361889 0.501198 -0.34473 -0.793702 0.188499 -0.851701 0.488951 45.4298 -155.502 466.689 
-0.839963 -0.400582 -0.366054 0.503911 -0.325521 -0.800069 0.201334 -0.856488 0.475283 42.102 -154.18 465.924 
-0.84252 -0.4027 -0.357759 0.497363 -0.32652 -0.803751 0.206854 -0.855113 0.475388 39.0114 -152.39 465.75 
-0.841085 -0.407596 -0.355585 0.49587 -0.318425 -0.80791 0.216073 -0.855846 0.469936 35.365 -150.687 465.307 
-0.838593 -0.411089 -0.357445 0.498403 -0.314111 -0.80804 0.219899 -0.855769 0.468299 32.2677 -148.997 465.056 
-0.836455 -0.431553 -0.337795 0.488278 -0.306965 -0.81692 0.248853 -0.848254 0.46748 25.7054 -144.502 462.598 
-0.84058 -0.418804 -0.343552 0.493745 -0.33151 -0.803939 0.222801 -0.845403 0.485442 25.3659 -144.916 464.659 
-0.841655 -0.417666 -0.342304 0.491898 -0.3314 -0.805115 0.222829 -0.846008 0.484373 23.1743 -143.658 464.639 
-0.839184 -0.434516 -0.327055 0.481769 -0.314933 -0.817751 0.252325 -0.843809 0.473623 17.5086 -139.842 461.947 
-0.842492 -0.42381 -0.332554 0.489555 -0.3447 -0.800948 0.224817 -0.837597 0.497885 17.4422 -140.309 463.769 
-0.840385 -0.421363 -0.340889 0.493815 -0.336048 -0.80201 0.223382 -0.842333 0.490485 15.3782 -138.975 463.266 
-0.841698 -0.415643 -0.34465 0.495174 -0.339701 -0.799629 0.215282 -0.843709 0.491741 14.1018 -137.737 463.251 
-0.843902 -0.413656 -0.34164 0.496282 -0.360003 -0.790001 0.203797 -0.836234 0.509097 13.017 -136.032 463.62 
-0.841809 -0.410183 -0.350867 0.498282 -0.340598 -0.797313 0.207539 -0.846017 0.491105 10.5742 -134.067 462.893 
-0.838387 -0.412666 -0.35611 0.503675 -0.336762 -0.795553 0.208373 -0.846345 0.490186 8.62044 -131.824 462.608 
-0.835964 -0.415433 -0.35858 0.505546 -0.328753 -0.797712 0.213511 -0.848138 0.484846 5.93073 -128.618 462.062 
-0.836355 -0.415455 -0.357641 0.503117 -0.322673 -0.801721 0.217677 -0.850459 0.478892 3.28719 -125.733 461.727 
-0.83773 -0.413076 -0.357178 0.500155 -0.317832 -0.805499 0.219209 -0.853435 0.472859 0.751969 -122.804 461.746 
-0.834444 -0.437795 -0.334722 0.483657 -0.290639 -0.825594 0.264157 -0.850803 0.454264 -5.88281 -116.359 458.793 
-0.836034 -0.432647 -0.337437 0.49565 -0.33175 -0.802667 0.235326 -0.838308 0.491795 -5.11353 -116.349 461.786 
-0.831749 -0.455627 -0.31717 0.48262 -0.311105 -0.818714 0.274354 -0.834038 0.478655 -10.8225 -111.393 459.537 
-0.831391 -0.460333 -0.311258 0.485686 -0.329813 -0.809527 0.269995 -0.824207 0.497781 -12.5397 -109.043 460.482 
-0.830704 -0.447205 -0.331568 0.50311 -0.34806 -0.791034 0.238348 -0.823931 0.514128 -11.8688 -108.238 463.838 
-0.830772 -0.458729 -0.315254 0.489324 -0.331959 -0.806452 0.265291 -0.82424 0.50025 -14.9203 -104.565 462.128 
-0.83054 -0.450487 -0.327512 0.49862 -0.339404 -0.797611 0.248154 -0.825753 0.506511 -13.9353 -104.387 463.606 
-0.830065 -0.446286 -0.334396 0.499448 -0.328181 -0.801779 0.24808 -0.832543 0.495308 -13.6797 -103.478 464.043 
-0.832301 -0.445972 -0.329215 0.494383 -0.32859 -0.804745 0.250717 -0.832549 0.493967 -13.7903 -102.198 464.193 
-0.834188 -0.442099 -0.329664 0.491426 -0.324641 -0.808152 0.25026 -0.836156 0.488071 -13.9662 -101.324 464.437 
-0.835955 -0.442432 -0.324703 0.48804 -0.328731 -0.80855 0.250988 -0.834381 0.490728 -14.543 -100.674 464.678 
-0.838139 -0.439946 -0.322443 0.482658 -0.32281 -0.814147 0.254092 -0.837999 0.482903 -15.3463 -100.144 464.643 
-0.836744 -0.439807 -0.326234 0.48743 -0.326714 -0.809735 0.249541 -0.836558 0.487751 -15.8317 -100.032 465.227 
-0.831407 -0.448794 -0.327636 0.492128 -0.320936 -0.809204 0.258016 -0.834017 0.487692 -16.3464 -99.2494 464.905 
-0.832503 -0.445763 -0.32899 0.486178 -0.303069 -0.819623 0.26565 -0.842286 0.469025 -16.6012 -98.565 464.409 
-0.831371 -0.447812 -0.32907 0.489742 -0.310552 -0.814685 0.262632 -0.838465 0.477496 -16.5406 -98.5112 464.404 
-0.833146 -0.447877 -0.324458 0.487827 -0.318733 -0.812672 0.26056 -0.835354 0.484037 -17.0193 -97.9421 464.588 
-0.833029 -0.445588 -0.327892 0.488429 -0.314023 -0.814142 0.259806 -0.838356 0.479228 -16.6491 -97.5672 464.395 
-0.833541 -0.446551 -0.325271 0.487666 -0.318074 -0.813026 0.259596 -0.836315 0.482895 -16.2799 -97.3105 464.364 
-0.831199 -0.448992 -0.327894 0.492167 -0.31989 -0.809594 0.25861 -0.834313 0.486871 -16.4354 -96.8463 464.382 
-0.831043 -0.452262 -0.323768 0.490581 -0.321703 -0.809839 0.262102 -0.831846 0.48922 -16.4153 -96.6653 464.21 
