Lower Arm R
-0.0148834 -0.327094 -0.944875 0.327094 0.891393 -0.313732 0.944875 -0.313732 0.0937236 43.3573 -12.3442 -85.718 
-0.0148834 -0.327094 -0.944875 -0.990387 -0.125147 0.058923 -0.137521 0.936668 -0.322087 -36.6427 84.0249 673.032 
-0.0148834 -0.327094 -0.944875 -0.990387 -0.125147 0.058923 -0.137521 0.936668 -0.322087 -36.6427 84.0249 673.032 
-0.0148834 -0.327094 -0.944875 -0.990387 -0.125147 0.058923 -0.137521 0.936668 -0.322087 -36.6427 84.0249 673.032 
-0.0148834 -0.327094 -0.944875 -0.990387 -0.125147 0.058923 -0.137521 0.936668 -0.322087 -36.6427 84.0249 673.032 
-0.0148834 -0.327094 -0.944875 -0.990387 -0.125147 0.058923 -0.137521 0.936668 -0.322087 -36.6427 84.0249 673.032 
-0.0148834 -0.327094 -0.944875 -0.990387 -0.125147 0.058923 -0.137521 0.936668 -0.322087 -36.6427 84.0249 673.032 
-0.0148834 -0.327094 -0.944875 -0.990387 -0.125147 0.058923 -0.137521 0.936668 -0.322087 -36.6427 84.0249 673.032 
-0.0148834 -0.327094 -0.944875 -0.990387 -0.125147 0.058923 -0.137521 0.936668 -0.322087 -36.6427 84.0249 673.032 
-0.0148834 -0.327094 -0.944875 -0.990387 -0.125147 0.058923 -0.137521 0.936668 -0.322087 -36.6427 84.0249 673.032 
-0.0148834 -0.327094 -0.944875 -0.990387 -0.125147 0.058923 -0.137521 0.936668 -0.322087 -36.6427 84.0249 673.032 
-0.0148834 -0.327094 -0.944875 -0.990387 -0.125147 0.058923 -0.137521 0.936668 -0.322087 -36.6427 84.0249 673.032 
-0.0148834 -0.327094 -0.944875 -0.990387 -0.125147 0.058923 -0.137521 0.936668 -0.322087 -36.6427 84.0249 673.032 
-0.0148834 -0.327094 -0.944875 -0.990387 -0.125147 0.058923 -0.137521 0.936668 -0.322087 -36.6427 84.0249 673.032 
-0.0148834 -0.327094 -0.944875 -0.990387 -0.125147 0.058923 -0.137521 0.936668 -0.322087 -36.6427 84.0249 673.032 
-0.0148834 -0.327094 -0.944875 -0.990387 -0.125147 0.058923 -0.137521 0.936668 -0.322087 -36.6427 84.0249 673.032 
-0.0148834 -0.327094 -0.944875 -0.990387 -0.125147 0.058923 -0.137521 0.936668 -0.322087 -36.6427 84.0249 673.032 
-0.0148834 -0.327094 -0.944875 -0.990387 -0.125147 0.058923 -0.137521 0.936668 -0.322087 -36.6427 84.0249 673.032 
-0.0148834 -0.327094 -0.944875 -0.990387 -0.125147 0.058923 -0.137521 0.936668 -0.322087 -36.6427 84.0249 673.032 
-0.0148834 -0.327094 -0.944875 -0.990387 -0.125147 0.058923 -0.137521 0.936668 -0.322087 -36.6427 84.0249 673.032 
-0.0148834 -0.327094 -0.944875 -0.990387 -0.125147 0.058923 -0.137521 0.936668 -0.322087 -36.6427 84.0249 673.032 
-0.0148834 -0.327094 -0.944875 -0.990387 -0.125147 0.058923 -0.137521 0.936668 -0.322087 -36.6427 84.0249 673.032 
-0.0148834 -0.327094 -0.944875 -0.990387 -0.125147 0.058923 -0.137521 0.936668 -0.322087 -36.6427 84.0249 673.032 
-0.0148834 -0.327094 -0.944875 -0.990387 -0.125147 0.058923 -0.137521 0.936668 -0.322087 -36.6427 84.0249 673.032 
-0.0148834 -0.327094 -0.944875 -0.990387 -0.125147 0.058923 -0.137521 0.936668 -0.322087 -36.6427 84.0249 673.032 
-0.0148834 -0.327094 -0.944875 -0.990387 -0.125147 0.058923 -0.137521 0.936668 -0.322087 -36.6427 84.0249 673.032 
-0.0148834 -0.327094 -0.944875 -0.990387 -0.125147 0.058923 -0.137521 0.936668 -0.322087 -36.6427 84.0249 673.032 
-0.0148834 -0.327094 -0.944875 -0.990387 -0.125147 0.058923 -0.137521 0.936668 -0.322087 -36.6427 84.0249 673.032 
-0.0148834 -0.327094 -0.944875 -0.990387 -0.125147 0.058923 -0.137521 0.936668 -0.322087 -36.6427 84.0249 673.032 
-0.0148834 -0.327094 -0.944875 -0.990387 -0.125147 0.058923 -0.137521 0.936668 -0.322087 -36.6427 84.0249 673.032 
-0.0148834 -0.327094 -0.944875 -0.990387 -0.125147 0.058923 -0.137521 0.936668 -0.322087 -36.6427 84.0249 673.032 
-0.0148834 -0.327094 -0.944875 -0.990387 -0.125147 0.058923 -0.137521 0.936668 -0.322087 -36.6427 84.0249 673.032 
-0.0148834 -0.327094 -0.944875 -0.990387 -0.125147 0.058923 -0.137521 0.936668 -0.322087 -36.6427 84.0249 673.032 
-0.0148834 -0.327094 -0.944875 -0.990387 -0.125147 0.058923 -0.137521 0.936668 -0.322087 -36.6427 84.0249 673.032 
-0.0148834 -0.327094 -0.944875 -0.990387 -0.125147 0.058923 -0.137521 0.936668 -0.322087 -36.6427 84.0249 673.032 
-0.0148834 -0.327094 -0.944875 -0.990387 -0.125147 0.058923 -0.137521 0.936668 -0.322087 -36.6427 84.0249 673.032 
-0.0148834 -0.327094 -0.944875 -0.990387 -0.125147 0.058923 -0.137521 0.936668 -0.322087 -36.6427 84.0249 673.032 
-0.0148834 -0.327094 -0.944875 -0.990387 -0.125147 0.058923 -0.137521 0.936668 -0.322087 -36.6427 84.0249 673.032 
-0.0148834 -0.327094 -0.944875 -0.990387 -0.125147 0.058923 -0.137521 0.936668 -0.322087 -36.6427 84.0249 673.032 
-0.0148834 -0.327094 -0.944875 -0.990387 -0.125147 0.058923 -0.137521 0.936668 -0.322087 -36.6427 84.0249 673.032 
-0.0148834 -0.327094 -0.944875 -0.990387 -0.125147 0.058923 -0.137521 0.936668 -0.322087 -36.6427 84.0249 673.032 
-0.0148834 -0.327094 -0.944875 -0.990387 -0.125147 0.058923 -0.137521 0.936668 -0.322087 -36.6427 84.0249 673.032 
-0.0148834 -0.327094 -0.944875 -0.990387 -0.125147 0.058923 -0.137521 0.936668 -0.322087 -36.6427 84.0249 673.032 
-0.0148834 -0.327094 -0.944875 -0.990387 -0.125147 0.058923 -0.137521 0.936668 -0.322087 -36.6427 84.0249 673.032 
-0.0148834 -0.327094 -0.944875 -0.990387 -0.125147 0.058923 -0.137521 0.936668 -0.322087 -36.6427 84.0249 673.032 
-0.0148834 -0.327094 -0.944875 -0.990387 -0.125147 0.058923 -0.137521 0.936668 -0.322087 -36.6427 84.0249 673.032 
-0.0148834 -0.327094 -0.944875 -0.990387 -0.125147 0.058923 -0.137521 0.936668 -0.322087 -36.6427 84.0249 673.032 
-0.0148834 -0.327094 -0.944875 -0.990387 -0.125147 0.058923 -0.137521 0.936668 -0.322087 -36.6427 84.0249 673.032 
-0.0148834 -0.327094 -0.944875 -0.990387 -0.125147 0.058923 -0.137521 0.936668 -0.322087 -36.6427 84.0249 673.032 
-0.0148834 -0.327094 -0.944875 -0.990387 -0.125147 0.058923 -0.137521 0.936668 -0.322087 -36.6427 84.0249 673.032 
-0.0148834 -0.327094 -0.944875 -0.990387 -0.125147 0.058923 -0.137521 0.936668 -0.322087 -36.6427 84.0249 673.032 
-0.0148834 -0.327094 -0.944875 -0.990387 -0.125147 0.058923 -0.137521 0.936668 -0.322087 -36.6427 84.0249 673.032 
-0.0148834 -0.327094 -0.944875 -0.990387 -0.125147 0.058923 -0.137521 0.936668 -0.322087 -36.6427 84.0249 673.032 
-0.0148834 -0.327094 -0.944875 -0.990387 -0.125147 0.058923 -0.137521 0.936668 -0.322087 -36.6427 84.0249 673.032 
-0.0148834 -0.327094 -0.944875 -0.990387 -0.125147 0.058923 -0.137521 0.936668 -0.322087 -36.6427 84.0249 673.032 
-0.0148834 -0.327094 -0.944875 -0.990387 -0.125147 0.058923 -0.137521 0.936668 -0.322087 -36.6427 84.0249 673.032 
-0.0148834 -0.327094 -0.944875 -0.990387 -0.125147 0.058923 -0.137521 0.936668 -0.322087 -36.6427 84.0249 673.032 
-0.0148834 -0.327094 -0.944875 -0.990387 -0.125147 0.058923 -0.137521 0.936668 -0.322087 -36.6427 84.0249 673.032 
-0.0148834 -0.327094 -0.944875 -0.990387 -0.125147 0.058923 -0.137521 0.936668 -0.322087 -36.6427 84.0249 673.032 
-0.0148834 -0.327094 -0.944875 -0.990387 -0.125147 0.058923 -0.137521 0.936668 -0.322087 -36.6427 84.0249 673.032 
-0.0148834 -0.327094 -0.944875 -0.990387 -0.125147 0.058923 -0.137521 0.936668 -0.322087 -36.6427 84.0249 673.032 
-0.0148834 -0.327094 -0.944875 -0.990387 -0.125147 0.058923 -0.137521 0.936668 -0.322087 -36.6427 84.0249 673.032 
-0.0148834 -0.327094 -0.944875 -0.990387 -0.125147 0.058923 -0.137521 0.936668 -0.322087 -36.6427 84.0249 673.032 
-0.0148834 -0.327094 -0.944875 -0.990387 -0.125147 0.058923 -0.137521 0.936668 -0.322087 -36.6427 84.0249 673.032 
-0.0148834 -0.327094 -0.944875 -0.990387 -0.125147 0.058923 -0.137521 0.936668 -0.322087 -36.6427 84.0249 673.032 
-0.0148834 -0.327094 -0.944875 -0.990387 -0.125147 0.058923 -0.137521 0.936668 -0.322087 -36.6427 84.0249 673.032 
-0.0148834 -0.327094 -0.944875 -0.990387 -0.125147 0.058923 -0.137521 0.936668 -0.322087 -36.6427 84.0249 673.032 
-0.0148834 -0.327094 -0.944875 -0.990387 -0.125147 0.058923 -0.137521 0.936668 -0.322087 -36.6427 84.0249 673.032 
-0.0148834 -0.327094 -0.944875 -0.990387 -0.125147 0.058923 -0.137521 0.936668 -0.322087 -36.6427 84.0249 673.032 
-0.0148834 -0.327094 -0.944875 -0.990387 -0.125147 0.058923 -0.137521 0.936668 -0.322087 -36.6427 84.0249 673.032 
-0.0148834 -0.327094 -0.944875 -0.990387 -0.125147 0.058923 -0.137521 0.936668 -0.322087 -36.6427 84.0249 673.032 
-0.0148834 -0.327094 -0.944875 -0.990387 -0.125147 0.058923 -0.137521 0.936668 -0.322087 -36.6427 84.0249 673.032 
-0.0148834 -0.327094 -0.944875 -0.990387 -0.125147 0.058923 -0.137521 0.936668 -0.322087 -36.6427 84.0249 673.032 
-0.0148834 -0.327094 -0.944875 -0.990387 -0.125147 0.058923 -0.137521 0.936668 -0.322087 -36.6427 84.0249 673.032 
-0.0148834 -0.327094 -0.944875 -0.990387 -0.125147 0.058923 -0.137521 0.936668 -0.322087 -36.6427 84.0249 673.032 
-0.0148834 -0.327094 -0.944875 -0.990387 -0.125147 0.058923 -0.137521 0.936668 -0.322087 -36.6427 84.0249 673.032 
-0.0148834 -0.327094 -0.944875 -0.990387 -0.125147 0.058923 -0.137521 0.936668 -0.322087 -36.6427 84.0249 673.032 
-0.0148834 -0.327094 -0.944875 -0.990387 -0.125147 0.058923 -0.137521 0.936668 -0.322087 -36.6427 84.0249 673.032 
-0.0148834 -0.327094 -0.944875 -0.990387 -0.125147 0.058923 -0.137521 0.936668 -0.322087 -36.6427 84.0249 673.032 
-0.0148834 -0.327094 -0.944875 -0.990387 -0.125147 0.058923 -0.137521 0.936668 -0.322087 -36.6427 84.0249 673.032 
-0.0148834 -0.327094 -0.944875 -0.990387 -0.125147 0.058923 -0.137521 0.936668 -0.322087 -36.6427 84.0249 673.032 
-0.0148834 -0.327094 -0.944875 -0.990387 -0.125147 0.058923 -0.137521 0.936668 -0.322087 -36.6427 84.0249 673.032 
-0.0148834 -0.327094 -0.944875 -0.990387 -0.125147 0.058923 -0.137521 0.936668 -0.322087 -36.6427 84.0249 673.032 
-0.0148834 -0.327094 -0.944875 -0.990387 -0.125147 0.058923 -0.137521 0.936668 -0.322087 -36.6427 84.0249 673.032 
-0.0148834 -0.327094 -0.944875 -0.990387 -0.125147 0.058923 -0.137521 0.936668 -0.322087 -36.6427 84.0249 673.032 
-0.0148834 -0.327094 -0.944875 -0.990387 -0.125147 0.058923 -0.137521 0.936668 -0.322087 -36.6427 84.0249 673.032 
-0.0148834 -0.327094 -0.944875 -0.990387 -0.125147 0.058923 -0.137521 0.936668 -0.322087 -36.6427 84.0249 673.032 
-0.0148834 -0.327094 -0.944875 -0.990387 -0.125147 0.058923 -0.137521 0.936668 -0.322087 -36.6427 84.0249 673.032 
-0.0148834 -0.327094 -0.944875 -0.990387 -0.125147 0.058923 -0.137521 0.936668 -0.322087 -36.6427 84.0249 673.032 
-0.0148834 -0.327094 -0.944875 -0.990387 -0.125147 0.058923 -0.137521 0.936668 -0.322087 -36.6427 84.0249 673.032 
-0.0148834 -0.327094 -0.944875 -0.990387 -0.125147 0.058923 -0.137521 0.936668 -0.322087 -36.6427 84.0249 673.032 
-0.0148834 -0.327094 -0.944875 -0.990387 -0.125147 0.058923 -0.137521 0.936668 -0.322087 -36.6427 84.0249 673.032 
-0.0148834 -0.327094 -0.944875 -0.990387 -0.125147 0.058923 -0.137521 0.936668 -0.322087 -36.6427 84.0249 673.032 
-0.0148834 -0.327094 -0.944875 -0.990387 -0.125147 0.058923 -0.137521 0.936668 -0.322087 -36.6427 84.0249 673.032 
-0.0148834 -0.327094 -0.944875 -0.990387 -0.125147 0.058923 -0.137521 0.936668 -0.322087 -36.6427 84.0249 673.032 
-0.0148834 -0.327094 -0.944875 -0.990387 -0.125147 0.058923 -0.137521 0.936668 -0.322087 -36.6427 84.0249 673.032 
-0.0148834 -0.327094 -0.944875 -0.990387 -0.125147 0.058923 -0.137521 0.936668 -0.322087 -36.6427 84.0249 673.032 
-0.0148834 -0.327094 -0.944875 -0.990387 -0.125147 0.058923 -0.137521 0.936668 -0.322087 -36.6427 84.0249 673.032 
-0.0148834 -0.327094 -0.944875 -0.990387 -0.125147 0.058923 -0.137521 0.936668 -0.322087 -36.6427 84.0249 673.032 
-0.0148834 -0.327094 -0.944875 -0.990387 -0.125147 0.058923 -0.137521 0.936668 -0.322087 -36.6427 84.0249 673.032 
-0.0148834 -0.327094 -0.944875 -0.990387 -0.125147 0.058923 -0.137521 0.936668 -0.322087 -36.6427 84.0249 673.032 
-0.0148834 -0.327094 -0.944875 -0.990387 -0.125147 0.058923 -0.137521 0.936668 -0.322087 -36.6427 84.0249 673.032 
-0.0148834 -0.327094 -0.944875 -0.990387 -0.125147 0.058923 -0.137521 0.936668 -0.322087 -36.6427 84.0249 673.032 
-0.0148834 -0.327094 -0.944875 -0.990387 -0.125147 0.058923 -0.137521 0.936668 -0.322087 -36.6427 84.0249 673.032 
-0.0148834 -0.327094 -0.944875 -0.990387 -0.125147 0.058923 -0.137521 0.936668 -0.322087 -36.6427 84.0249 673.032 
-0.0148834 -0.327094 -0.944875 -0.990387 -0.125147 0.058923 -0.137521 0.936668 -0.322087 -36.6427 84.0249 673.032 
-0.0148834 -0.327094 -0.944875 -0.990387 -0.125147 0.058923 -0.137521 0.936668 -0.322087 -36.6427 84.0249 673.032 
-0.0148834 -0.327094 -0.944875 -0.990387 -0.125147 0.058923 -0.137521 0.936668 -0.322087 -36.6427 84.0249 673.032 
-0.0148834 -0.327094 -0.944875 -0.990387 -0.125147 0.058923 -0.137521 0.936668 -0.322087 -36.6427 84.0249 673.032 
-0.0148834 -0.327094 -0.944875 -0.990387 -0.125147 0.058923 -0.137521 0.936668 -0.322087 -36.6427 84.0249 673.032 
-0.0148834 -0.327094 -0.944875 -0.990387 -0.125147 0.058923 -0.137521 0.936668 -0.322087 -36.6427 84.0249 673.032 
-0.0148834 -0.327094 -0.944875 -0.990387 -0.125147 0.058923 -0.137521 0.936668 -0.322087 -36.6427 84.0249 673.032 
-0.0148834 -0.327094 -0.944875 -0.990387 -0.125147 0.058923 -0.137521 0.936668 -0.322087 -36.6427 84.0249 673.032 
-0.0148834 -0.327094 -0.944875 -0.990387 -0.125147 0.058923 -0.137521 0.936668 -0.322087 -36.6427 84.0249 673.032 
-0.0148834 -0.327094 -0.944875 -0.990387 -0.125147 0.058923 -0.137521 0.936668 -0.322087 -36.6427 84.0249 673.032 
-0.0148834 -0.327094 -0.944875 -0.990387 -0.125147 0.058923 -0.137521 0.936668 -0.322087 -36.6427 84.0249 673.032 
-0.0148834 -0.327094 -0.944875 -0.990387 -0.125147 0.058923 -0.137521 0.936668 -0.322087 -36.6427 84.0249 673.032 
-0.0148834 -0.327094 -0.944875 -0.990387 -0.125147 0.058923 -0.137521 0.936668 -0.322087 -36.6427 84.0249 673.032 
-0.0148834 -0.327094 -0.944875 -0.990387 -0.125147 0.058923 -0.137521 0.936668 -0.322087 -36.6427 84.0249 673.032 
-0.0148834 -0.327094 -0.944875 -0.990387 -0.125147 0.058923 -0.137521 0.936668 -0.322087 -36.6427 84.0249 673.032 
-0.0148834 -0.327094 -0.944875 -0.990387 -0.125147 0.058923 -0.137521 0.936668 -0.322087 -36.6427 84.0249 673.032 
-0.0148834 -0.327094 -0.944875 -0.990387 -0.125147 0.058923 -0.137521 0.936668 -0.322087 -36.6427 84.0249 673.032 
-0.0148834 -0.327094 -0.944875 -0.990387 -0.125147 0.058923 -0.137521 0.936668 -0.322087 -36.6427 84.0249 673.032 
-0.0148834 -0.327094 -0.944875 -0.990387 -0.125147 0.058923 -0.137521 0.936668 -0.322087 -36.6427 84.0249 673.032 
-0.0148834 -0.327094 -0.944875 -0.990387 -0.125147 0.058923 -0.137521 0.936668 -0.322087 -36.6427 84.0249 673.032 
-0.0148834 -0.327094 -0.944875 -0.990387 -0.125147 0.058923 -0.137521 0.936668 -0.322087 -36.6427 84.0249 673.032 
-0.0148834 -0.327094 -0.944875 -0.990387 -0.125147 0.058923 -0.137521 0.936668 -0.322087 -36.6427 84.0249 673.032 
-0.0148834 -0.327094 -0.944875 -0.990387 -0.125147 0.058923 -0.137521 0.936668 -0.322087 -36.6427 84.0249 673.032 
-0.0148834 -0.327094 -0.944875 -0.990387 -0.125147 0.058923 -0.137521 0.936668 -0.322087 -36.6427 84.0249 673.032 
-0.0148834 -0.327094 -0.944875 -0.990387 -0.125147 0.058923 -0.137521 0.936668 -0.322087 -36.6427 84.0249 673.032 
-0.0148834 -0.327094 -0.944875 -0.990387 -0.125147 0.058923 -0.137521 0.936668 -0.322087 -36.6427 84.0249 673.032 
-0.0148834 -0.327094 -0.944875 -0.990387 -0.125147 0.058923 -0.137521 0.936668 -0.322087 -36.6427 84.0249 673.032 
-0.0148834 -0.327094 -0.944875 -0.990387 -0.125147 0.058923 -0.137521 0.936668 -0.322087 -36.6427 84.0249 673.032 
-0.0148834 -0.327094 -0.944875 -0.990387 -0.125147 0.058923 -0.137521 0.936668 -0.322087 -36.6427 84.0249 673.032 
-0.0148834 -0.327094 -0.944875 -0.990387 -0.125147 0.058923 -0.137521 0.936668 -0.322087 -36.6427 84.0249 673.032 
-0.0148834 -0.327094 -0.944875 -0.990387 -0.125147 0.058923 -0.137521 0.936668 -0.322087 -36.6427 84.0249 673.032 
-0.0148834 -0.327094 -0.944875 -0.990387 -0.125147 0.058923 -0.137521 0.936668 -0.322087 -36.6427 84.0249 673.032 
-0.0148834 -0.327094 -0.944875 -0.990387 -0.125147 0.058923 -0.137521 0.936668 -0.322087 -36.6427 84.0249 673.032 
-0.0148834 -0.327094 -0.944875 -0.990387 -0.125147 0.058923 -0.137521 0.936668 -0.322087 -36.6427 84.0249 673.032 
-0.0148834 -0.327094 -0.944875 -0.990387 -0.125147 0.058923 -0.137521 0.936668 -0.322087 -36.6427 84.0249 673.032 
-0.0148834 -0.327094 -0.944875 -0.990387 -0.125147 0.058923 -0.137521 0.936668 -0.322087 -36.6427 84.0249 673.032 
-0.0148834 -0.327094 -0.944875 -0.990387 -0.125147 0.058923 -0.137521 0.936668 -0.322087 -36.6427 84.0249 673.032 
-0.0148834 -0.327094 -0.944875 -0.990387 -0.125147 0.058923 -0.137521 0.936668 -0.322087 -36.6427 84.0249 673.032 
-0.0148834 -0.327094 -0.944875 -0.990387 -0.125147 0.058923 -0.137521 0.936668 -0.322087 -36.6427 84.0249 673.032 
-0.0148834 -0.327094 -0.944875 -0.990387 -0.125147 0.058923 -0.137521 0.936668 -0.322087 -36.6427 84.0249 673.032 
-0.0148834 -0.327094 -0.944875 -0.990387 -0.125147 0.058923 -0.137521 0.936668 -0.322087 -36.6427 84.0249 673.032 
-0.0148834 -0.327094 -0.944875 -0.990387 -0.125147 0.058923 -0.137521 0.936668 -0.322087 -36.6427 84.0249 673.032 
-0.0148834 -0.327094 -0.944875 -0.990387 -0.125147 0.058923 -0.137521 0.936668 -0.322087 -36.6427 84.0249 673.032 
-0.0148834 -0.327094 -0.944875 -0.990387 -0.125147 0.058923 -0.137521 0.936668 -0.322087 -36.6427 84.0249 673.032 
-0.0148834 -0.327094 -0.944875 -0.990387 -0.125147 0.058923 -0.137521 0.936668 -0.322087 -36.6427 84.0249 673.032 
-0.0148834 -0.327094 -0.944875 -0.990387 -0.125147 0.058923 -0.137521 0.936668 -0.322087 -36.6427 84.0249 673.032 
-0.0148834 -0.327094 -0.944875 -0.990387 -0.125147 0.058923 -0.137521 0.936668 -0.322087 -36.6427 84.0249 673.032 
-0.0148834 -0.327094 -0.944875 -0.990387 -0.125147 0.058923 -0.137521 0.936668 -0.322087 -36.6427 84.0249 673.032 
-0.0148834 -0.327094 -0.944875 -0.990387 -0.125147 0.058923 -0.137521 0.936668 -0.322087 -36.6427 84.0249 673.032 
-0.0148834 -0.327094 -0.944875 -0.990387 -0.125147 0.058923 -0.137521 0.936668 -0.322087 -36.6427 84.0249 673.032 
-0.0148834 -0.327094 -0.944875 -0.990387 -0.125147 0.058923 -0.137521 0.936668 -0.322087 -36.6427 84.0249 673.032 
-0.0148834 -0.327094 -0.944875 -0.990387 -0.125147 0.058923 -0.137521 0.936668 -0.322087 -36.6427 84.0249 673.032 
-0.0148834 -0.327094 -0.944875 -0.990387 -0.125147 0.058923 -0.137521 0.936668 -0.322087 -36.6427 84.0249 673.032 
-0.0148834 -0.327094 -0.944875 -0.990387 -0.125147 0.058923 -0.137521 0.936668 -0.322087 -36.6427 84.0249 673.032 
-0.0148834 -0.327094 -0.944875 -0.990387 -0.125147 0.058923 -0.137521 0.936668 -0.322087 -36.6427 84.0249 673.032 
-0.0148834 -0.327094 -0.944875 -0.990387 -0.125147 0.058923 -0.137521 0.936668 -0.322087 -36.6427 84.0249 673.032 
-0.0148834 -0.327094 -0.944875 -0.990387 -0.125147 0.058923 -0.137521 0.936668 -0.322087 -36.6427 84.0249 673.032 
-0.0148834 -0.327094 -0.944875 -0.990387 -0.125147 0.058923 -0.137521 0.936668 -0.322087 -36.6427 84.0249 673.032 
-0.0148834 -0.327094 -0.944875 -0.990387 -0.125147 0.058923 -0.137521 0.936668 -0.322087 -36.6427 84.0249 673.032 
-0.0148834 -0.327094 -0.944875 -0.990387 -0.125147 0.058923 -0.137521 0.936668 -0.322087 -36.6427 84.0249 673.032 
-0.0148834 -0.327094 -0.944875 -0.990387 -0.125147 0.058923 -0.137521 0.936668 -0.322087 -36.6427 84.0249 673.032 
-0.0148834 -0.327094 -0.944875 -0.990387 -0.125147 0.058923 -0.137521 0.936668 -0.322087 -36.6427 84.0249 673.032 
-0.0148834 -0.327094 -0.944875 -0.990387 -0.125147 0.058923 -0.137521 0.936668 -0.322087 -36.6427 84.0249 673.032 
-0.0148834 -0.327094 -0.944875 -0.990387 -0.125147 0.058923 -0.137521 0.936668 -0.322087 -36.6427 84.0249 673.032 
-0.0148834 -0.327094 -0.944875 -0.990387 -0.125147 0.058923 -0.137521 0.936668 -0.322087 -36.6427 84.0249 673.032 
-0.0148834 -0.327094 -0.944875 -0.990387 -0.125147 0.058923 -0.137521 0.936668 -0.322087 -36.6427 84.0249 673.032 
-0.0148834 -0.327094 -0.944875 -0.990387 -0.125147 0.058923 -0.137521 0.936668 -0.322087 -36.6427 84.0249 673.032 
-0.0148834 -0.327094 -0.944875 -0.990387 -0.125147 0.058923 -0.137521 0.936668 -0.322087 -36.6427 84.0249 673.032 
-0.0148834 -0.327094 -0.944875 -0.990387 -0.125147 0.058923 -0.137521 0.936668 -0.322087 -36.6427 84.0249 673.032 
-0.0148834 -0.327094 -0.944875 -0.990387 -0.125147 0.058923 -0.137521 0.936668 -0.322087 -36.6427 84.0249 673.032 
-0.0148834 -0.327094 -0.944875 -0.990387 -0.125147 0.058923 -0.137521 0.936668 -0.322087 -36.6427 84.0249 673.032 
-0.0148834 -0.327094 -0.944875 -0.990387 -0.125147 0.058923 -0.137521 0.936668 -0.322087 -36.6427 84.0249 673.032 
-0.0148834 -0.327094 -0.944875 -0.990387 -0.125147 0.058923 -0.137521 0.936668 -0.322087 -36.6427 84.0249 673.032 
-0.0148834 -0.327094 -0.944875 -0.990387 -0.125147 0.058923 -0.137521 0.936668 -0.322087 -36.6427 84.0249 673.032 
-0.0148834 -0.327094 -0.944875 -0.990387 -0.125147 0.058923 -0.137521 0.936668 -0.322087 -36.6427 84.0249 673.032 
-0.0148834 -0.327094 -0.944875 -0.990387 -0.125147 0.058923 -0.137521 0.936668 -0.322087 -36.6427 84.0249 673.032 
-0.0148834 -0.327094 -0.944875 -0.990387 -0.125147 0.058923 -0.137521 0.936668 -0.322087 -36.6427 84.0249 673.032 
-0.0148834 -0.327094 -0.944875 -0.990387 -0.125147 0.058923 -0.137521 0.936668 -0.322087 -36.6427 84.0249 673.032 
-0.0148834 -0.327094 -0.944875 -0.990387 -0.125147 0.058923 -0.137521 0.936668 -0.322087 -36.6427 84.0249 673.032 
-0.0148834 -0.327094 -0.944875 -0.990387 -0.125147 0.058923 -0.137521 0.936668 -0.322087 -36.6427 84.0249 673.032 
-0.0148834 -0.327094 -0.944875 -0.990387 -0.125147 0.058923 -0.137521 0.936668 -0.322087 -36.6427 84.0249 673.032 
-0.0148834 -0.327094 -0.944875 -0.990387 -0.125147 0.058923 -0.137521 0.936668 -0.322087 -36.6427 84.0249 673.032 
-0.0148834 -0.327094 -0.944875 -0.990387 -0.125147 0.058923 -0.137521 0.936668 -0.322087 -36.6427 84.0249 673.032 
-0.0148834 -0.327094 -0.944875 -0.990387 -0.125147 0.058923 -0.137521 0.936668 -0.322087 -36.6427 84.0249 673.032 
-0.0148834 -0.327094 -0.944875 -0.990387 -0.125147 0.058923 -0.137521 0.936668 -0.322087 -36.6427 84.0249 673.032 
-0.0148834 -0.327094 -0.944875 -0.990387 -0.125147 0.058923 -0.137521 0.936668 -0.322087 -36.6427 84.0249 673.032 
-0.0148834 -0.327094 -0.944875 -0.990387 -0.125147 0.058923 -0.137521 0.936668 -0.322087 -36.6427 84.0249 673.032 
-0.0148834 -0.327094 -0.944875 -0.990387 -0.125147 0.058923 -0.137521 0.936668 -0.322087 -36.6427 84.0249 673.032 
-0.0148834 -0.327094 -0.944875 -0.990387 -0.125147 0.058923 -0.137521 0.936668 -0.322087 -36.6427 84.0249 673.032 
-0.0148834 -0.327094 -0.944875 -0.990387 -0.125147 0.058923 -0.137521 0.936668 -0.322087 -36.6427 84.0249 673.032 
-0.0148834 -0.327094 -0.944875 -0.990387 -0.125147 0.058923 -0.137521 0.936668 -0.322087 -36.6427 84.0249 673.032 
-0.0148834 -0.327094 -0.944875 -0.990387 -0.125147 0.058923 -0.137521 0.936668 -0.322087 -36.6427 84.0249 673.032 
-0.0148834 -0.327094 -0.944875 -0.990387 -0.125147 0.058923 -0.137521 0.936668 -0.322087 -36.6427 84.0249 673.032 
-0.0148834 -0.327094 -0.944875 -0.990387 -0.125147 0.058923 -0.137521 0.936668 -0.322087 -36.6427 84.0249 673.032 
-0.0148834 -0.327094 -0.944875 -0.990387 -0.125147 0.058923 -0.137521 0.936668 -0.322087 -36.6427 84.0249 673.032 
-0.0148834 -0.327094 -0.944875 -0.990387 -0.125147 0.058923 -0.137521 0.936668 -0.322087 -36.6427 84.0249 673.032 
-0.0148834 -0.327094 -0.944875 -0.990387 -0.125147 0.058923 -0.137521 0.936668 -0.322087 -36.6427 84.0249 673.032 
-0.0148834 -0.327094 -0.944875 -0.990387 -0.125147 0.058923 -0.137521 0.936668 -0.322087 -36.6427 84.0249 673.032 
-0.0148834 -0.327094 -0.944875 -0.990387 -0.125147 0.058923 -0.137521 0.936668 -0.322087 -36.6427 84.0249 673.032 
-0.0148834 -0.327094 -0.944875 -0.990387 -0.125147 0.058923 -0.137521 0.936668 -0.322087 -36.6427 84.0249 673.032 
-0.0148834 -0.327094 -0.944875 -0.990387 -0.125147 0.058923 -0.137521 0.936668 -0.322087 -36.6427 84.0249 673.032 
-0.0148834 -0.327094 -0.944875 -0.990387 -0.125147 0.058923 -0.137521 0.936668 -0.322087 -36.6427 84.0249 673.032 
-0.0148834 -0.327094 -0.944875 -0.990387 -0.125147 0.058923 -0.137521 0.936668 -0.322087 -36.6427 84.0249 673.032 
-0.0148834 -0.327094 -0.944875 -0.990387 -0.125147 0.058923 -0.137521 0.936668 -0.322087 -36.6427 84.0249 673.032 
-0.0148834 -0.327094 -0.944875 -0.990387 -0.125147 0.058923 -0.137521 0.936668 -0.322087 -36.6427 84.0249 673.032 
-0.0148834 -0.327094 -0.944875 -0.990387 -0.125147 0.058923 -0.137521 0.936668 -0.322087 -36.6427 84.0249 673.032 
-0.0148834 -0.327094 -0.944875 -0.990387 -0.125147 0.058923 -0.137521 0.936668 -0.322087 -36.6427 84.0249 673.032 
-0.0148834 -0.327094 -0.944875 -0.990387 -0.125147 0.058923 -0.137521 0.936668 -0.322087 -36.6427 84.0249 673.032 
-0.0148834 -0.327094 -0.944875 -0.990387 -0.125147 0.058923 -0.137521 0.936668 -0.322087 -36.6427 84.0249 673.032 
-0.0148834 -0.327094 -0.944875 -0.990387 -0.125147 0.058923 -0.137521 0.936668 -0.322087 -36.6427 84.0249 673.032 
-0.0148834 -0.327094 -0.944875 -0.990387 -0.125147 0.058923 -0.137521 0.936668 -0.322087 -36.6427 84.0249 673.032 
-0.0148834 -0.327094 -0.944875 -0.990387 -0.125147 0.058923 -0.137521 0.936668 -0.322087 -36.6427 84.0249 673.032 
-0.0148834 -0.327094 -0.944875 -0.990387 -0.125147 0.058923 -0.137521 0.936668 -0.322087 -36.6427 84.0249 673.032 
-0.0148834 -0.327094 -0.944875 -0.990387 -0.125147 0.058923 -0.137521 0.936668 -0.322087 -36.6427 84.0249 673.032 
-0.0148834 -0.327094 -0.944875 -0.990387 -0.125147 0.058923 -0.137521 0.936668 -0.322087 -36.6427 84.0249 673.032 
-0.0148834 -0.327094 -0.944875 -0.990387 -0.125147 0.058923 -0.137521 0.936668 -0.322087 -36.6427 84.0249 673.032 
-0.0148834 -0.327094 -0.944875 -0.990387 -0.125147 0.058923 -0.137521 0.936668 -0.322087 -36.6427 84.0249 673.032 
-0.0148834 -0.327094 -0.944875 -0.990387 -0.125147 0.058923 -0.137521 0.936668 -0.322087 -36.6427 84.0249 673.032 
-0.0148834 -0.327094 -0.944875 -0.990387 -0.125147 0.058923 -0.137521 0.936668 -0.322087 -36.6427 84.0249 673.032 
-0.0148834 -0.327094 -0.944875 -0.990387 -0.125147 0.058923 -0.137521 0.936668 -0.322087 -36.6427 84.0249 673.032 
-0.0148834 -0.327094 -0.944875 -0.990387 -0.125147 0.058923 -0.137521 0.936668 -0.322087 -36.6427 84.0249 673.032 
-0.0148834 -0.327094 -0.944875 -0.990387 -0.125147 0.058923 -0.137521 0.936668 -0.322087 -36.6427 84.0249 673.032 
-0.0148834 -0.327094 -0.944875 -0.990387 -0.125147 0.058923 -0.137521 0.936668 -0.322087 -36.6427 84.0249 673.032 
-0.0148834 -0.327094 -0.944875 -0.990387 -0.125147 0.058923 -0.137521 0.936668 -0.322087 -36.6427 84.0249 673.032 
-0.0148834 -0.327094 -0.944875 -0.990387 -0.125147 0.058923 -0.137521 0.936668 -0.322087 -36.6427 84.0249 673.032 
-0.0148834 -0.327094 -0.944875 -0.990387 -0.125147 0.058923 -0.137521 0.936668 -0.322087 -36.6427 84.0249 673.032 
-0.0148834 -0.327094 -0.944875 -0.990387 -0.125147 0.058923 -0.137521 0.936668 -0.322087 -36.6427 84.0249 673.032 
-0.0148834 -0.327094 -0.944875 -0.990387 -0.125147 0.058923 -0.137521 0.936668 -0.322087 -36.6427 84.0249 673.032 
-0.0148834 -0.327094 -0.944875 -0.990387 -0.125147 0.058923 -0.137521 0.936668 -0.322087 -36.6427 84.0249 673.032 
-0.0148834 -0.327094 -0.944875 -0.990387 -0.125147 0.058923 -0.137521 0.936668 -0.322087 -36.6427 84.0249 673.032 
-0.0148834 -0.327094 -0.944875 -0.990387 -0.125147 0.058923 -0.137521 0.936668 -0.322087 -36.6427 84.0249 673.032 
-0.0148834 -0.327094 -0.944875 -0.990387 -0.125147 0.058923 -0.137521 0.936668 -0.322087 -36.6427 84.0249 673.032 
-0.0148834 -0.327094 -0.944875 -0.990387 -0.125147 0.058923 -0.137521 0.936668 -0.322087 -36.6427 84.0249 673.032 
-0.0148834 -0.327094 -0.944875 -0.990387 -0.125147 0.058923 -0.137521 0.936668 -0.322087 -36.6427 84.0249 673.032 
-0.0148834 -0.327094 -0.944875 -0.990387 -0.125147 0.058923 -0.137521 0.936668 -0.322087 -36.6427 84.0249 673.032 
-0.0148834 -0.327094 -0.944875 -0.990387 -0.125147 0.058923 -0.137521 0.936668 -0.322087 -36.6427 84.0249 673.032 
-0.0148834 -0.327094 -0.944875 -0.990387 -0.125147 0.058923 -0.137521 0.936668 -0.322087 -36.6427 84.0249 673.032 
-0.0148834 -0.327094 -0.944875 -0.990387 -0.125147 0.058923 -0.137521 0.936668 -0.322087 -36.6427 84.0249 673.032 
-0.0148834 -0.327094 -0.944875 -0.990387 -0.125147 0.058923 -0.137521 0.936668 -0.322087 -36.6427 84.0249 673.032 
-0.0148834 -0.327094 -0.944875 -0.990387 -0.125147 0.058923 -0.137521 0.936668 -0.322087 -36.6427 84.0249 673.032 
-0.0148834 -0.327094 -0.944875 -0.990387 -0.125147 0.058923 -0.137521 0.936668 -0.322087 -36.6427 84.0249 673.032 
-0.0148834 -0.327094 -0.944875 -0.990387 -0.125147 0.058923 -0.137521 0.936668 -0.322087 -36.6427 84.0249 673.032 
-0.0148834 -0.327094 -0.944875 -0.990387 -0.125147 0.058923 -0.137521 0.936668 -0.322087 -36.6427 84.0249 673.032 
-0.0148834 -0.327094 -0.944875 -0.990387 -0.125147 0.058923 -0.137521 0.936668 -0.322087 -36.6427 84.0249 673.032 
-0.0148834 -0.327094 -0.944875 -0.990387 -0.125147 0.058923 -0.137521 0.936668 -0.322087 -36.6427 84.0249 673.032 
-0.0148834 -0.327094 -0.944875 -0.990387 -0.125147 0.058923 -0.137521 0.936668 -0.322087 -36.6427 84.0249 673.032 
0.0282205 -0.305702 -0.951709 -0.992363 -0.122945 0.0100653 -0.120084 0.944156 -0.306837 -40.5924 88.1614 669.806 
0.0260908 -0.289935 -0.956691 -0.992822 -0.119258 0.009066 -0.116721 0.949586 -0.290966 -41.0838 87.6734 668.723 
0.0262593 -0.291376 -0.956248 -0.992777 -0.119619 0.00918597 -0.117061 0.9491 -0.292413 -42.4563 87.4027 667.955 
0.0286932 -0.292491 -0.955838 -0.992837 -0.119291 0.00669958 -0.115982 0.948798 -0.293819 -43.5922 86.2032 667.154 
0.01898 -0.283594 -0.958757 -0.993531 -0.112739 0.0136788 -0.111968 0.952294 -0.283899 -43.4401 85.7453 666.307 
0.017982 -0.282201 -0.959187 -0.99388 -0.109623 0.0136193 -0.108992 0.953071 -0.282445 -45.125 84.4266 665.479 
0.0108191 -0.286856 -0.957913 -0.993948 -0.107816 0.0210602 -0.109319 0.951887 -0.286286 -44.8801 82.8708 664.786 
0.0192184 -0.277477 -0.96054 -0.994172 -0.107234 0.0110859 -0.106078 0.954728 -0.277921 -46.1318 81.9656 663.926 
0.00498117 -0.281745 -0.959477 -0.995017 -0.0969438 0.0233011 -0.0995797 0.954579 -0.280824 -45.3943 80.9763 662.937 
0.00174396 -0.284192 -0.958766 -0.995083 -0.0954424 0.0264802 -0.0990317 0.954005 -0.282961 -46.502 80.6497 662.262 
0.000879379 -0.283372 -0.95901 -0.994714 -0.0987229 0.0282587 -0.102683 0.953915 -0.281961 -48.4855 79.676 662.109 
-0.00485423 -0.276062 -0.961128 -0.99534 -0.0912305 0.0312306 -0.0963051 0.9568 -0.274333 -49.3501 78.3375 661.511 
-0.00648767 -0.286717 -0.957994 -0.996365 -0.0795207 0.0305469 -0.084938 0.954709 -0.285159 -50.9827 77.0999 660.687 
-0.0132235 -0.298592 -0.95429 -0.996986 -0.0690283 0.0354134 -0.0764465 0.951881 -0.296779 -52.7508 75.7459 660.427 
-0.0196276 -0.280342 -0.9597 -0.997632 -0.0577961 0.0372862 -0.0659192 0.958158 -0.278543 -53.4698 74.4753 660.079 
-0.0337756 -0.280292 -0.959321 -0.997553 -0.0493322 0.0495352 -0.0612091 0.958646 -0.27794 -54.9633 72.4789 660.03 
-0.0400159 -0.290102 -0.956159 -0.997802 -0.0389867 0.0535871 -0.0528226 0.956201 -0.287904 -56.5529 71.8286 659.56 
-0.0492227 -0.290245 -0.955686 -0.99751 -0.0341088 0.0617355 -0.0505151 0.956344 -0.287843 -57.6681 70.9148 659.395 
-0.0504566 -0.281226 -0.958315 -0.998046 -0.0212083 0.058772 -0.0368518 0.959407 -0.279607 -57.7874 70.1527 658.452 
-0.0450378 -0.293543 -0.954885 -0.99786 -0.0321375 0.056944 -0.0474025 0.955405 -0.291468 -59.4486 68.9389 658.338 
-0.0464993 -0.303827 -0.951592 -0.998019 -0.0262739 0.0571565 -0.0423671 0.952364 -0.302004 -60.4682 67.7786 657.631 
-0.0430517 -0.288676 -0.956459 -0.998764 -0.0113575 0.0483835 -0.0248295 0.957359 -0.28783 -61.9054 67.5808 656.873 
-0.0560866 -0.279405 -0.958534 -0.998378 0.00631989 0.0565756 -0.00974899 0.960152 -0.279306 -61.8985 67.2736 656.201 
-0.0483194 -0.278018 -0.95936 -0.998829 0.0157143 0.0457531 0.00235615 0.960447 -0.278451 -62.2529 67.6454 655.749 
-0.0521686 -0.254425 -0.965685 -0.998582 0.0235252 0.0477475 0.0105704 0.966806 -0.255292 -62.4458 66.9043 655.194 
-0.0468064 -0.219287 -0.974537 -0.998771 0.0261962 0.0420755 0.0163032 0.975308 -0.220244 -62.2628 67.4522 655.647 
-0.0505077 -0.203573 -0.977757 -0.998259 0.0401369 0.0432099 0.0304484 0.978236 -0.205246 -61.5612 67.1705 655.007 
-0.0812753 -0.205295 -0.97532 -0.995956 0.0543186 0.0715612 0.0382875 0.977191 -0.208879 -61.3293 66.9971 655.107 
-0.076737 -0.183036 -0.980107 -0.995773 0.0638327 0.0660425 0.0504754 0.981031 -0.187161 -61.3108 66.6746 654.846 
-0.0802188 -0.193596 -0.977797 -0.995375 0.067566 0.0682833 0.0528471 0.978752 -0.198121 -61.8702 67.0128 654.835 
-0.0833478 -0.18721 -0.978778 -0.994934 0.0710374 0.0711361 0.0562131 0.979747 -0.192183 -61.8868 66.633 655.187 
-0.085347 -0.181676 -0.979648 -0.994515 0.0752015 0.0726959 0.0604647 0.980478 -0.187097 -61.9516 66.6851 655.544 
-0.0923842 -0.168127 -0.981427 -0.993541 0.0807813 0.0796858 0.0658843 0.982449 -0.174504 -61.4001 66.7279 655.505 
-0.0902397 -0.17797 -0.97989 -0.994547 0.0677461 0.0792851 0.052274 0.981701 -0.183113 -61.8591 67.0964 656.279 
-0.083396 -0.168304 -0.982201 -0.995135 0.0659533 0.0731926 0.0524615 0.983526 -0.172985 -61.0587 67.3766 656.252 
-0.0723193 -0.152597 -0.985639 -0.995692 0.0685436 0.0624448 0.0580311 0.985908 -0.156896 -61.5455 66.9384 656.198 
-0.0755841 -0.152634 -0.985389 -0.995664 0.0652894 0.066259 0.0542228 0.986123 -0.156907 -61.4302 68.3383 656.263 
-0.0756292 -0.158326 -0.984487 -0.995769 0.0636687 0.0662565 0.0521916 0.985332 -0.162471 -61.4136 69.366 656.187 
-0.0895097 -0.170749 -0.981241 -0.994926 0.0607776 0.0801818 0.0459472 0.983438 -0.175323 -61.5701 69.8583 656.396 
-0.0912237 -0.169774 -0.981252 -0.994787 0.0606349 0.0819909 0.0455789 0.983615 -0.17442 -61.8144 70.2816 656.636 
-0.0951131 -0.162697 -0.982081 -0.994461 0.0598574 0.0863956 0.0447292 0.984858 -0.167489 -61.5965 71.0041 656.569 
-0.0976474 -0.172379 -0.980179 -0.994341 0.0583052 0.0888042 0.0418423 0.983303 -0.177097 -62.6042 71.5383 656.855 
-0.0962406 -0.178395 -0.979241 -0.994483 0.0584875 0.0870833 0.0417388 0.982219 -0.183039 -62.5814 72.3097 656.709 
-0.105805 -0.191352 -0.975802 -0.993662 0.0578048 0.096406 0.0379593 0.979817 -0.196256 -62.6971 72.2715 656.454 
-0.112286 -0.195684 -0.974218 -0.993104 0.055347 0.103345 0.0336977 0.979104 -0.200549 -63.3557 72.1762 656.603 
-0.12174 -0.197014 -0.972813 -0.992041 0.055907 0.112823 0.0321599 0.978805 -0.202252 -63.2713 72.171 656.654 
-0.142042 -0.202704 -0.968884 -0.989225 0.0641357 0.131606 0.0354637 0.977137 -0.209629 -63.3559 72.3326 656.249 
-0.143441 -0.206334 -0.967911 -0.988933 0.0673239 0.132205 0.037886 0.976162 -0.213707 -63.9662 72.29 655.567 
-0.156252 -0.221602 -0.962538 -0.987248 0.0650722 0.145282 0.0304404 0.972963 -0.228944 -65.2411 71.923 655.725 
-0.173227 -0.22464 -0.958921 -0.984488 0.0670335 0.162142 0.0278569 0.972133 -0.232767 -66.0148 71.9814 655.412 
-0.175307 -0.232555 -0.956654 -0.984214 0.0653754 0.164465 0.0242951 0.970383 -0.240344 -67.4964 72.8076 655.281 
-0.177619 -0.24533 -0.95303 -0.983897 0.0639123 0.166919 0.0199607 0.96733 -0.252732 -68.0914 73.3976 655.019 
-0.195427 -0.245679 -0.949448 -0.980544 0.0672043 0.184437 0.0184952 0.967018 -0.254032 -68.8009 73.8356 654.18 
-0.202466 -0.254693 -0.94559 -0.97927 0.0586888 0.19387 0.00611892 0.965239 -0.261295 -70.3295 75.1907 654.362 
-0.223665 -0.233739 -0.946225 -0.974509 0.07104 0.212802 0.0174804 0.9697 -0.24367 -69.4249 75.2043 652.854 
-0.239649 -0.253496 -0.937181 -0.970795 0.0737389 0.228299 0.0112346 0.964521 -0.263764 -70.0358 76.9211 652.553 
-0.24524 -0.268484 -0.931544 -0.969462 0.0685269 0.235472 0.000616174 0.960843 -0.277091 -72.0884 78.0307 652.414 
-0.243532 -0.233299 -0.941416 -0.96963 0.0811405 0.230723 0.0225603 0.969014 -0.245974 -72.4026 79.0133 650.624 
-0.242305 -0.276547 -0.929952 -0.9702 0.0688883 0.232306 -0.000180255 0.958528 -0.284998 -74.5498 80.5637 651.06 
-0.247293 -0.276375 -0.928689 -0.96894 0.0700937 0.237152 -0.000446927 0.95849 -0.285124 -75.4432 81.4482 650.15 
-0.257802 -0.283514 -0.923666 -0.966184 0.0704983 0.248029 -0.00520219 0.956373 -0.292101 -76.4482 82.6727 649.473 
-0.26616 -0.278975 -0.922677 -0.963911 0.071191 0.25653 -0.0058785 0.957655 -0.287855 -77.2198 82.8636 648.671 
-0.275129 -0.272275 -0.922047 -0.961406 0.0764865 0.264288 -0.00143395 0.959174 -0.28281 -78.4215 84.0124 647.946 
-0.2818 -0.251867 -0.925825 -0.959233 0.095564 0.265971 0.021487 0.963031 -0.268529 -78.8691 85.859 646.807 
-0.294426 -0.271071 -0.916425 -0.955666 0.0795569 0.283501 -0.00394052 0.959265 -0.282477 -79.3674 86.7861 647.257 
-0.301606 -0.278073 -0.911982 -0.953394 0.0792998 0.291122 -0.00863254 0.957281 -0.28903 -80.3616 87.1856 646.759 
-0.304193 -0.274058 -0.912338 -0.952578 0.0796577 0.293681 -0.00781037 0.958408 -0.285293 -80.8661 87.9554 646.379 
-0.31577 -0.293684 -0.902241 -0.948584 0.0758307 0.307306 -0.0218329 0.952889 -0.302529 -81.5588 89.0677 646.558 
-0.316601 -0.297399 -0.900732 -0.948017 0.0671025 0.311065 -0.0320684 0.952392 -0.303184 -82.4513 90.3882 646.504 
-0.320152 -0.290143 -0.901843 -0.94703 0.0726749 0.312812 -0.0252183 0.954219 -0.298041 -82.7495 91.3199 645.583 
-0.324911 -0.293277 -0.899123 -0.945186 0.0680234 0.319368 -0.0325013 0.953604 -0.299303 -83.9965 91.5646 645.421 
-0.323045 -0.289344 -0.901068 -0.945894 0.0680868 0.317252 -0.0304433 0.9548 -0.295683 -84.2463 92.2703 645.03 
-0.318791 -0.283763 -0.904352 -0.947454 0.0687089 0.312426 -0.0265173 0.956429 -0.290756 -84.2292 92.9062 644.726 
-0.318344 -0.297984 -0.899924 -0.947524 0.0707272 0.311763 -0.0292505 0.951947 -0.304862 -84.7865 93.2857 644.56 
-0.303805 -0.318495 -0.897922 -0.952161 0.0688056 0.29775 -0.0330493 0.945424 -0.324162 -86.6312 93.8225 644.563 
-0.313058 -0.315179 -0.895912 -0.949192 0.0719536 0.306362 -0.0320943 0.9463 -0.321691 -85.6253 93.5561 644.138 
-0.308718 -0.318908 -0.896098 -0.950506 0.0686936 0.303016 -0.0350774 0.945293 -0.324331 -86.368 93.8941 644.326 
-0.314503 -0.310618 -0.896998 -0.948795 0.0733997 0.307247 -0.0295963 0.947696 -0.317797 -86.2998 93.9715 643.426 
-0.316318 -0.262798 -0.911527 -0.948652 0.0860004 0.304406 -0.00160508 0.96101 -0.276507 -85.2779 94.1681 642.509 
-0.327208 -0.312807 -0.891677 -0.944415 0.076431 0.319748 -0.0318667 0.946736 -0.320428 -85.6567 94.2898 643.443 
-0.340211 -0.296931 -0.892238 -0.940262 0.0944965 0.327075 -0.0128045 0.950211 -0.311341 -84.4599 94.6112 642.864 
-0.337262 -0.319623 -0.885492 -0.940415 0.0711412 0.332502 -0.0432797 0.94487 -0.324572 -85.1014 94.2259 644.215 
-0.349239 -0.325613 -0.878641 -0.936359 0.0856868 0.340426 -0.0355587 0.941612 -0.334816 -84.685 94.787 643.911 
-0.352369 -0.356971 -0.865106 -0.933964 0.0752962 0.349345 -0.0595662 0.931076 -0.35993 -84.5656 95.1131 644.922 
-0.348328 -0.390029 -0.852376 -0.934027 0.0676557 0.350737 -0.0791289 0.918313 -0.387864 -85.753 95.1471 645.395 
-0.349569 -0.4075 -0.843651 -0.932738 0.0664719 0.354375 -0.0883281 0.910782 -0.403327 -85.6186 95.6032 645.618 
-0.352227 -0.410908 -0.840887 -0.931283 0.0646011 0.358524 -0.0929976 0.909384 -0.405426 -85.0131 95.1051 645.649 
-0.353766 -0.420103 -0.835682 -0.930275 0.0652286 0.361018 -0.0971539 0.905129 -0.413887 -84.9243 94.745 645.785 
-0.346926 -0.426576 -0.83527 -0.932234 0.0591584 0.356988 -0.102869 0.902514 -0.418193 -85.1775 95.3229 646.014 
-0.346307 -0.423891 -0.836893 -0.932261 0.0559445 0.357434 -0.104693 0.903983 -0.414551 -85.0409 95.4788 646.173 
-0.354656 -0.424548 -0.833054 -0.9283 0.0534359 0.367972 -0.111707 0.903827 -0.41306 -84.462 95.3523 646.328 
-0.361582 -0.422606 -0.831061 -0.925892 0.0581115 0.373291 -0.10946 0.904448 -0.4123 -83.7752 96.2189 646.042 
-0.353837 -0.432406 -0.829352 -0.927168 0.0454398 0.371879 -0.123117 0.900533 -0.416992 -85.7237 95.5571 646.485 
-0.345617 -0.435817 -0.831032 -0.930275 0.0430158 0.364333 -0.123034 0.899007 -0.420296 -86.114 95.6928 646.149 
-0.351255 -0.439448 -0.826744 -0.926559 0.0362388 0.3744 -0.134569 0.897536 -0.419903 -85.2018 95.8981 646.64 
-0.35054 -0.438026 -0.827802 -0.926636 0.0339606 0.374422 -0.135893 0.89832 -0.417795 -85.5395 95.4967 646.231 
-0.359834 -0.442772 -0.821263 -0.921865 0.0330372 0.386101 -0.143822 0.896025 -0.420064 -84.5818 94.9346 646.596 
