Lower Arm R
-0.0148834 -0.327094 -0.944875 0.327094 0.891393 -0.313732 0.944875 -0.313732 0.0937236 43.3573 -12.3442 -85.718 
-0.631615 -0.45183 -0.63001 -0.666371 -0.0989387 0.739027 -0.396247 0.8866 -0.238596 -55.4104 0.242545 636.939 
-0.629754 -0.454112 -0.630232 -0.667055 -0.0996064 0.738321 -0.398056 0.885359 -0.24019 -55.878 0.251187 636.825 
-0.626621 -0.456377 -0.631717 -0.669912 -0.0987425 0.735845 -0.3982 0.88429 -0.243858 -56.1581 0.233391 636.776 
-0.623876 -0.461408 -0.630778 -0.671814 -0.095751 0.734505 -0.399305 0.882005 -0.250244 -56.565 0.00949828 636.742 
-0.61962 -0.460352 -0.635726 -0.675803 -0.0990368 0.730399 -0.399201 0.882194 -0.249743 -57.004 -0.0338749 636.865 
-0.609644 -0.463394 -0.643118 -0.686921 -0.096027 0.72036 -0.395567 0.880934 -0.259773 -56.5481 1.58152 637.559 
-0.616437 -0.459882 -0.639152 -0.683213 -0.0911401 0.72451 -0.391442 0.88329 -0.258015 -56.8218 -0.0858702 637.393 
-0.614508 -0.460311 -0.640698 -0.686221 -0.0887792 0.721955 -0.389205 0.883307 -0.26132 -57.2891 0.0440465 637.474 
-0.611874 -0.461906 -0.642069 -0.688954 -0.0875006 0.719504 -0.388525 0.882602 -0.264693 -57.7404 0.215064 637.516 
-0.61468 -0.462805 -0.638734 -0.686656 -0.0845369 0.722051 -0.388165 0.88242 -0.265825 -57.5806 0.0289562 637.586 
-0.609256 -0.460985 -0.645214 -0.692302 -0.0875552 0.716277 -0.386685 0.883078 -0.265798 -57.8935 -0.043696 637.662 
-0.605311 -0.460263 -0.649428 -0.699817 -0.081037 0.709711 -0.379282 0.884076 -0.273048 -58.1206 -0.153737 637.556 
-0.602315 -0.459261 -0.652914 -0.71037 -0.064724 0.700846 -0.364131 0.88594 -0.287262 -57.5863 -0.2323 637.531 
-0.602725 -0.450124 -0.658872 -0.71912 -0.0514355 0.69298 -0.345817 0.891483 -0.292692 -57.1413 -0.784519 637.291 
-0.590496 -0.448638 -0.67085 -0.735221 -0.043747 0.676414 -0.332813 0.892642 -0.304016 -57.5578 -0.651619 637.387 
-0.588135 -0.446984 -0.67402 -0.743427 -0.0293642 0.668172 -0.318455 0.894059 -0.315031 -57.7859 -0.942555 637.202 
-0.578824 -0.446169 -0.682566 -0.755885 -0.0204753 0.654385 -0.305942 0.894714 -0.325401 -58.2053 -0.83916 637.095 
-0.576208 -0.446975 -0.68425 -0.762235 -0.00821699 0.647248 -0.294926 0.894508 -0.335966 -58.341 -1.84531 637.148 
-0.566946 -0.450591 -0.689594 -0.772696 0.000753469 0.634776 -0.285505 0.892729 -0.348598 -59.1418 -1.75458 637.056 
-0.565057 -0.443891 -0.695465 -0.778488 0.00767689 0.627613 -0.273253 0.896047 -0.349902 -58.6755 -2.17792 636.737 
-0.560063 -0.44193 -0.700734 -0.785225 0.0135259 0.619063 -0.264104 0.896947 -0.35459 -58.5116 -2.19525 636.67 
-0.557639 -0.441117 -0.703175 -0.788092 0.0153272 0.615367 -0.260671 0.897318 -0.356188 -58.5813 -2.73762 636.619 
-0.555083 -0.443592 -0.70364 -0.790328 0.017505 0.612434 -0.259354 0.896057 -0.360301 -59.1106 -3.88407 636.432 
-0.555432 -0.448234 -0.700416 -0.790734 0.0240135 0.611689 -0.25736 0.893593 -0.367772 -58.8934 -3.99008 636.528 
-0.56091 -0.442458 -0.699723 -0.788757 0.0288685 0.614028 -0.251482 0.896324 -0.365185 -58.2592 -4.11719 636.48 
-0.55652 -0.441885 -0.703579 -0.792153 0.0268284 0.609733 -0.250556 0.89667 -0.364971 -58.0306 -4.42039 636.393 
-0.551906 -0.434386 -0.711835 -0.795324 0.0175489 0.60593 -0.250716 0.900555 -0.355164 -57.6623 -5.25181 636.512 
-0.543721 -0.420703 -0.726208 -0.803486 0.0109757 0.595223 -0.242441 0.907132 -0.343997 -57.8597 -5.63025 636.287 
-0.549506 -0.423984 -0.719918 -0.800811 0.0216027 0.598528 -0.238214 0.905412 -0.351402 -57.5311 -5.99773 636.15 
-0.552891 -0.420946 -0.719108 -0.798858 0.0223881 0.601104 -0.236933 0.906809 -0.348655 -56.896 -6.64852 636.262 
-0.549318 -0.409546 -0.728369 -0.802612 0.0160504 0.596286 -0.232516 0.912148 -0.337524 -56.782 -7.8661 636.072 
-0.545575 -0.412854 -0.729315 -0.808257 0.0291887 0.588106 -0.221515 0.910329 -0.349617 -56.7542 -7.87502 635.668 
-0.5369 -0.425579 -0.728438 -0.813446 0.0321912 0.580749 -0.223706 0.904348 -0.36347 -57.9739 -8.36387 635.516 
-0.529971 -0.437759 -0.726291 -0.817857 0.0374759 0.5742 -0.224143 0.89831 -0.377886 -58.8198 -8.89236 635.155 
-0.536796 -0.450226 -0.713546 -0.812699 0.0487296 0.580642 -0.22665 0.891583 -0.392057 -58.6483 -8.90504 635.211 
-0.542388 -0.448669 -0.71029 -0.810047 0.0550808 0.583772 -0.222798 0.891998 -0.393319 -57.7477 -8.88389 635.359 
-0.536806 -0.452313 -0.712217 -0.813151 0.0522428 0.579704 -0.225 0.890327 -0.395844 -57.6435 -9.24158 635.423 
-0.52915 -0.454128 -0.716777 -0.818736 0.051382 0.571867 -0.222871 0.889453 -0.399 -57.7802 -9.54645 635.216 
-0.529599 -0.451573 -0.718058 -0.819742 0.0548523 0.570101 -0.218055 0.890546 -0.399224 -57.3346 -9.85598 634.915 
-0.537868 -0.442585 -0.717508 -0.817932 0.0678433 0.571302 -0.204172 0.894156 -0.398496 -56.1995 -10.3214 634.194 
-0.526758 -0.427263 -0.734829 -0.828322 0.0639583 0.55659 -0.190812 0.901862 -0.387603 -56.4435 -10.7449 633.549 
-0.519978 -0.430446 -0.737794 -0.834165 0.0700069 0.547054 -0.183827 0.899897 -0.395465 -57.0954 -10.862 633.108 
-0.517292 -0.419564 -0.745906 -0.837975 0.0713143 0.54103 -0.173803 0.90492 -0.388475 -57.0981 -11.3449 632.646 
-0.508799 -0.403772 -0.760324 -0.845298 0.0670134 0.530076 -0.163078 0.912402 -0.375404 -57.0468 -11.681 632.252 
-0.500875 -0.374258 -0.780421 -0.85344 0.0634419 0.517315 -0.144098 0.925151 -0.351184 -56.9648 -12.1894 631.878 
-0.504974 -0.352245 -0.787988 -0.853841 0.0702517 0.515772 -0.126321 0.933267 -0.336237 -57.1346 -12.4969 631.293 
-0.492159 -0.349185 -0.797402 -0.861169 0.0614993 0.504586 -0.127154 0.935033 -0.330975 -58.6373 -12.5617 631.386 
-0.495184 -0.334114 -0.801973 -0.860551 0.0618194 0.505599 -0.119351 0.940503 -0.318135 -58.1585 -12.4172 630.951 
-0.502289 -0.323107 -0.802065 -0.855412 0.0500861 0.515521 -0.126397 0.945035 -0.301548 -57.9248 -13.035 630.919 
-0.500121 -0.28286 -0.818456 -0.860235 0.0538286 0.507048 -0.0993673 0.957649 -0.270247 -57.3411 -12.7384 630.009 
-0.498471 -0.28891 -0.817349 -0.859382 0.0407278 0.50971 -0.113972 0.956489 -0.268586 -57.8555 -12.6825 630.421 
-0.499655 -0.31057 -0.808636 -0.857014 0.0414697 0.513622 -0.125982 0.949645 -0.286884 -58.4025 -12.6863 630.558 
-0.501138 -0.314502 -0.806195 -0.855859 0.0424023 0.515469 -0.127931 0.948309 -0.290419 -58.8085 -12.4617 630.584 
-0.506449 -0.323422 -0.799318 -0.852611 0.0494742 0.520198 -0.128698 0.94496 -0.30081 -59.128 -12.4786 630.918 
-0.505209 -0.308218 -0.806081 -0.852584 0.0335993 0.521508 -0.133655 0.950722 -0.279757 -59.1835 -13.098 630.837 
-0.511609 -0.320489 -0.79721 -0.847872 0.0380269 0.528835 -0.13917 0.946488 -0.291189 -58.9816 -13.2309 631.089 
-0.510256 -0.309082 -0.802564 -0.849549 0.0359527 0.526283 -0.133811 0.950355 -0.280926 -58.5396 -13.7411 630.926 
-0.513827 -0.308025 -0.800689 -0.847254 0.035661 0.52999 -0.134697 0.950709 -0.279299 -58.6936 -13.9133 630.932 
-0.508399 -0.293808 -0.80945 -0.851727 0.0330946 0.52294 -0.126856 0.955291 -0.267069 -59.2091 -14.0826 630.447 
-0.503847 -0.287271 -0.814626 -0.855207 0.033259 0.517219 -0.121488 0.957271 -0.262434 -58.8508 -14.2827 630.413 
-0.50375 -0.282763 -0.816261 -0.855058 0.0287485 0.517735 -0.122931 0.958758 -0.256261 -58.3922 -14.7586 630.648 
-0.494964 -0.290152 -0.819038 -0.860132 0.0299404 0.509192 -0.123221 0.956511 -0.264389 -58.7063 -14.799 630.666 
-0.494119 -0.298254 -0.816634 -0.860188 0.0313881 0.50901 -0.126182 0.95397 -0.272064 -58.5351 -14.7417 630.771 
-0.487802 -0.296824 -0.820942 -0.863506 0.0260827 0.503664 -0.128088 0.954575 -0.269033 -58.0443 -14.4817 631.089 
-0.477557 -0.285855 -0.830799 -0.868748 0.0124169 0.495099 -0.131211 0.958192 -0.254266 -57.3842 -15.0943 631.062 
-0.45996 -0.28882 -0.839655 -0.877084 0.000367631 0.480338 -0.138423 0.957383 -0.253489 -57.8458 -15.4025 631.228 
-0.450699 -0.291779 -0.843645 -0.882074 0.000339855 0.471112 -0.137174 0.956485 -0.257524 -56.1758 -16.0312 630.936 
-0.436712 -0.265252 -0.859608 -0.890324 -0.00943865 0.45523 -0.128864 0.964132 -0.232038 -55.1282 -16.1889 630.449 
-0.412207 -0.286894 -0.864742 -0.898389 -0.0299365 0.438178 -0.151598 0.957494 -0.245403 -55.5049 -16.0011 631.109 
-0.370869 -0.274249 -0.887268 -0.915514 -0.052371 0.398864 -0.155855 0.960231 -0.231656 -55.8 -16.2408 630.481 
-0.356463 -0.285338 -0.889673 -0.919458 -0.0619704 0.388273 -0.165923 0.956421 -0.240267 -55.2292 -16.7785 630.031 
-0.337734 -0.266438 -0.902745 -0.925623 -0.0799813 0.369899 -0.170758 0.960527 -0.219608 -53.8057 -17.4919 630.001 
-0.312295 -0.287783 -0.905348 -0.932601 -0.0886089 0.349862 -0.180907 0.953587 -0.240715 -54.7755 -17.4816 630.118 
-0.293873 -0.286469 -0.911908 -0.938757 -0.0930846 0.331768 -0.179926 0.953556 -0.24157 -54.9881 -17.733 629.905 
-0.259941 -0.279535 -0.924279 -0.949806 -0.0985267 0.296918 -0.174065 0.955066 -0.239894 -55.8365 -17.8342 629.61 
-0.238025 -0.277612 -0.93074 -0.955984 -0.102321 0.275 -0.171577 0.955228 -0.241038 -55.6008 -18.3619 629.297 
-0.210277 -0.272534 -0.938888 -0.961753 -0.114774 0.248714 -0.175544 0.955275 -0.237976 -55.2127 -19.2118 628.903 
-0.17932 -0.282895 -0.94224 -0.965508 -0.133179 0.223733 -0.18878 0.949859 -0.249256 -55.8692 -19.6552 629.062 
-0.162041 -0.282379 -0.945519 -0.96746 -0.143235 0.208579 -0.19433 0.948549 -0.24998 -54.6242 -20.4823 628.68 
-0.112883 -0.295911 -0.948523 -0.971883 -0.165651 0.167341 -0.206642 0.940742 -0.268892 -57.1337 -20.8176 629.002 
-0.103207 -0.303357 -0.947272 -0.969199 -0.183429 0.164338 -0.22361 0.935055 -0.275083 -57.1266 -22.0801 629.137 
-0.0836447 -0.315886 -0.945104 -0.969072 -0.195184 0.151003 -0.232169 0.928503 -0.28979 -58.7069 -22.7844 629.091 
-0.0705344 -0.30215 -0.950648 -0.969842 -0.202126 0.136202 -0.233305 0.931584 -0.278781 -57.7349 -23.8783 628.79 
-0.0613571 -0.312117 -0.948061 -0.969361 -0.207719 0.13112 -0.237856 0.927057 -0.289809 -57.5732 -24.7182 628.491 
-0.0437408 -0.329485 -0.943148 -0.967594 -0.221032 0.122091 -0.248693 0.917924 -0.30914 -58.949 -25.5667 629.163 
-0.0274908 -0.323664 -0.945773 -0.967555 -0.229103 0.106528 -0.251159 0.918015 -0.306865 -58.8762 -26.202 629.082 
0.000550088 -0.3339 -0.942609 -0.965574 -0.245374 0.0863554 -0.260126 0.910111 -0.322541 -60.308 -27.0063 629.811 
0.0179205 -0.329374 -0.94403 -0.96415 -0.255706 0.070914 -0.264752 0.908915 -0.322149 -61.1821 -28.1569 629.884 
0.0335184 -0.336869 -0.940956 -0.963431 -0.261326 0.0592373 -0.265851 0.904559 -0.333309 -61.2132 -28.6161 629.863 
0.0384211 -0.359674 -0.932288 -0.959935 -0.272448 0.0655489 -0.277576 0.892416 -0.355731 -62.2961 -28.7087 630.005 
0.0514062 -0.343274 -0.937828 -0.960885 -0.272894 0.0472175 -0.272136 0.898716 -0.343876 -60.7703 -28.5621 629.682 
0.0612168 -0.353709 -0.933351 -0.95849 -0.281725 0.0438987 -0.278475 0.891919 -0.356274 -61.533 -28.492 629.972 
0.0380676 -0.362546 -0.931189 -0.958619 -0.276351 0.0684048 -0.282135 0.89005 -0.358064 -59.8851 -27.9961 629.889 
0.0449937 -0.365933 -0.929554 -0.958525 -0.277953 0.0630243 -0.281435 0.888164 -0.363262 -60.7291 -27.938 630.096 
0.0430919 -0.349807 -0.935831 -0.959994 -0.27391 0.0581809 -0.276685 0.895884 -0.347616 -59.7021 -27.6112 630.622 
0.043134 -0.367844 -0.928887 -0.960296 -0.27177 0.0630295 -0.275629 0.889287 -0.364962 -59.3763 -27.237 630.97 
0.0475888 -0.382982 -0.92253 -0.956844 -0.282548 0.067939 -0.286678 0.879483 -0.379901 -60.2341 -27.3534 631.745 
0.0257322 -0.390201 -0.920371 -0.956695 -0.276653 0.0905425 -0.289953 0.878183 -0.380423 -57.8642 -26.9574 631.998 
0.0348871 -0.399608 -0.916023 -0.954314 -0.285493 0.088199 -0.296763 0.871095 -0.391312 -58.7881 -27.0865 632.593 
0.0385056 -0.424076 -0.904808 -0.950672 -0.29446 0.0975535 -0.3078 0.856418 -0.414496 -59.542 -26.9062 633.051 
0.03115 -0.433163 -0.900778 -0.952376 -0.286361 0.10477 -0.30333 0.854615 -0.421454 -58.9124 -26.438 633.349 
0.0363344 -0.429199 -0.90248 -0.95452 -0.282324 0.0958376 -0.295925 0.857951 -0.419937 -58.0971 -26.0133 633.501 
0.0467802 -0.432701 -0.900324 -0.958191 -0.274137 0.0819649 -0.282278 0.858847 -0.427435 -58.4369 -25.4881 633.384 
0.0499526 -0.441002 -0.896115 -0.955013 -0.283704 0.0863825 -0.292326 0.851486 -0.435335 -58.8441 -25.8296 633.723 
0.0376217 -0.45253 -0.890956 -0.954132 -0.281267 0.10257 -0.297013 0.84623 -0.442355 -57.4455 -25.6253 633.772 
0.0505351 -0.451101 -0.891041 -0.951582 -0.292615 0.0941715 -0.303213 0.843139 -0.444048 -57.8913 -25.5872 634.267 
0.0437099 -0.470153 -0.881502 -0.950249 -0.29195 0.108594 -0.30841 0.832899 -0.459524 -58.0918 -26.0467 634.438 
0.0420407 -0.474152 -0.87944 -0.950359 -0.29059 0.111241 -0.308301 0.831106 -0.462832 -58.4821 -26.296 634.537 
0.0378197 -0.480675 -0.876084 -0.951251 -0.285861 0.115777 -0.30609 0.828996 -0.468054 -58.2879 -26.309 634.308 
0.031293 -0.479037 -0.877237 -0.952081 -0.281438 0.119724 -0.30424 0.831453 -0.46489 -57.7769 -26.4804 634.456 
0.0193862 -0.483116 -0.875343 -0.951247 -0.27846 0.13262 -0.307819 0.830095 -0.464961 -57.0102 -26.3276 634.878 
0.0270875 -0.480786 -0.87642 -0.949667 -0.286097 0.127596 -0.312087 0.82885 -0.464337 -57.4415 -26.681 635.239 
0.01914 -0.486053 -0.87372 -0.94844 -0.285354 0.137966 -0.316378 0.82603 -0.466454 -57.175 -26.4316 635.711 
0.0178627 -0.510573 -0.859649 -0.946565 -0.285545 0.149926 -0.322017 0.811035 -0.488392 -58.1295 -27.0483 635.403 
0.0160284 -0.505815 -0.862493 -0.94747 -0.28327 0.148518 -0.319442 0.814805 -0.483786 -57.7828 -26.5106 635.664 
0.0191652 -0.517208 -0.855646 -0.945773 -0.286933 0.152257 -0.324261 0.806328 -0.494662 -58.4316 -26.3522 635.891 
0.00544262 -0.515156 -0.85708 -0.943342 -0.287012 0.166521 -0.331777 0.807612 -0.487532 -56.9062 -26.606 636.243 
0.0158835 -0.514656 -0.857251 -0.942764 -0.293314 0.158625 -0.333081 0.805665 -0.489858 -58.4734 -26.8369 635.978 
0.0193534 -0.525263 -0.850721 -0.941386 -0.296183 0.161457 -0.336776 0.79773 -0.500208 -59.3829 -27.0988 635.765 
0.0172181 -0.532795 -0.84607 -0.939102 -0.299081 0.169229 -0.343208 0.791631 -0.505499 -58.8945 -27.1762 635.739 
0.00220633 -0.539068 -0.84226 -0.937196 -0.294892 0.186284 -0.348795 0.788951 -0.505864 -57.6615 -27.2621 635.793 
0.00512571 -0.536106 -0.844136 -0.934295 -0.303478 0.187064 -0.356463 0.787712 -0.502438 -57.6914 -27.3286 635.936 
0.0136701 -0.536546 -0.843761 -0.931835 -0.312861 0.18385 -0.362624 0.783732 -0.50425 -59.01 -27.1797 635.852 
0.0134195 -0.541717 -0.840454 -0.930699 -0.314042 0.187556 -0.36554 0.779692 -0.50839 -59.2544 -27.9492 635.728 
0.00630417 -0.551716 -0.834009 -0.927521 -0.314921 0.201317 -0.373717 0.772291 -0.513715 -58.86 -28.4701 635.967 
0.00552674 -0.538797 -0.842418 -0.927077 -0.318534 0.197647 -0.37483 0.779893 -0.501267 -58.5883 -28.1623 636.485 
0.00580603 -0.549579 -0.835422 -0.921897 -0.326587 0.208437 -0.387391 0.768962 -0.508552 -59.4319 -28.6747 636.412 
0.00456651 -0.541608 -0.840619 -0.924475 -0.322749 0.202925 -0.381215 0.776204 -0.502178 -59.6386 -28.0428 636.493 
-0.00257992 -0.538313 -0.842742 -0.925583 -0.317725 0.205785 -0.378537 0.780557 -0.497434 -59.1031 -27.8068 636.573 
-0.00105463 -0.531536 -0.847036 -0.925297 -0.320712 0.202407 -0.379241 0.783972 -0.491491 -59.1107 -27.4187 636.845 
-0.00222496 -0.531698 -0.846932 -0.925881 -0.318884 0.202626 -0.377808 0.784608 -0.49158 -59.7311 -27.2083 636.629 
-0.0084532 -0.533915 -0.845496 -0.926256 -0.314425 0.207815 -0.376801 0.784902 -0.491885 -59.6762 -27.0315 636.318 
-0.0107837 -0.531903 -0.846737 -0.926515 -0.313181 0.208534 -0.376102 0.786763 -0.489439 -59.2559 -26.6272 636.275 
-0.00638266 -0.539297 -0.842092 -0.930965 -0.304216 0.201884 -0.365054 0.785245 -0.500126 -60.0293 -26.1955 635.21 
-0.00591431 -0.54071 -0.841189 -0.926147 -0.314275 0.208526 -0.377117 0.780297 -0.498919 -60.0419 -27.6374 635.264 
0.00215052 -0.534379 -0.845243 -0.926064 -0.320026 0.199971 -0.37736 0.782318 -0.495558 -60.5706 -27.831 635.103 
0.00425624 -0.541947 -0.840403 -0.924453 -0.32256 0.203327 -0.381273 0.776046 -0.502378 -60.8656 -27.29 635.213 
-0.00126173 -0.538417 -0.842678 -0.922814 -0.32401 0.208403 -0.385244 0.777897 -0.49645 -60.5151 -27.8116 635.297 
-0.0083844 -0.534424 -0.845176 -0.926321 -0.314199 0.207865 -0.376641 0.784646 -0.492414 -60.128 -26.516 635.213 
RFing.0_Hand
-0.461729 0.0039796 -0.887012 -0.0039796 0.999971 0.00655795 0.887012 0.00655795 -0.4617 32.7108 -9.73219 -73.4609 
-0.801324 -0.414066 -0.431773 -0.147346 -0.562908 0.81328 -0.5798 0.715322 0.390062 -70.7983 -0.666655 631.212 
-0.800121 -0.415322 -0.432798 -0.149884 -0.560209 0.814678 -0.58081 0.716711 0.385986 -71.2492 -0.675276 631.055 
-0.796999 -0.41591 -0.437963 -0.155119 -0.559852 0.813943 -0.583721 0.716649 0.381687 -71.5098 -0.753078 630.965 
-0.795316 -0.418859 -0.438212 -0.155326 -0.557949 0.81521 -0.585957 0.716416 0.378687 -71.8822 -1.00897 630.846 
-0.793777 -0.414245 -0.44533 -0.164652 -0.558501 0.812999 -0.585497 0.718665 0.375119 -72.3169 -1.15171 630.976 
-0.788927 -0.409164 -0.458451 -0.187644 -0.550022 0.813797 -0.585135 0.728053 0.357151 -71.8182 0.225298 631.609 
-0.793762 -0.409233 -0.449966 -0.17636 -0.553161 0.814193 -0.582098 0.725632 0.366907 -72.1294 -1.34268 631.518 
-0.795291 -0.407963 -0.448417 -0.177315 -0.5508 0.815585 -0.579716 0.72814 0.365709 -72.5893 -1.27257 631.593 
-0.793988 -0.407969 -0.450715 -0.180701 -0.549506 0.815715 -0.580456 0.729113 0.362581 -73.0247 -1.15892 631.607 
-0.795444 -0.410349 -0.445961 -0.17552 -0.548346 0.817624 -0.580051 0.728651 0.364155 -72.8674 -1.28379 631.67 
-0.796092 -0.406181 -0.448613 -0.177952 -0.551406 0.815036 -0.57842 0.728676 0.36669 -73.1757 -1.49347 631.765 
-0.795003 -0.402752 -0.453607 -0.191937 -0.542348 0.817936 -0.575438 0.737327 0.353866 -73.3955 -1.75358 631.679 
-0.798291 -0.395059 -0.454597 -0.20647 -0.529552 0.822767 -0.565774 0.750669 0.341169 -72.8577 -2.02509 631.701 
-0.806451 -0.380022 -0.453011 -0.220861 -0.517084 0.826949 -0.548503 0.766948 0.333072 -72.4619 -2.74313 631.646 
-0.802544 -0.368614 -0.469091 -0.246001 -0.511861 0.823093 -0.543512 0.775966 0.320113 -72.8458 -2.97001 631.791 
-0.802267 -0.365981 -0.47162 -0.259867 -0.497141 0.82784 -0.537435 0.786708 0.303735 -73.0739 -3.42166 631.675 
-0.80047 -0.358482 -0.480351 -0.27821 -0.487634 0.827534 -0.530891 0.796056 0.290604 -73.4632 -3.60094 631.619 
-0.8014 -0.35623 -0.480476 -0.286356 -0.476752 0.831089 -0.525126 0.803623 0.280061 -73.5851 -4.73712 631.701 
-0.795381 -0.356567 -0.49013 -0.303365 -0.465877 0.831221 -0.524726 0.809827 0.26238 -74.3318 -4.89009 631.593 
-0.796523 -0.345525 -0.496148 -0.315673 -0.462214 0.828679 -0.515655 0.816684 0.259092 -73.8896 -5.4472 631.421 
-0.797679 -0.339722 -0.498293 -0.323701 -0.45596 0.829047 -0.508846 0.822613 0.253742 -73.7136 -5.62671 631.422 
-0.794777 -0.340424 -0.502434 -0.326179 -0.458537 0.82665 -0.511796 0.820887 0.253396 -73.7766 -6.24005 631.399 
-0.795695 -0.343663 -0.498762 -0.322458 -0.456712 0.829117 -0.512727 0.820556 0.252588 -74.2833 -7.44085 631.183 
-0.793857 -0.343465 -0.501819 -0.328629 -0.452026 0.829262 -0.511657 0.823229 0.245972 -74.0462 -7.54693 631.221 
-0.793837 -0.341386 -0.503266 -0.333116 -0.448257 0.829518 -0.508778 0.82615 0.242122 -73.4624 -7.61529 631.279 
-0.792205 -0.337954 -0.508132 -0.336636 -0.452498 0.825786 -0.509006 0.825248 0.244704 -73.2174 -8.0099 631.207 
-0.788569 -0.333432 -0.516702 -0.336327 -0.469588 0.816316 -0.514822 0.817503 0.258162 -72.8621 -8.93899 631.434 
-0.791663 -0.325431 -0.517072 -0.334929 -0.476655 0.812787 -0.51097 0.816637 0.268355 -73.0789 -9.54439 631.442 
-0.791252 -0.327518 -0.516382 -0.340485 -0.46547 0.81695 -0.507926 0.822236 0.25679 -72.7642 -9.82295 631.278 
-0.792152 -0.326275 -0.51579 -0.339834 -0.466186 0.816813 -0.506959 0.822324 0.258412 -72.1573 -10.4208 631.437 
-0.79324 -0.318708 -0.518839 -0.337604 -0.478924 0.810343 -0.506746 0.81796 0.272306 -72.0722 -11.7482 631.429 
-0.793881 -0.312483 -0.521638 -0.349477 -0.46755 0.81195 -0.497611 0.826894 0.261975 -72.0136 -11.8874 631.035 
-0.796527 -0.311494 -0.518185 -0.353967 -0.454574 0.817355 -0.490155 0.834467 0.251823 -73.1399 -12.5121 630.699 
-0.797623 -0.313076 -0.515538 -0.35914 -0.440179 0.822959 -0.484577 0.841563 0.23866 -73.9002 -13.1538 630.171 
-0.796297 -0.319259 -0.513794 -0.366668 -0.420799 0.829749 -0.481108 0.849119 0.21802 -73.7067 -13.0125 630.035 
-0.793621 -0.313682 -0.521314 -0.379733 -0.414086 0.827246 -0.475361 0.854481 0.209513 -72.8396 -12.913 630.219 
-0.794519 -0.312635 -0.520575 -0.381381 -0.410198 0.828424 -0.472532 0.856737 0.206678 -72.6923 -13.3576 630.226 
-0.786811 -0.310841 -0.533202 -0.393243 -0.413376 0.821268 -0.475696 0.855862 0.203014 -72.7836 -13.8159 630.012 
-0.784956 -0.309671 -0.536607 -0.39877 -0.410336 0.820126 -0.474158 0.857747 0.198609 -72.3519 -14.1496 629.771 
-0.790086 -0.306729 -0.530735 -0.399796 -0.39848 0.825456 -0.464678 0.864368 0.192206 -71.2976 -14.5543 629.239 
-0.786888 -0.299216 -0.539699 -0.402454 -0.414157 0.816397 -0.467799 0.859619 0.205475 -71.5515 -15.2691 628.891 
-0.783181 -0.301871 -0.543599 -0.411883 -0.403067 0.817245 -0.465809 0.863952 0.19134 -72.1551 -15.547 628.452 
-0.784845 -0.294391 -0.545298 -0.414614 -0.404523 0.815142 -0.460556 0.86585 0.19543 -72.1868 -16.1379 628.199 
-0.783485 -0.287985 -0.550649 -0.419588 -0.408454 0.810624 -0.458362 0.866159 0.199183 -72.1473 -16.6884 628.091 
-0.783322 -0.275261 -0.557347 -0.417806 -0.43074 0.799938 -0.460264 0.859474 0.222404 -72.1163 -17.439 628.232 
-0.783129 -0.267847 -0.561218 -0.421929 -0.434105 0.795945 -0.456819 0.860124 0.226948 -72.3731 -17.7542 628.043 
-0.775773 -0.265625 -0.57238 -0.42849 -0.444127 0.786859 -0.463218 0.855685 0.230725 -73.8062 -18.0447 628.183 
-0.777813 -0.261003 -0.571737 -0.427541 -0.447045 0.785723 -0.460667 0.855588 0.236129 -73.3834 -17.8813 627.99 
-0.781569 -0.255747 -0.568983 -0.419212 -0.460121 0.782656 -0.461963 0.850226 0.252405 -73.2185 -18.3543 628.051 
-0.778591 -0.243038 -0.578556 -0.427018 -0.470393 0.77226 -0.459837 0.84833 0.262463 -72.6987 -18.1991 627.832 
-0.776137 -0.242966 -0.581874 -0.423749 -0.482384 0.766643 -0.466955 0.84159 0.271441 -73.1927 -18.1305 628.075 
-0.775736 -0.249626 -0.579586 -0.427292 -0.46809 0.773507 -0.464385 0.847691 0.256452 -73.7067 -18.0624 627.856 
-0.770493 -0.246593 -0.587819 -0.440005 -0.46149 0.77034 -0.461232 0.852186 0.247073 -74.1136 -17.8022 627.819 
-0.765458 -0.255486 -0.590592 -0.446781 -0.449505 0.773519 -0.463097 0.855963 0.229932 -74.4462 -17.7153 628.028 
-0.76476 -0.24429 -0.596208 -0.447245 -0.464823 0.764141 -0.463802 0.851037 0.246221 -74.5264 -18.3519 628.115 
-0.765004 -0.250262 -0.593412 -0.445469 -0.459812 0.7682 -0.465108 0.852023 0.240275 -74.3371 -18.3406 628.17 
-0.767533 -0.248411 -0.590917 -0.43885 -0.468301 0.76688 -0.467228 0.847932 0.250422 -73.9112 -18.9025 628.19 
-0.767349 -0.246267 -0.592053 -0.438491 -0.47216 0.764716 -0.467868 0.846415 0.254327 -74.0887 -19.0079 628.202 
-0.763451 -0.24208 -0.59878 -0.445312 -0.474204 0.759492 -0.467801 0.846481 0.254231 -74.5989 -19.3118 627.952 
-0.771149 -0.238042 -0.590478 -0.437366 -0.4759 0.76304 -0.462644 0.846674 0.262879 -74.2242 -19.6148 628.037 
-0.772523 -0.23245 -0.59091 -0.433467 -0.486981 0.758258 -0.464019 0.841913 0.275445 -73.7725 -20.0924 628.321 
-0.769453 -0.230225 -0.595766 -0.441477 -0.482366 0.756586 -0.461561 0.845175 0.26952 -74.0193 -20.2831 628.247 
-0.766723 -0.228908 -0.59978 -0.449975 -0.474737 0.756405 -0.457884 0.84984 0.26099 -73.8284 -20.2255 628.23 
-0.760973 -0.223016 -0.609247 -0.458471 -0.479584 0.7482 -0.459046 0.848684 0.262706 -73.3 -20.0732 628.556 
-0.757091 -0.210808 -0.618362 -0.465817 -0.489459 0.737186 -0.458068 0.846162 0.272368 -72.5917 -20.8678 628.651 
-0.745849 -0.208292 -0.632711 -0.476688 -0.496558 0.725396 -0.465271 0.842642 0.271068 -72.9295 -21.4579 628.732 
-0.744714 -0.195262 -0.638179 -0.483059 -0.502097 0.717323 -0.460494 0.84248 0.279596 -71.1901 -22.2454 628.413 
-0.736701 -0.174077 -0.653427 -0.495166 -0.519205 0.69659 -0.460523 0.836734 0.296303 -70.0801 -22.6912 628.309 
-0.716944 -0.169692 -0.676162 -0.513492 -0.527463 0.676837 -0.471504 0.83246 0.291026 -70.2441 -22.8225 628.532 
-0.693285 -0.137056 -0.707509 -0.54547 -0.541805 0.63946 -0.470974 0.829255 0.300866 -70.2277 -23.7303 627.999 
-0.688312 -0.127928 -0.714044 -0.551487 -0.547182 0.629646 -0.471261 0.827181 0.306082 -69.5223 -24.4466 627.324 
-0.669148 -0.109087 -0.735078 -0.562215 -0.572536 0.596755 -0.485956 0.812591 0.321782 -67.9615 -25.4639 627.456 
-0.650151 -0.110815 -0.75168 -0.579075 -0.568226 0.58463 -0.491909 0.815378 0.305263 -68.6799 -25.7667 627.213 
-0.63933 -0.104711 -0.761769 -0.590591 -0.567534 0.573678 -0.4924 0.816665 0.301001 -68.7261 -26.2923 627.002 
-0.619789 -0.0866186 -0.779973 -0.610804 -0.570782 0.54875 -0.492726 0.816521 0.300858 -69.262 -26.9054 626.802 
-0.612913 -0.0739809 -0.786678 -0.62401 -0.565431 0.539351 -0.484713 0.821472 0.300396 -68.8136 -27.7461 626.509 
-0.592624 -0.0539429 -0.80367 -0.644579 -0.566569 0.51334 -0.483025 0.822248 0.300993 -68.1507 -28.9662 626.096 
-0.56522 -0.0374191 -0.82409 -0.661289 -0.576665 0.479744 -0.493175 0.816124 0.301199 -68.4726 -29.7526 625.961 
-0.554413 -0.032811 -0.831594 -0.668801 -0.577122 0.468652 -0.495308 0.815999 0.298021 -67.0429 -30.7814 625.499 
-0.521728 -0.0203961 -0.852867 -0.68518 -0.585583 0.433153 -0.508258 0.810357 0.291541 -68.9912 -31.645 625.454 
-0.515231 -0.0251944 -0.85668 -0.684076 -0.590077 0.428777 -0.516309 0.806955 0.286792 -68.8638 -32.9398 625.3 
-0.490442 -0.0222936 -0.871188 -0.698064 -0.588398 0.408038 -0.521702 0.808265 0.273014 -70.1998 -33.8041 624.981 
-0.488584 -0.0108164 -0.872449 -0.696433 -0.597526 0.397421 -0.52561 0.801777 0.284409 -69.0933 -35.0752 624.785 
-0.487139 -0.0113541 -0.87325 -0.693789 -0.602281 0.394859 -0.530425 0.798204 0.285518 -68.8088 -35.9727 624.306 
-0.46429 -0.0190696 -0.885477 -0.701146 -0.602926 0.380623 -0.541135 0.79757 0.266563 -69.9458 -36.919 624.623 
-0.449994 -0.0122513 -0.892947 -0.707617 -0.605083 0.364901 -0.544777 0.796069 0.263615 -69.6841 -37.7313 624.535 
-0.428546 -0.0158621 -0.90338 -0.707545 -0.61591 0.346461 -0.561895 0.787658 0.252724 -70.75 -38.7523 624.973 
-0.410218 -0.00347249 -0.91198 -0.709917 -0.626513 0.321714 -0.572484 0.779404 0.254543 -71.4112 -40.0656 624.988 
-0.39117 -0.00372284 -0.92031 -0.717519 -0.624986 0.307504 -0.576326 0.780628 0.241806 -71.2286 -40.6481 624.829 
-0.374052 -0.0292 -0.926948 -0.717601 -0.624039 0.309232 -0.58748 0.780849 0.21247 -72.2045 -40.6529 624.567 
-0.383454 -0.00633886 -0.923538 -0.712788 -0.63384 0.300301 -0.587278 0.773439 0.238531 -70.5405 -40.7096 624.448 
-0.379478 -0.00781286 -0.925167 -0.711707 -0.636465 0.297297 -0.591159 0.771267 0.235965 -71.1536 -40.6612 624.516 
-0.39607 -0.0139865 -0.918113 -0.710335 -0.628934 0.316017 -0.581852 0.777334 0.239168 -69.7922 -39.9017 624.365 
-0.385744 -0.0149157 -0.922485 -0.716285 -0.625351 0.309632 -0.581495 0.780202 0.230543 -70.5386 -39.9015 624.523 
-0.398351 0.00237374 -0.917229 -0.708142 -0.636366 0.305898 -0.582967 0.771384 0.255179 -69.5691 -39.6356 625.286 
-0.40089 -0.00565289 -0.916108 -0.712247 -0.627003 0.315549 -0.576186 0.778997 0.247334 -69.2061 -39.2106 625.454 
-0.393785 -0.0173126 -0.919039 -0.71264 -0.625755 0.317136 -0.580583 0.779829 0.234076 -69.9715 -39.2538 625.916 
-0.411685 -0.0256409 -0.910965 -0.707472 -0.621109 0.337205 -0.574454 0.783306 0.237562 -67.8686 -38.6095 626.119 
-0.406293 -0.0312949 -0.913206 -0.703546 -0.627002 0.334501 -0.58305 0.77839 0.23273 -68.6505 -38.7502 626.502 
-0.392688 -0.048099 -0.918413 -0.708762 -0.620536 0.335546 -0.586047 0.782702 0.209587 -69.2904 -38.4445 626.551 
-0.392679 -0.0578311 -0.917855 -0.707324 -0.61887 0.341602 -0.587788 0.783362 0.202113 -68.7294 -37.9069 626.83 
-0.391964 -0.0567726 -0.918227 -0.704332 -0.623579 0.339214 -0.591844 0.779697 0.204435 -67.8587 -37.5941 627.096 
-0.387762 -0.0654729 -0.919431 -0.705716 -0.620583 0.341821 -0.592962 0.781404 0.194434 -68.0514 -37.2432 627.076 
-0.390099 -0.0727941 -0.917891 -0.699572 -0.624731 0.346859 -0.598683 0.777441 0.192783 -68.3913 -37.5175 627.192 
-0.403852 -0.0850204 -0.910865 -0.697141 -0.616116 0.366601 -0.592366 0.783055 0.189549 -67.1171 -37.1292 627.098 
-0.400952 -0.0815032 -0.912466 -0.695226 -0.621555 0.361012 -0.596571 0.77912 0.192551 -67.3982 -37.1685 627.492 
-0.407036 -0.103604 -0.907517 -0.693686 -0.61131 0.380919 -0.594238 0.784581 0.176958 -67.6231 -37.4601 627.416 
-0.407432 -0.112548 -0.906273 -0.69166 -0.609975 0.3867 -0.596326 0.784388 0.170679 -68.0209 -37.6806 627.478 
-0.407323 -0.124451 -0.904765 -0.695736 -0.599491 0.39568 -0.59164 0.790648 0.157603 -67.8578 -37.6484 627.219 
-0.415919 -0.123986 -0.900909 -0.692185 -0.599366 0.402045 -0.589822 0.790816 0.163467 -67.4377 -37.7806 627.428 
-0.422996 -0.127931 -0.897055 -0.686619 -0.600758 0.409444 -0.591293 0.789129 0.16628 -66.8093 -37.4774 627.801 
-0.414976 -0.122466 -0.901552 -0.684883 -0.610261 0.398143 -0.59894 0.782678 0.16937 -67.1503 -37.8781 628.113 
-0.412634 -0.126086 -0.902128 -0.680826 -0.615262 0.397403 -0.605152 0.778175 0.168036 -66.9661 -37.5041 628.503 
-0.412925 -0.153562 -0.897726 -0.682376 -0.60066 0.416618 -0.603204 0.78462 0.143241 -67.8387 -37.9733 627.867 
-0.412127 -0.146968 -0.899195 -0.683592 -0.602597 0.411801 -0.602372 0.784397 0.147881 -67.5353 -37.4572 628.216 
-0.403076 -0.154216 -0.902079 -0.685956 -0.601579 0.409349 -0.605799 0.783787 0.136698 -68.0958 -37.2457 628.253 
-0.415987 -0.153768 -0.896275 -0.673174 -0.610565 0.41719 -0.611384 0.776896 0.150476 -66.7542 -37.3208 628.586 
-0.402505 -0.152086 -0.902696 -0.674692 -0.617179 0.404822 -0.618692 0.771985 0.145807 -68.1907 -37.639 628.277 
-0.393897 -0.166905 -0.903874 -0.674846 -0.615129 0.407676 -0.624041 0.770559 0.129663 -69.0094 -37.8597 627.894 
-0.402917 -0.181601 -0.897038 -0.670909 -0.608052 0.424446 -0.622525 0.772849 0.123158 -68.5144 -37.8333 627.72 
-0.412499 -0.183883 -0.892206 -0.662628 -0.611524 0.432392 -0.625114 0.769563 0.130409 -67.4432 -37.7098 627.695 
-0.410297 -0.185508 -0.892884 -0.652758 -0.623983 0.429595 -0.636837 0.759101 0.134928 -67.45 -37.7484 627.775 
-0.394903 -0.188788 -0.899116 -0.654917 -0.628496 0.419614 -0.644309 0.754555 0.124556 -68.6579 -37.6204 627.586 
-0.397363 -0.196621 -0.896349 -0.650274 -0.628871 0.426222 -0.647491 0.752239 0.122034 -68.8814 -38.3394 627.375 
-0.403647 -0.208998 -0.890723 -0.639979 -0.631243 0.438132 -0.653831 0.746896 0.121046 -68.5292 -38.679 627.441 
-0.407408 -0.194506 -0.892292 -0.635014 -0.641859 0.429854 -0.656334 0.741746 0.137985 -68.3293 -38.4109 628.089 
-0.407164 -0.202609 -0.890599 -0.628045 -0.645871 0.434063 -0.663156 0.736072 0.135729 -69.1179 -38.7618 627.76 
-0.405997 -0.202622 -0.891129 -0.626734 -0.647944 0.432866 -0.665109 0.734244 0.136074 -69.3786 -38.212 628 
-0.412768 -0.201166 -0.888344 -0.619836 -0.652603 0.435789 -0.667401 0.730508 0.144684 -68.9486 -37.9504 628.171 
-0.415405 -0.196073 -0.888253 -0.613605 -0.660465 0.432752 -0.671511 0.724805 0.15405 -68.9683 -37.5997 628.503 
-0.411256 -0.201189 -0.889039 -0.613736 -0.660008 0.433264 -0.67394 0.723819 0.147957 -69.6026 -37.3908 628.306 
-0.412331 -0.207173 -0.887165 -0.615644 -0.654442 0.438963 -0.671538 0.727177 0.142303 -69.6156 -37.156 628.004 
-0.411451 -0.206784 -0.887664 -0.617333 -0.653275 0.438329 -0.670527 0.728336 0.141137 -69.2337 -36.7451 627.999 
-0.405019 -0.214644 -0.888756 -0.627327 -0.641916 0.440913 -0.665145 0.73612 0.125337 -69.9179 -36.4209 626.96 
-0.407444 -0.213524 -0.887917 -0.616024 -0.653501 0.439831 -0.674168 0.726186 0.13473 -69.918 -37.7529 626.865 
-0.404991 -0.204325 -0.891198 -0.613089 -0.662424 0.430483 -0.678309 0.720726 0.143007 -70.3747 -38.0456 626.739 
-0.404265 -0.212666 -0.889574 -0.612533 -0.659332 0.435988 -0.679244 0.721149 0.136281 -70.6079 -37.4544 626.717 
-0.407088 -0.211145 -0.888649 -0.606529 -0.664954 0.435844 -0.682936 0.716419 0.14263 -70.3435 -37.9055 626.816 
-0.409969 -0.208778 -0.887883 -0.612078 -0.658742 0.437516 -0.676229 0.722823 0.142276 -70.0643 -36.6404 626.895 
RFing.0_0
-0.546612 -0.125744 -0.827891 0.125744 0.965126 -0.229609 0.827891 -0.229609 -0.511738 0.327304 -10.0113 -11.2501 
-0.839905 -0.461129 -0.286217 -0.127786 -0.344514 0.930043 -0.527476 0.817723 0.230433 -126.999 -11.0008 590.547 
-0.837771 -0.464304 -0.287339 -0.129163 -0.342786 0.930491 -0.530526 0.816652 0.227205 -127.366 -11.1874 590.32 
-0.832666 -0.465404 -0.300112 -0.143308 -0.342382 0.928567 -0.534912 0.816194 0.218394 -127.407 -11.6324 590.025 
-0.834156 -0.464849 -0.296818 -0.140981 -0.340578 0.929586 -0.533207 0.817265 0.218561 -127.662 -11.9028 589.75 
-0.831359 -0.468958 -0.298198 -0.140835 -0.341278 0.929351 -0.537595 0.814621 0.217679 -127.989 -12.6996 589.912 
-0.832077 -0.466901 -0.299421 -0.146817 -0.335171 0.930647 -0.534877 0.81833 0.210339 -127.15 -12.9352 590.57 
-0.835727 -0.464232 -0.293342 -0.138765 -0.338315 0.930745 -0.531324 0.818555 0.21832 -127.8 -13.7117 590.692 
-0.833285 -0.46426 -0.300167 -0.148334 -0.335286 0.930365 -0.532573 0.819784 0.210523 -128.367 -13.7086 590.934 
-0.832931 -0.464086 -0.301416 -0.150724 -0.333829 0.930505 -0.532456 0.820477 0.208108 -128.711 -13.8324 590.896 
-0.832413 -0.464373 -0.302403 -0.153035 -0.331844 0.930838 -0.532606 0.821119 0.205166 -128.656 -13.594 590.988 
-0.829476 -0.465544 -0.308609 -0.15709 -0.335774 0.928751 -0.535996 0.818856 0.205384 -129.01 -13.9742 591.198 
-0.829233 -0.466495 -0.307825 -0.161857 -0.326725 0.931156 -0.534954 0.821969 0.195426 -129.153 -15.2151 591.321 
-0.827004 -0.466759 -0.313371 -0.177297 -0.312425 0.93325 -0.533507 0.827361 0.175622 -128.846 -16.5059 592.02 
-0.831265 -0.460003 -0.312083 -0.185597 -0.29953 0.93586 -0.523977 0.83587 0.163614 -129.022 -18.2333 593.177 
-0.82811 -0.455516 -0.326711 -0.205177 -0.296078 0.932866 -0.521668 0.839549 0.151724 -129.132 -20.2234 593.672 
-0.824728 -0.457976 -0.331788 -0.218239 -0.283504 0.933807 -0.521724 0.842546 0.133866 -129.341 -21.6475 593.982 
-0.824813 -0.452956 -0.3384 -0.231069 -0.276201 0.932909 -0.516033 0.84767 0.12315 -129.604 -23.1133 594.384 
-0.823733 -0.453211 -0.340683 -0.239386 -0.266684 0.933581 -0.513963 0.850576 0.111185 -129.791 -24.8208 594.871 
-0.81694 -0.464297 -0.342108 -0.243743 -0.25965 0.934436 -0.522684 0.846765 0.0989493 -130.116 -26.1666 594.791 
-0.814108 -0.461483 -0.352508 -0.256013 -0.259633 0.931154 -0.521234 0.848307 0.0932238 -129.754 -27.587 595.256 
-0.816363 -0.457968 -0.351878 -0.258192 -0.255596 0.931669 -0.516613 0.851432 0.0904155 -129.659 -28.3295 595.734 
-0.812658 -0.461239 -0.356156 -0.258632 -0.262209 0.929707 -0.522204 0.847647 0.0937948 -129.518 -29.1167 595.504 
-0.812233 -0.467743 -0.348562 -0.25009 -0.26061 0.932489 -0.527004 0.84457 0.094699 -130.09 -30.0565 595.223 
-0.810742 -0.46644 -0.35374 -0.259362 -0.255519 0.931365 -0.524813 0.846843 0.0861832 -129.723 -30.5954 595.336 
-0.811512 -0.463655 -0.355632 -0.263376 -0.253053 0.930912 -0.521615 0.84911 0.0832397 -129.138 -30.9785 595.596 
-0.809215 -0.465285 -0.358723 -0.262094 -0.260561 0.929201 -0.525812 0.845942 0.088902 -128.779 -31.62 595.508 
-0.809403 -0.458345 -0.367135 -0.261 -0.279267 0.92406 -0.526067 0.843759 0.106412 -128.169 -32.5274 595.326 
-0.812132 -0.449967 -0.371447 -0.26252 -0.286745 0.921336 -0.521081 0.845758 0.11475 -128.602 -33.0347 595.605 
-0.813554 -0.44468 -0.374687 -0.274515 -0.274324 0.921622 -0.512612 0.852646 0.101107 -128.259 -33.703 595.655 
-0.818186 -0.440444 -0.369569 -0.269479 -0.274039 0.923191 -0.507891 0.854934 0.105525 -127.715 -34.2552 595.881 
-0.823468 -0.433425 -0.366121 -0.258729 -0.28743 0.922194 -0.504936 0.854124 0.12455 -127.706 -35.4261 595.888 
-0.828224 -0.425104 -0.365149 -0.264981 -0.277069 0.923589 -0.493792 0.861696 0.116831 -127.693 -36.398 596.134 
-0.830988 -0.426738 -0.356868 -0.26278 -0.264303 0.927949 -0.490312 0.864892 0.107495 -129.004 -37.3377 596.322 
-0.829276 -0.433806 -0.352299 -0.263019 -0.253247 0.93096 -0.493074 0.864684 0.0959132 -129.842 -38.3422 596.185 
-0.826967 -0.440392 -0.349545 -0.268031 -0.237719 0.933621 -0.494253 0.865762 0.0785476 -129.555 -38.7288 596.292 
-0.830402 -0.432602 -0.351126 -0.272759 -0.233882 0.933221 -0.485835 0.870721 0.0762204 -128.5 -39.5456 596.88 
-0.825702 -0.434381 -0.359903 -0.286975 -0.22582 0.93094 -0.485656 0.871963 0.0618043 -128.416 -40.1059 597.085 
-0.821295 -0.435338 -0.368722 -0.292156 -0.234192 0.927253 -0.49002 0.869273 0.065155 -127.967 -41.3961 596.649 
-0.817243 -0.439887 -0.37231 -0.298078 -0.230258 0.926353 -0.493218 0.868033 0.0570564 -127.405 -42.1175 596.515 
-0.811502 -0.447993 -0.375189 -0.304626 -0.223588 0.925857 -0.498665 0.865627 0.0449722 -126.71 -42.5941 596.649 
-0.808795 -0.442892 -0.386909 -0.306682 -0.243723 0.920078 -0.501794 0.862813 0.0612954 -126.74 -43.4954 596.081 
-0.803188 -0.452502 -0.387468 -0.311958 -0.234626 0.920669 -0.507515 0.860344 0.0472873 -127.084 -44.4346 595.783 
-0.806144 -0.45115 -0.382879 -0.302456 -0.241975 0.921937 -0.508579 0.859018 0.0586143 -127.232 -45.2169 595.898 
-0.800847 -0.454055 -0.390486 -0.307987 -0.246934 0.918785 -0.513603 0.856071 0.0579135 -127.097 -46.1164 595.943 
-0.797595 -0.452002 -0.399422 -0.301174 -0.275312 0.91296 -0.522625 0.848468 0.0834564 -127.055 -46.742 595.951 
-0.794099 -0.453868 -0.404242 -0.302455 -0.281809 0.910551 -0.527189 0.845333 0.0865104 -127.298 -47.3463 596.004 
-0.785261 -0.460938 -0.413403 -0.302101 -0.297578 0.905638 -0.540463 0.836052 0.0944269 -128.215 -48.097 595.695 
-0.78809 -0.459412 -0.409702 -0.296116 -0.300562 0.906629 -0.539657 0.835825 0.100831 -127.935 -47.8669 595.681 
-0.790332 -0.454971 -0.410338 -0.28961 -0.312773 0.904598 -0.539908 0.833771 0.115431 -128.034 -47.7559 595.651 
-0.791058 -0.442435 -0.422469 -0.296613 -0.326587 0.897419 -0.535022 0.83522 0.127117 -127.305 -48.1481 595.581 
-0.79181 -0.439868 -0.423738 -0.288755 -0.341746 0.894332 -0.538198 0.830498 0.143584 -127.627 -47.8503 595.325 
-0.792465 -0.448344 -0.413506 -0.284878 -0.327384 0.900923 -0.539299 0.831749 0.131717 -128.113 -48.0307 595.286 
-0.795281 -0.448931 -0.407419 -0.27431 -0.332838 0.902204 -0.540631 0.829265 0.141554 -128.152 -48.6621 595.47 
-0.792746 -0.461357 -0.398379 -0.269063 -0.32159 0.907846 -0.546955 0.82688 0.130806 -128.132 -49.0503 595.549 
-0.788919 -0.455063 -0.412948 -0.279058 -0.333406 0.900537 -0.54748 0.825687 0.136042 -128.163 -49.7196 595.586 
-0.784781 -0.458777 -0.416706 -0.287873 -0.325596 0.90062 -0.548861 0.826747 0.123452 -127.991 -49.5837 595.55 
-0.793617 -0.452229 -0.407017 -0.270693 -0.33667 0.901874 -0.544884 0.825919 0.144772 -127.742 -49.6814 595.42 
-0.800675 -0.443826 -0.402416 -0.263236 -0.342762 0.901787 -0.53817 0.827969 0.15761 -127.907 -49.7615 595.388 
-0.798228 -0.441466 -0.409806 -0.271155 -0.344156 0.898905 -0.537873 0.828653 0.155009 -128.144 -50.5438 595.142 
-0.798818 -0.441934 -0.408148 -0.273566 -0.337392 0.900737 -0.535772 0.831181 0.148617 -128.309 -50.2896 595.589 
-0.810044 -0.421373 -0.407768 -0.273073 -0.34431 0.898266 -0.518903 0.838985 0.163841 -127.954 -50.4937 595.777 
-0.814273 -0.414077 -0.406818 -0.275569 -0.341081 0.898735 -0.510903 0.843922 0.163626 -127.985 -51.2462 595.875 
-0.820656 -0.39968 -0.408389 -0.2856 -0.332128 0.898956 -0.494932 0.854369 0.158415 -127.603 -51.7846 596.116 
-0.82605 -0.383191 -0.413289 -0.291773 -0.336633 0.895291 -0.482194 0.860142 0.166271 -126.671 -52.2282 596.361 
-0.825945 -0.368633 -0.426527 -0.305658 -0.342906 0.88825 -0.473697 0.864017 0.170546 -125.69 -53.538 596.524 
-0.823734 -0.356143 -0.441164 -0.323463 -0.343855 0.881552 -0.465655 0.868865 0.168046 -125.24 -54.8906 596.1 
-0.825903 -0.343875 -0.446806 -0.327262 -0.352926 0.876551 -0.459113 0.870169 0.178945 -123.421 -56.1249 596.116 
-0.817555 -0.321536 -0.477723 -0.355923 -0.370004 0.858146 -0.452684 0.871615 0.188057 -121.749 -57.4198 596.01 
-0.81067 -0.323324 -0.488136 -0.355856 -0.38997 0.849288 -0.464953 0.862198 0.20108 -120.527 -58.8364 595.463 
-0.794818 -0.29742 -0.528968 -0.392268 -0.413274 0.821784 -0.463024 0.860666 0.21181 -118.851 -61.987 594.967 
-0.788216 -0.292209 -0.5416 -0.401553 -0.422695 0.812455 -0.466338 0.857871 0.215837 -117.797 -63.1253 594.272 
