Bone001
1 0 0 0 1 0 0 0 1 -174.65 0 0 
0.999334 -0.0178091 0.0318616 -0.0208612 0.437623 0.898917 -0.0299522 -0.898983 0.43696 -142.105 121.523 580.541 
0.99934 -0.0180902 0.0315045 -0.020597 0.432221 0.901533 -0.0299258 -0.901587 0.431563 -141.84 121.621 580.502 
0.9993 -0.0173896 0.0331369 -0.02231 0.434083 0.900597 -0.0300452 -0.900706 0.433391 -141.555 121.86 580.529 
0.999266 -0.0175285 0.0340531 -0.0225924 0.448181 0.893658 -0.0309264 -0.893771 0.447456 -141.595 121.78 580.642 
0.999309 -0.0181128 0.0324587 -0.0211762 0.440252 0.897625 -0.0305485 -0.897692 0.439564 -141.346 121.625 580.596 
0.999286 -0.0177886 0.0333451 -0.0231831 0.408287 0.91256 -0.0298475 -0.912681 0.407583 -141.295 121.696 580.568 
0.999361 -0.0185379 0.030573 -0.0192608 0.441283 0.897162 -0.0301229 -0.897177 0.440644 -141.041 121.261 580.589 
0.999294 -0.017631 0.0331854 -0.0221471 0.437111 0.899135 -0.0303583 -0.899235 0.436412 -141.067 121.81 580.6 
0.999301 -0.0168466 0.0333817 -0.0234469 0.413111 0.910379 -0.0291272 -0.910525 0.412427 -140.665 121.898 580.453 
0.999341 -0.0172814 0.0319229 -0.0221094 0.40771 0.912844 -0.0287905 -0.912949 0.407059 -140.844 121.699 580.42 
0.999316 -0.0171556 0.0327651 -0.0232862 0.396416 0.917776 -0.0287336 -0.917911 0.395746 -140.513 121.86 580.43 
0.999302 -0.0170315 0.033239 -0.023314 0.410823 0.911418 -0.0291781 -0.911557 0.410139 -140.48 121.822 580.441 
0.999342 -0.0167216 0.0321976 -0.0223814 0.414332 0.909851 -0.0285546 -0.909973 0.413685 -140.524 121.71 580.383 
0.999325 -0.0174055 0.0323656 -0.0212795 0.443973 0.895788 -0.029961 -0.895872 0.443303 -140.332 121.595 580.457 
0.999384 -0.017738 0.030291 -0.019452 0.438467 0.898537 -0.0292198 -0.898573 0.437852 -139.915 121.379 580.438 
0.999401 -0.0179835 0.0295678 -0.0192361 0.42157 0.906592 -0.0287686 -0.906618 0.420971 -139.91 121.29 580.414 
0.999385 -0.0174209 0.0304297 -0.0205944 0.410742 0.911519 -0.0283782 -0.911586 0.410131 -140.036 121.506 580.343 
0.999381 -0.0176924 0.0304085 -0.0203324 0.414913 0.909634 -0.0287105 -0.909689 0.414297 -140.017 121.394 580.467 
0.999415 -0.0178018 0.0291909 -0.0185308 0.43547 0.900013 -0.0287336 -0.900028 0.434886 -139.959 121.356 580.408 
0.999391 -0.0177704 0.0300323 -0.0192404 0.437382 0.899071 -0.0291124 -0.899101 0.436773 -140.009 121.453 580.458 
0.999394 -0.0176016 0.0300318 -0.0194278 0.433832 0.900785 -0.028884 -0.900822 0.433227 -139.901 121.484 580.454 
0.99943 -0.0178349 0.0286717 -0.0180258 0.436198 0.89967 -0.028552 -0.899674 0.435628 -139.954 121.197 580.325 
0.999418 -0.0183098 0.0287899 -0.0183525 0.422847 0.906016 -0.0287626 -0.906017 0.422265 -139.991 121.082 580.373 
0.999438 -0.0180169 0.0282531 -0.0175555 0.436645 0.899463 -0.0285421 -0.899454 0.436084 -140.112 121.197 580.395 
0.999456 -0.0189059 0.0270091 -0.0150173 0.468248 0.88347 -0.0293498 -0.883395 0.467709 -140.149 121.007 580.474 
0.999416 -0.0183307 0.0288406 -0.0167161 0.473859 0.880442 -0.0298055 -0.88041 0.473276 -139.711 121.326 580.475 
0.999376 -0.018601 0.0300244 -0.017552 0.476128 0.879201 -0.0306494 -0.87918 0.475505 -139.699 121.37 580.568 
0.999467 -0.0183917 0.0269724 -0.0149739 0.475909 0.879368 -0.0290094 -0.879303 0.47538 -139.157 121.346 580.376 
0.99944 -0.0178107 0.0283383 -0.0180179 0.427222 0.903968 -0.028207 -0.903972 0.426661 -139.337 121.452 580.378 
0.999428 -0.0189528 0.0280116 -0.0152944 0.485434 0.87414 -0.0301651 -0.874069 0.484866 -138.757 121.279 580.54 
0.999446 -0.0180416 0.0279523 -0.0153162 0.496336 0.867996 -0.0295337 -0.867944 0.495785 -139.337 121.543 580.452 
0.999446 -0.0188975 0.0273934 -0.0151485 0.474577 0.880084 -0.0296316 -0.880012 0.474028 -140.15 121.353 580.666 
0.999491 -0.0188315 0.0257534 -0.0138993 0.469565 0.882789 -0.0287171 -0.882697 0.469064 -139.126 121.154 580.535 
0.999489 -0.0180517 0.0263843 -0.0155087 0.447903 0.893948 -0.0279548 -0.8939 0.447394 -139.839 121.606 580.414 
0.999453 -0.0185548 0.0273813 -0.0156146 0.465095 0.885123 -0.0291582 -0.885067 0.464551 -140.16 121.54 580.58 
0.999442 -0.0187369 0.0276442 -0.0147928 0.493755 0.869476 -0.0299407 -0.8694 0.493202 -140.229 121.461 580.713 
0.999437 -0.0172666 0.0287674 -0.0165616 0.491783 0.870561 -0.0291789 -0.870547 0.491221 -139.867 121.971 580.575 
0.999466 -0.0182824 0.0270725 -0.014249 0.501758 0.864891 -0.0293961 -0.864815 0.50123 -139.215 121.764 580.562 
0.999469 -0.0184024 0.0268756 -0.0143635 0.491545 0.870734 -0.0292342 -0.870658 0.49102 -139.534 121.938 580.518 
0.999388 -0.0188273 0.0294933 -0.0155133 0.517113 0.855777 -0.0313633 -0.855711 0.516504 -138.891 122.149 580.763 
0.999494 -0.0186422 0.0257624 -0.0135879 0.482089 0.876018 -0.0287506 -0.875925 0.481591 -139.215 121.676 580.445 
0.999481 -0.0187907 0.0261666 -0.0137919 0.484461 0.874705 -0.029113 -0.874612 0.48395 -140.462 121.728 580.483 
0.999329 -0.0182001 0.0317888 -0.0179497 0.513186 0.85809 -0.0319309 -0.858085 0.512515 -139.679 122.325 580.635 
0.999331 -0.0181082 0.0317635 -0.0175179 0.525405 0.850672 -0.0320928 -0.85066 0.524737 -139.074 122.343 580.6 
0.999418 -0.0200525 0.0275846 -0.0110326 0.575256 0.8179 -0.0322691 -0.817728 0.5747 -138.025 121.554 580.491 
0.999302 -0.0191157 0.0320844 -0.0168282 0.536465 0.843755 -0.0333411 -0.843707 0.535769 -138.113 122.172 580.69 
0.99941 -0.0190805 0.0285732 -0.0137176 0.54088 0.840988 -0.0315012 -0.840884 0.540299 -138.188 121.711 580.491 
0.999422 -0.0185302 0.0285144 -0.0146642 0.521698 0.853005 -0.0306823 -0.852929 0.521125 -139.181 121.959 580.477 
0.999364 -0.0197452 0.0297041 -0.0121409 0.594751 0.803819 -0.033538 -0.803668 0.594133 -139.074 121.958 580.659 
0.999356 -0.020928 0.0291474 -0.011483 0.583059 0.812349 -0.0339954 -0.812161 0.582443 -138.995 121.333 580.833 
0.999267 -0.0189839 0.0332288 -0.0176135 0.542711 0.839735 -0.0339751 -0.839705 0.541979 -140.16 122.357 580.91 
0.999322 -0.0191081 0.0314662 -0.0173858 0.508457 0.860912 -0.0324496 -0.860876 0.50778 -139.794 122.177 580.854 
0.999408 -0.0201523 0.0278704 -0.0145496 0.486538 0.873539 -0.0311638 -0.873428 0.485957 -139.946 121.472 580.46 
0.999343 -0.0205864 0.0298367 -0.0153588 0.505099 0.862925 -0.032835 -0.862817 0.504451 -139.846 121.744 580.441 
0.999351 -0.0190125 0.0305877 -0.0166318 0.509689 0.860199 -0.0319447 -0.860149 0.509042 -140.101 122.441 580.153 
0.999276 -0.0197158 0.0325373 -0.0176793 0.516644 0.856019 -0.0336873 -0.855974 0.515921 -139.97 122.396 580.303 
0.999376 -0.0203327 0.0288918 -0.014367 0.513219 0.858138 -0.0322761 -0.858017 0.512606 -139.716 121.892 580.153 
0.999353 -0.0203703 0.0296503 -0.0140761 0.537079 0.843415 -0.0331051 -0.843287 0.536444 -140.23 121.899 580.187 
0.99926 -0.0201582 0.0327568 -0.0179322 0.509261 0.860426 -0.0340264 -0.860377 0.508522 -139.903 122.665 580.435 
0.999255 -0.022682 0.0312384 -0.0115916 0.595562 0.803226 -0.0368231 -0.80299 0.594855 -139.734 122.04 580.611 
0.999314 -0.0211931 0.0303739 -0.0140573 0.541697 0.840457 -0.0342653 -0.840307 0.541027 -139.319 122.136 580.505 
0.999317 -0.0245325 0.0276414 -0.00778427 0.591422 0.806325 -0.0361289 -0.805989 0.590827 -139.297 121.115 580.846 
0.999318 -0.0237098 0.0283116 -0.0106591 0.548835 0.835863 -0.0353565 -0.835595 0.548208 -139.07 121.464 581.023 
0.999219 -0.0233681 0.0318651 -0.0130667 0.565639 0.82455 -0.0372923 -0.824323 0.564891 -138.921 122.137 581.41 
0.999169 -0.0231881 0.0335118 -0.0166665 0.517904 0.855277 -0.0371881 -0.855125 0.517088 -139.252 122.749 581.629 
0.999134 -0.0222363 0.0351708 -0.0195262 0.495842 0.868193 -0.0367446 -0.868128 0.494979 -139.16 123.155 581.543 
0.999136 -0.0230831 0.034571 -0.017817 0.513587 0.857853 -0.0375571 -0.857728 0.512732 -139.057 123.173 581.723 
0.999239 -0.0259086 0.0291417 -0.0112983 0.522916 0.85231 -0.0373208 -0.851991 0.522226 -138.875 122.016 581.917 
0.999281 -0.0269699 0.0266491 -0.00836776 0.528658 0.848794 -0.0369801 -0.848407 0.528053 -138.387 121.681 582.075 
0.999156 -0.0263807 0.0314994 -0.0115798 0.554765 0.831927 -0.0394215 -0.831589 0.553991 -138.94 122.488 582.461 
0.999082 -0.0231501 0.036054 -0.018976 0.515374 0.856756 -0.0384152 -0.856653 0.514462 -139.007 123.823 582.441 
0.99905 -0.0212885 0.0380195 -0.0224866 0.495482 0.868327 -0.0373233 -0.868358 0.494533 -139.516 124.232 582.244 
0.999147 -0.0218276 0.0350419 -0.0176856 0.540668 0.841051 -0.0373041 -0.840953 0.539821 -139.086 123.929 582.12 
0.998905 -0.0215922 0.0415149 -0.0251443 0.500548 0.865344 -0.0394649 -0.86544 0.499457 -138.928 124.713 582.637 
0.998888 -0.0218413 0.041791 -0.0249295 0.507673 0.86119 -0.0400256 -0.861274 0.506564 -139.028 124.992 582.855 
0.998793 -0.0236305 0.0430696 -0.0254738 0.500514 0.865354 -0.0420057 -0.865406 0.499308 -139.825 125.093 583.582 
0.998812 -0.0235916 0.0426451 -0.0240633 0.5222 0.852484 -0.0423807 -0.852497 0.521012 -139.731 125.302 583.698 
0.998863 -0.025228 0.0404615 -0.0226133 0.496434 0.86778 -0.0419787 -0.867708 0.495299 -140.033 124.501 584.045 
0.998831 -0.0216609 0.0432215 -0.0293948 0.437682 0.89865 -0.0383828 -0.898869 0.436534 -139.931 125.289 583.71 
0.998924 -0.0214412 0.0411219 -0.0274652 0.44097 0.897102 -0.0373684 -0.897266 0.439907 -139.359 124.892 583.562 
0.998758 -0.0209342 0.0452203 -0.0309168 0.451369 0.891802 -0.0390802 -0.892092 0.450162 -139.569 124.855 583.555 
0.998963 -0.0227176 0.0394643 -0.0255314 0.438188 0.898521 -0.037705 -0.898597 0.437153 -139.917 124.151 583.345 
0.999009 -0.0226867 0.0382817 -0.0244397 0.43919 0.898062 -0.037187 -0.898108 0.438201 -139.836 123.825 583.163 
0.999146 -0.0244116 0.0333515 -0.0172003 0.48815 0.872591 -0.0375819 -0.872419 0.487313 -139.08 122.733 582.745 
0.999055 -0.0204287 0.038351 -0.0248712 0.454879 0.890206 -0.0356308 -0.890319 0.453941 -138.691 123.523 582.688 
0.999114 -0.0202632 0.0368935 -0.0244713 0.433519 0.900813 -0.0342474 -0.900917 0.432639 -138.351 123.449 583.078 
0.999176 -0.0217457 0.0342693 -0.0208986 0.448157 0.893711 -0.0347924 -0.893691 0.447333 -138.805 122.533 582.99 
0.999083 -0.0227516 0.0362649 -0.0222903 0.446761 0.894376 -0.0365502 -0.894364 0.445844 -138.721 122.595 583.125 
0.999122 -0.0224599 0.0353593 -0.0235197 0.397716 0.917207 -0.0346633 -0.917234 0.396839 -138.473 122.493 583.292 
0.999178 -0.0225972 0.0336587 -0.0208599 0.425339 0.904794 -0.0347622 -0.904752 0.424518 -138.548 122.152 583.617 
0.999252 -0.0253021 0.0292371 -0.0138786 0.471056 0.881995 -0.0360886 -0.881741 0.470352 -138.798 120.915 583.934 
0.999154 -0.0243213 0.0331694 -0.0181829 0.462172 0.886604 -0.0368933 -0.886457 0.461339 -138.511 121.413 584.128 
0.999112 -0.0224909 0.0356398 -0.0225949 0.427986 0.903503 -0.0355739 -0.903506 0.427098 -138.974 121.728 584.132 
0.99917 -0.023028 0.0336113 -0.0185992 0.476184 0.879149 -0.0362502 -0.879045 0.47536 -138.951 121.11 584.403 
0.999034 -0.0234229 0.037173 -0.0211378 0.485482 0.873992 -0.0385182 -0.873933 0.484518 -139.188 120.853 584.705 
0.999023 -0.0232274 0.0376034 -0.0203545 0.513416 0.857899 -0.0392329 -0.857826 0.512441 -139.494 120.342 584.724 
0.999084 -0.0249307 0.0347904 -0.0161454 0.533271 0.845791 -0.0396388 -0.845577 0.53238 -138.559 118.768 584.768 
0.998998 -0.0243659 0.037537 -0.0170928 0.56744 0.823238 -0.0413589 -0.823055 0.566455 -138.63 118.382 584.811 
0.998994 -0.02451 0.0375473 -0.0202696 0.500082 0.865741 -0.039996 -0.865632 0.499082 -139.608 117.942 584.49 
0.998985 -0.0247431 0.0376474 -0.0192134 0.521859 0.852816 -0.0407479 -0.852673 0.520854 -140.599 117.021 584.314 
0.998945 -0.0230904 0.0397074 -0.02624 0.42265 0.905914 -0.0377002 -0.905999 0.421598 -140.15 117.372 583.773 
0.998858 -0.0234372 0.0416294 -0.0285795 0.405118 0.913818 -0.0382821 -0.913965 0.403985 -140.83 117.159 583.83 
0.999082 -0.0236189 0.0357518 -0.0198594 0.484105 0.874785 -0.037969 -0.874692 0.483191 -140.888 116.042 583.893 
0.998998 -0.0244952 0.0374602 -0.0179432 0.547569 0.836569 -0.041004 -0.836402 0.546581 -141.057 115.097 584.201 
0.998933 -0.0235583 0.0397338 -0.0235876 0.47943 0.877264 -0.0397164 -0.877265 0.478362 -140.42 114.78 584.223 
0.998979 -0.0212345 0.0398768 -0.0252114 0.470416 0.882085 -0.0374893 -0.88219 0.4694 -140.58 114.463 583.831 
0.998996 -0.0220741 0.0389953 -0.0227739 0.499354 0.866099 -0.0385908 -0.866117 0.49835 -141.113 112.877 583.587 
0.998979 -0.0232206 0.038748 -0.0208305 0.524333 0.851259 -0.0400836 -0.851197 0.523314 -141.187 111.445 583.557 
0.999007 -0.0227429 0.0383043 -0.0196132 0.547477 0.836591 -0.0399972 -0.836512 0.546487 -140.568 110.244 583.367 
0.999045 -0.0243884 0.0362525 -0.0189699 0.505324 0.862722 -0.0393596 -0.862586 0.504379 -140.102 108.303 582.743 
0.999087 -0.0243264 0.0351082 -0.0188064 0.487461 0.872943 -0.0383494 -0.872806 0.486559 -140.113 106.97 582.222 
0.998963 -0.0241992 0.0385536 -0.0220349 0.484041 0.874768 -0.0398302 -0.874711 0.483006 -140.933 105.796 582.043 
0.999012 -0.0245085 0.0370654 -0.0209115 0.476692 0.878822 -0.0392074 -0.878729 0.475708 -140.807 103.593 581.555 
0.998878 -0.0231076 0.0413354 -0.0280635 0.414244 0.909734 -0.0381447 -0.909873 0.413131 -141.29 102.907 581.035 
0.998814 -0.025158 0.0416902 -0.0303203 0.348604 0.93678 -0.0381008 -0.936933 0.347428 -141.912 101.767 580.521 
0.999001 -0.0249633 0.0370696 -0.0243073 0.392543 0.919413 -0.037503 -0.919395 0.391544 -142.492 99.6055 580.094 
0.998817 -0.0239899 0.0423057 -0.0307433 0.362586 0.931444 -0.0376847 -0.931642 0.361419 -141.859 98.5052 579.689 
0.998928 -0.0250961 0.0388923 -0.0281935 0.336492 0.941265 -0.036709 -0.941352 0.335424 -141.937 96.8534 578.971 
0.998967 -0.0251828 0.0378242 -0.0264001 0.355854 0.934169 -0.0369848 -0.934203 0.354821 -141.044 95.4598 578.346 
0.998969 -0.0276222 0.0360381 -0.0196937 0.451567 0.89202 -0.0409132 -0.89181 0.450558 -141.122 92.8975 578.168 
0.998903 -0.0257309 0.0391312 -0.0228798 0.460932 0.887141 -0.0408637 -0.887063 0.459838 -141.092 91.3736 577.513 
0.998936 -0.0260695 0.0380327 -0.0221919 0.451199 0.892148 -0.0404182 -0.892043 0.45014 -141.548 89.723 576.972 
0.999066 -0.0255526 0.0348362 -0.0189974 0.464364 0.885441 -0.038802 -0.885276 0.463445 -141.461 87.538 576.011 
0.998657 -0.0238404 0.046007 -0.0333334 0.384204 0.922647 -0.0396722 -0.922941 0.382893 -140.565 86.2083 575.692 
0.998547 -0.0205654 0.0498186 -0.0402089 0.331265 0.942681 -0.0358898 -0.943314 0.329956 -141.642 84.6161 574.862 
0.998585 -0.0179027 0.0500721 -0.0431917 0.276211 0.960127 -0.0310193 -0.960931 0.275047 -140.64 82.5405 573.716 
0.99867 -0.0219274 0.0466537 -0.037427 0.313925 0.94871 -0.0354485 -0.949195 0.312687 -138.56 79.4269 573.186 
0.998506 -0.0226318 0.0497446 -0.0412814 0.284133 0.957896 -0.035813 -0.958518 0.282775 -139.799 78.2428 572.293 
0.998137 -0.0160466 0.0588706 -0.0496794 0.346475 0.936743 -0.0354286 -0.937923 0.345032 -138.674 76.192 571.88 
0.997832 -0.0195849 0.0628387 -0.0545143 0.289094 0.955748 -0.0368845 -0.957101 0.287399 -140.138 74.9506 571.63 
0.997067 -0.0157069 0.0749093 -0.0681635 0.262918 0.962408 -0.0348115 -0.964691 0.261077 -140.427 74.6689 571.065 
0.996658 -0.0138139 0.0805109 -0.0742437 0.257877 0.963322 -0.0340691 -0.96608 0.255989 -140.71 73.1512 570.495 
0.996043 -0.0118073 0.088082 -0.081705 0.26822 0.959887 -0.034959 -0.963286 0.266194 -141.486 71.937 570.346 
0.995328 -0.00984599 0.096045 -0.0899237 0.267597 0.959326 -0.0351469 -0.963481 0.265462 -138.924 70.9109 569.736 
0.995197 -0.00900013 0.0974732 -0.0929153 0.22648 0.969574 -0.030802 -0.973975 0.224556 -138.992 69.9916 568.753 
0.994445 -0.00764248 0.104981 -0.100628 0.223552 0.969484 -0.0308779 -0.974663 0.221541 -137.835 69.3403 567.914 
0.993146 -0.00558919 0.116751 -0.112816 0.215424 0.969982 -0.0305724 -0.976505 0.213317 -137.359 68.231 567.372 
0.992967 -0.00567206 0.118259 -0.115528 0.172061 0.978289 -0.0258966 -0.98507 0.170196 -136.174 66.9021 566.168 
0.992022 -0.00615151 0.125912 -0.122704 0.181889 0.975634 -0.0289035 -0.9833 0.179683 -136.18 65.9487 566.05 
0.989646 -0.00557856 0.143424 -0.139023 0.211256 0.967494 -0.0356965 -0.977415 0.208293 -138.115 65.9289 566.308 
0.987243 -0.00867719 0.158984 -0.15449 0.189389 0.969673 -0.0385238 -0.981864 0.185632 -138.933 66.4044 566.406 
0.986365 -0.0122636 0.164117 -0.158103 0.206286 0.965635 -0.0456972 -0.978415 0.201534 -137.458 65.7005 566.938 
0.984355 -0.0165237 0.175422 -0.166331 0.241353 0.956077 -0.0581365 -0.970297 0.234828 -135.631 65.5902 568.108 
0.980092 -0.0216881 0.197355 -0.18632 0.242903 0.951989 -0.0685847 -0.969809 0.234026 -132.422 65.9931 569.134 
0.977176 -0.0253257 0.210917 -0.195915 0.276406 0.94086 -0.0821267 -0.960708 0.265136 -132.427 66.1779 571.005 
0.9741 -0.0260085 0.224615 -0.207286 0.294156 0.933009 -0.0903381 -0.955404 0.281146 -131.816 66.4569 571.939 
0.970105 -0.0288816 0.240961 -0.220531 0.309549 0.924957 -0.101303 -0.950445 0.293926 -130.307 66.258 572.807 
0.965292 -0.0316752 0.259244 -0.236606 0.314218 0.919394 -0.110581 -0.948823 0.295818 -127.856 67.3694 573.985 
0.958529 -0.0336006 0.283008 -0.255877 0.335817 0.906507 -0.125498 -0.941328 0.313293 -127.26 68.2848 575.606 
0.953267 -0.032635 0.300362 -0.268935 0.361383 0.892792 -0.137682 -0.931847 0.335718 -127.26 69.1145 576.946 
0.949914 -0.034098 0.310647 -0.276751 0.369954 0.886873 -0.145165 -0.928425 0.341988 -126.108 69.0678 578.006 
0.945451 -0.0335962 0.324026 -0.285128 0.395725 0.872986 -0.157554 -0.917755 0.36456 -124.472 69.1109 578.937 
0.938863 -0.0313638 0.342861 -0.302873 0.398318 0.865801 -0.163722 -0.916712 0.364466 -123.561 70.4698 579.812 
0.936082 -0.034728 0.350063 -0.307385 0.403166 0.861958 -0.171067 -0.914468 0.366722 -121.933 69.4571 580.484 
0.927276 -0.0340506 0.372826 -0.327998 0.406215 0.852882 -0.180489 -0.913143 0.365505 -122.33 70.3069 581.327 
0.911745 -0.0358181 0.409193 -0.356148 0.427388 0.830963 -0.204647 -0.903359 0.376912 -122.089 72.4205 583.04 
0.903591 -0.0344125 0.427012 -0.36816 0.44729 0.815102 -0.219048 -0.893727 0.391498 -119.675 72.7367 584.262 
0.895704 -0.0354699 0.443233 -0.379454 0.458657 0.803523 -0.231793 -0.887906 0.397362 -117.039 72.7974 585.562 
0.887983 -0.0388002 0.458236 -0.390507 0.462635 0.79591 -0.242878 -0.8857 0.395661 -115.794 72.8689 586.975 
0.878487 -0.0383289 0.476227 -0.405965 0.465658 0.786356 -0.251899 -0.884135 0.393515 -113.966 73.8519 587.534 
0.868768 -0.0403904 0.493569 -0.418847 0.47182 0.775856 -0.264213 -0.88077 0.392985 -111.793 74.0976 588.945 
0.862287 -0.0402025 0.504822 -0.430238 0.46766 0.772134 -0.267126 -0.882994 0.38596 -109.884 74.2074 588.789 
0.849914 -0.0403388 0.525375 -0.445697 0.476815 0.757629 -0.281068 -0.878078 0.387273 -107.791 75.176 590.119 
0.839429 -0.0415708 0.541877 -0.456344 0.487564 0.744334 -0.295142 -0.872098 0.390305 -106.201 75.5957 591.566 
0.83203 -0.0392291 0.553342 -0.468237 0.485208 0.738463 -0.297455 -0.873519 0.385339 -104.344 76.0309 591.589 
0.826349 -0.0379963 0.561876 -0.475852 0.486486 0.732732 -0.301186 -0.872862 0.383927 -103.185 75.8131 591.799 
0.823379 -0.0358568 0.566358 -0.480917 0.485738 0.729917 -0.301274 -0.873369 0.382702 -102.456 75.139 590.843 
0.814631 -0.0364727 0.578832 -0.490864 0.48822 0.721592 -0.308915 -0.871959 0.379816 -100.109 74.8368 591.307 
0.804274 -0.0372515 0.593091 -0.504476 0.484688 0.71455 -0.314082 -0.873894 0.371029 -98.853 75.6104 592.208 
0.797167 -0.0369025 0.60263 -0.514122 0.481825 0.709594 -0.316547 -0.875491 0.365122 -97.4682 75.5727 592.22 
0.784848 -0.0386611 0.618482 -0.52533 0.487884 0.697136 -0.328699 -0.872053 0.362605 -95.1771 75.4677 593.281 
0.778621 -0.0519018 0.625345 -0.514638 0.517373 0.68372 -0.359023 -0.854185 0.376127 -85.8313 69.3102 593.886 
0.737918 -0.0423087 0.673563 -0.573601 0.486562 0.658969 -0.35561 -0.872622 0.334774 -85.5024 71.8791 590.936 
0.722434 -0.044781 0.689989 -0.585835 0.490408 0.645211 -0.367269 -0.870342 0.328053 -83.8148 71.6252 591.662 
0.70594 -0.0430332 0.706963 -0.597612 0.499538 0.627154 -0.380143 -0.865223 0.326927 -81.1299 71.7646 592.115 
0.697031 -0.0420533 0.715807 -0.604817 0.501738 0.61843 -0.385154 -0.863997 0.324293 -80.0021 71.575 592.442 
0.680583 -0.0399844 0.731579 -0.621788 0.496631 0.605589 -0.387539 -0.867041 0.313137 -77.4678 72.4001 592.675 
0.663758 -0.0371893 0.747023 -0.632478 0.505221 0.587132 -0.399247 -0.862189 0.311823 -75.6004 72.0536 593.255 
0.654501 -0.0376753 0.755122 -0.636898 0.510726 0.577513 -0.407418 -0.858918 0.310276 -74.6939 72.08 594.405 
0.637131 -0.0391434 0.769761 -0.648864 0.511768 0.563089 -0.41598 -0.858232 0.300664 -71.8389 72.6425 594.862 
0.615705 -0.0422915 0.786841 -0.663762 0.510298 0.546824 -0.424649 -0.858958 0.286122 -68.2687 73.1134 595.443 
0.599119 -0.0415106 0.799584 -0.676111 0.508697 0.533011 -0.428871 -0.859945 0.276704 -65.244 73.3833 595.918 
0.584521 -0.0414428 0.81032 -0.682157 0.515634 0.518443 -0.439314 -0.855807 0.273128 -62.9845 73.3802 596.953 
0.569037 -0.0379235 0.821438 -0.689301 0.522712 0.501634 -0.448399 -0.851666 0.271302 -60.823 73.7947 597.399 
0.555137 -0.0368402 0.830943 -0.698407 0.521911 0.489731 -0.45172 -0.852205 0.264003 -58.8589 74.1074 597.659 
0.545244 -0.0339369 0.837591 -0.702588 0.526518 0.478695 -0.457252 -0.849487 0.263237 -56.7838 74.5093 598.22 
0.539467 -0.0340655 0.841317 -0.704382 0.529181 0.473089 -0.461325 -0.847825 0.261481 -55.7677 74.4578 598.876 
0.533958 -0.033985 0.844828 -0.706941 0.530172 0.468137 -0.463814 -0.847209 0.259065 -55.1467 74.7352 599.302 
0.533496 -0.0351273 0.845073 -0.706069 0.531595 0.46784 -0.46567 -0.84627 0.258802 -55.1239 74.3879 599.47 
0.523121 -0.0326696 0.851632 -0.709951 0.536127 0.45666 -0.471502 -0.843505 0.257266 -54.7076 74.9908 599.962 
0.514254 -0.0315327 0.857058 -0.71062 0.543829 0.446397 -0.480169 -0.838604 0.257259 -52.9177 74.71 600.575 
0.502562 -0.0307114 0.863996 -0.717561 0.542608 0.436673 -0.482222 -0.839425 0.250657 -50.4925 75.5066 600.892 
0.505964 -0.0325774 0.861939 -0.716154 0.541097 0.440838 -0.480754 -0.840329 0.250445 -50.9851 75.5226 600.861 
0.508009 -0.0313371 0.860782 -0.71265 0.546006 0.440464 -0.483795 -0.837195 0.255044 -52.6843 75.6998 601.029 
0.511025 -0.0331124 0.858928 -0.70953 0.547804 0.443258 -0.485202 -0.835951 0.256447 -53.086 76.1956 601.456 
0.518861 -0.0349553 0.854144 -0.70371 0.549827 0.44998 -0.48536 -0.834547 0.260686 -53.2861 76.8366 602.309 
0.522131 -0.0338439 0.852194 -0.702458 0.549594 0.452216 -0.483665 -0.834747 0.263186 -54.2316 77.0042 601.972 
0.525631 -0.0339493 0.850035 -0.702592 0.546064 0.456267 -0.479663 -0.837056 0.263176 -55.3386 77.6781 601.912 
0.533027 -0.0354918 0.845354 -0.695047 0.551378 0.461402 -0.482485 -0.833501 0.269231 -56.2641 76.8544 602.359 
0.522732 -0.0354243 0.851761 -0.703433 0.546512 0.454432 -0.481595 -0.836702 0.260761 -55.731 77.2482 602.012 
0.517232 -0.0411185 0.854857 -0.703435 0.548523 0.451998 -0.487494 -0.835124 0.25479 -55.3005 76.3039 602.186 
0.516562 -0.0400801 0.855312 -0.706425 0.544532 0.45216 -0.483867 -0.837782 0.252971 -55.7576 76.0396 601.605 
0.527933 -0.0372749 0.848468 -0.703064 0.541259 0.461238 -0.476433 -0.84003 0.259542 -57.4747 76.6868 601.232 
0.539321 -0.0379472 0.841245 -0.698089 0.538554 0.471838 -0.470961 -0.841736 0.263963 -59.5086 75.7786 600.12 
0.552514 -0.0426188 0.832414 -0.690621 0.535738 0.485828 -0.46666 -0.843309 0.266569 -61.6461 75.0034 600.075 
0.550253 -0.0431129 0.833884 -0.69632 0.527459 0.48675 -0.460825 -0.848486 0.260216 -62.2001 75.3707 599.53 
0.555102 -0.0404978 0.830796 -0.694294 0.527482 0.489611 -0.458057 -0.848601 0.264689 -63.0241 73.7957 598.29 
0.562758 -0.0426709 0.82552 -0.690626 0.524518 0.497913 -0.454246 -0.85033 0.265707 -64.7171 73.523 598.276 
0.572956 -0.0455682 0.818318 -0.686764 0.518224 0.509705 -0.447298 -0.854031 0.265625 -65.5739 73.1891 598.042 
0.581686 -0.0435355 0.812248 -0.683626 0.514961 0.517176 -0.440791 -0.856108 0.269783 -67.7869 72.8649 597.581 
0.591865 -0.0485749 0.804572 -0.67399 0.517638 0.527057 -0.442079 -0.85422 0.273633 -69.7485 73.1157 598.862 
0.598146 -0.0447127 0.800139 -0.672589 0.514843 0.531566 -0.435713 -0.856118 0.277878 -70.7032 73.2463 598.489 
0.61015 -0.0460175 0.790949 -0.665875 0.511193 0.543408 -0.429333 -0.858234 0.281262 -72.3827 73.1949 598.311 
0.623944 -0.0447521 0.780187 -0.663997 0.496077 0.559478 -0.412071 -0.867125 0.279809 -73.9778 73.0175 596.48 
0.628573 -0.0420133 0.776615 -0.656942 0.505825 0.559078 -0.41632 -0.861613 0.290348 -75.7605 72.4899 596.718 
0.637822 -0.0398541 0.769152 -0.653406 0.500682 0.567784 -0.407729 -0.864714 0.293305 -76.3969 71.7203 595.915 
0.645513 -0.0424823 0.762567 -0.646147 0.50195 0.574928 -0.407194 -0.863853 0.296565 -77.3486 70.8898 595.822 
0.657796 -0.0420362 0.752023 -0.633756 0.508647 0.58278 -0.407011 -0.859949 0.307945 -80.2185 70.8344 596.348 
0.651103 -0.0421292 0.75782 -0.640444 0.505317 0.578348 -0.407304 -0.861905 0.302032 -80.1293 71.0641 596.003 
0.659729 -0.0432547 0.750258 -0.632694 0.506763 0.585568 -0.405531 -0.861 0.306959 -81.4381 70.6327 595.847 
0.675439 -0.0444685 0.736074 -0.620468 0.505145 0.599874 -0.398499 -0.861889 0.313603 -84.1961 71.0587 595.941 
0.691134 -0.0416896 0.721524 -0.611018 0.499487 0.614143 -0.385995 -0.865318 0.319739 -85.115 69.425 594.158 
0.693611 -0.0410394 0.71918 -0.608643 0.500626 0.615572 -0.385302 -0.864691 0.322261 -85.9839 69.3445 593.808 
0.698149 -0.0368781 0.715003 -0.608085 0.496609 0.619365 -0.377917 -0.867191 0.324282 -85.4225 68.0458 591.794 
0.706107 -0.0388923 0.707037 -0.598827 0.500094 0.625549 -0.377914 -0.865098 0.32983 -86.8944 66.9667 591.859 
0.707092 -0.0358405 0.706213 -0.599868 0.498395 0.625908 -0.374406 -0.866209 0.330912 -87.2727 66.8704 590.807 
0.736894 -0.0401095 0.674818 -0.57357 0.491222 0.65553 -0.357778 -0.870111 0.338973 -88.1036 64.6125 589.945 
0.738952 -0.0360435 0.672793 -0.573168 0.491264 0.655849 -0.354158 -0.870265 0.342362 -89.8972 65.014 589.369 
0.750134 -0.0392452 0.660121 -0.561794 0.488761 0.667458 -0.348835 -0.871535 0.344588 -90.684 64.2008 589.018 
0.754243 -0.0379119 0.6555 -0.557385 0.4907 0.669729 -0.347044 -0.870504 0.348976 -91.6122 63.7585 588.54 
0.761616 -0.0360294 0.647027 -0.552252 0.486316 0.677137 -0.339056 -0.87304 0.350489 -92.6557 63.8661 588.088 
0.759509 -0.0299259 0.649808 -0.553943 0.493933 0.670208 -0.341018 -0.868986 0.358569 -94.2407 64.6171 587.669 
0.760815 -0.0322113 0.648169 -0.553442 0.489385 0.673947 -0.338913 -0.871473 0.354504 -96.4006 65.839 588.52 
0.767301 -0.0315937 0.640509 -0.548602 0.484885 0.681119 -0.332092 -0.874008 0.35472 -96.0582 64.4134 587.321 
0.772201 -0.0317764 0.634583 -0.544599 0.481361 0.686807 -0.327288 -0.875947 0.354402 -96.6429 64.0743 586.775 
0.779668 -0.0292643 0.625509 -0.538878 0.477434 0.694024 -0.318949 -0.878181 0.35647 -97.5068 63.7431 585.831 
0.802207 -0.0323797 0.596167 -0.506467 0.491849 0.70822 -0.316156 -0.870079 0.378166 -99.0952 61.9541 586.639 
0.796851 -0.0276271 0.603545 -0.517386 0.484654 0.705282 -0.311995 -0.87427 0.371903 -99.5401 63.6811 586.192 
0.801397 -0.0283264 0.597461 -0.512099 0.483631 0.709828 -0.309058 -0.874814 0.373075 -100.147 62.8012 585.623 
0.800663 -0.0285009 0.598437 -0.512902 0.483619 0.709257 -0.30963 -0.874815 0.372597 -100.254 63.1104 585.647 
0.80392 -0.0288471 0.594038 -0.509504 0.481825 0.712917 -0.306788 -0.875793 0.37265 -101.614 63.137 585.573 
0.807314 -0.0267624 0.589516 -0.507699 0.477718 0.716957 -0.30081 -0.878106 0.372081 -102.632 63.1189 585.045 
0.820921 -0.0280611 0.570352 -0.490893 0.475598 0.729953 -0.291741 -0.879216 0.376653 -101.98 61.1347 584.071 
0.822388 -0.0264196 0.568313 -0.491304 0.470717 0.732835 -0.286875 -0.881889 0.374132 -102.976 61.5356 583.765 
0.825667 -0.0263586 0.563541 -0.487384 0.469761 0.736059 -0.284131 -0.882401 0.375019 -103.813 61.2262 583.463 
0.828511 -0.0251023 0.55941 -0.48477 0.467905 0.738962 -0.2803 -0.883423 0.375495 -104.992 61.1622 583.145 
0.828438 -0.0241162 0.559561 -0.485289 0.467869 0.738643 -0.279614 -0.883469 0.375897 -105.739 61.1374 582.855 
0.858005 -0.0253498 0.513016 -0.446248 0.457785 0.768958 -0.254344 -0.888702 0.381469 -106.019 58.5557 581.226 
0.864287 -0.0237877 0.502437 -0.435913 0.462975 0.771774 -0.250974 -0.886053 0.389774 -106.143 57.4353 580.82 
0.866494 -0.0226792 0.498673 -0.434371 0.458015 0.775593 -0.245989 -0.888655 0.387016 -107.99 57.8635 580.625 
0.870558 -0.0234057 0.49151 -0.428735 0.454125 0.780998 -0.241486 -0.890631 0.385307 -109.149 57.1048 580.281 
0.872217 -0.021442 0.48865 -0.427297 0.452766 0.782573 -0.238024 -0.891372 0.385748 -111.23 58.3686 580.148 
0.880252 -0.0194139 0.474109 -0.41686 0.445678 0.792212 -0.22668 -0.894983 0.384216 -111.726 57.2938 578.759 
0.885448 -0.0211908 0.464255 -0.407865 0.443422 0.798138 -0.222774 -0.896063 0.383984 -111.269 56.1333 578.22 
0.897536 -0.0201624 0.44048 -0.379599 0.47294 0.795131 -0.224352 -0.880865 0.416827 -109.307 53.9886 578.009 
0.909859 -0.0216109 0.414355 -0.363674 0.439221 0.821479 -0.199746 -0.89812 0.39177 -112.887 53.3803 576.428 
0.908934 -0.0200345 0.416458 -0.365989 0.440138 0.819958 -0.199726 -0.897707 0.392724 -113.82 53.8712 576.041 
0.908684 -0.018614 0.41707 -0.368328 0.434563 0.821882 -0.196542 -0.900449 0.388024 -114.312 54.4223 575.828 
0.908826 -0.0163663 0.416854 -0.371065 0.424929 0.82568 -0.190646 -0.905079 0.380113 -115.206 54.9906 575.375 
0.917858 -0.019016 0.396453 -0.349075 0.436707 0.829117 -0.1889 -0.899403 0.394197 -113.717 54.0433 575.404 
0.922612 -0.0162017 0.38539 -0.344093 0.416957 0.841277 -0.174321 -0.908782 0.379115 -113.957 54.3285 573.929 
0.925143 -0.0157786 0.379291 -0.341435 0.402129 0.849538 -0.165928 -0.915448 0.36664 -115.462 54.0326 573.017 
0.928574 -0.0148474 0.37085 -0.332587 0.410197 0.849191 -0.16473 -0.911876 0.375961 -114.147 53.625 572.973 
0.935597 -0.0169337 0.352664 -0.312511 0.425101 0.849486 -0.164303 -0.904988 0.392431 -114.268 51.8895 572.374 
0.937654 -0.0136126 0.347303 -0.3099 0.419694 0.853124 -0.157374 -0.907564 0.389309 -116.334 53.0233 572.308 
0.935262 -0.0127809 0.353726 -0.315497 0.422927 0.849467 -0.160457 -0.906074 0.391516 -118.288 54.0974 572.471 
0.935885 -0.0129147 0.352069 -0.315513 0.413903 0.853895 -0.15675 -0.91023 0.383291 -118.661 54.1867 571.736 
0.936133 -0.0119921 0.351442 -0.315474 0.412861 0.854414 -0.155343 -0.910716 0.382709 -120.172 55.0007 571.659 
0.938722 -0.0115367 0.344483 -0.3094 0.412247 0.856927 -0.151898 -0.910999 0.383416 -120.291 54.45 571.002 
0.945314 -0.0121034 0.325937 -0.291775 0.415235 0.861654 -0.145769 -0.909634 0.388996 -120.298 54.1585 570.663 
0.945445 -0.0116602 0.325572 -0.293359 0.404148 0.866375 -0.141681 -0.91462 0.378679 -121.562 54.307 570.067 
0.948467 -0.0119139 0.316651 -0.285888 0.398813 0.871331 -0.136665 -0.916955 0.374855 -121.368 54.2934 569.639 
0.949463 -0.0114451 0.313669 -0.284658 0.389653 0.875866 -0.132246 -0.920891 0.366703 -122.73 55.195 569.519 
0.954291 -0.00964877 0.298724 -0.270495 0.39724 0.876946 -0.127126 -0.917665 0.376472 -123.229 54.435 568.737 
0.958111 -0.0130742 0.286098 -0.259554 0.382609 0.886703 -0.121057 -0.923818 0.363189 -120.269 54.1493 568.407 
0.958429 -0.013451 0.285016 -0.257182 0.391902 0.883329 -0.12358 -0.919909 0.372151 -121.856 54.3726 568.194 
0.957953 -0.0124365 0.286656 -0.260263 0.38291 0.886365 -0.120787 -0.923702 0.363573 -125.141 55.9512 568.108 
0.961918 -0.0140799 0.272977 -0.24625 0.388826 0.887793 -0.11864 -0.921204 0.370551 -122.584 56.1451 568.278 
0.96434 -0.0127544 0.264359 -0.239315 0.384563 0.891538 -0.113033 -0.923011 0.367797 -125.131 56.3331 567.615 
0.968395 -0.0141268 0.249022 -0.226194 0.370988 0.900669 -0.105108 -0.928531 0.356067 -124.369 56.3093 567.422 
0.96916 -0.0126022 0.246111 -0.222995 0.380244 0.897602 -0.104894 -0.924801 0.365707 -126.106 57.2992 567.375 
0.97259 -0.0135318 0.232133 -0.210265 0.375074 0.902834 -0.0992839 -0.926897 0.361948 -124.864 57.7589 567.436 
0.97251 -0.0131045 0.232491 -0.211698 0.366112 0.906172 -0.0969925 -0.930479 0.353273 -127.215 59.0746 567.25 
0.976361 -0.0132241 0.21574 -0.196694 0.359455 0.912198 -0.0896119 -0.933069 0.348357 -126.735 59.8612 567.454 
0.977987 -0.0126319 0.208285 -0.190281 0.355708 0.915023 -0.0856469 -0.934512 0.345474 -126.93 60.4908 567.215 
0.978632 -0.0128212 0.205219 -0.186826 0.3614 0.913503 -0.0858781 -0.932323 0.351282 -126.998 61.9777 567.655 
0.978966 -0.0146322 0.203499 -0.186748 0.337426 0.922643 -0.0821663 -0.941239 0.327596 -127.495 63.9023 568.128 
0.978674 -0.0136151 0.204967 -0.187335 0.350208 0.917748 -0.0842762 -0.936574 0.340189 -129.319 65.3165 568.439 
0.98158 -0.0139293 0.190545 -0.173861 0.348346 0.921101 -0.0792058 -0.937263 0.339508 -128.402 65.9686 568.557 
0.980615 -0.0156983 0.195316 -0.177952 0.345913 0.921237 -0.0820242 -0.938136 0.336414 -129.275 67.8599 569.235 
0.983337 -0.0145851 0.181205 -0.165985 0.334486 0.927669 -0.0741405 -0.942288 0.326491 -127.561 68.8077 568.839 
0.984371 -0.013856 0.175559 -0.159149 0.356815 0.920519 -0.0753968 -0.934073 0.349033 -126.381 71.0553 569.432 
0.985078 -0.014062 0.171531 -0.156026 0.347691 0.924537 -0.0726407 -0.937504 0.340309 -127.926 73.1417 569.503 
0.984515 -0.0149423 0.174665 -0.159968 0.330963 0.929986 -0.0717038 -0.943526 0.323448 -128.523 75.7676 569.905 
0.984797 -0.0168855 0.172888 -0.157456 0.333592 0.929476 -0.0733687 -0.942567 0.325861 -129.413 77.6375 570.633 
0.986398 -0.0193153 0.163233 -0.149244 0.310904 0.938651 -0.0688802 -0.950245 0.303793 -130.08 79.3321 570.92 
0.986952 -0.0196615 0.15981 -0.144419 0.330766 0.932597 -0.071196 -0.943508 0.323611 -131.263 81.6044 571.369 
0.989621 -0.0190626 0.142432 -0.126936 0.348658 0.928615 -0.0673619 -0.937057 0.34262 -131.588 82.3937 570.979 
0.989251 -0.0193978 0.144935 -0.130873 0.324682 0.936726 -0.0652281 -0.945625 0.318653 -132.269 85.3715 571.102 
0.990582 -0.0203378 0.135401 -0.121511 0.32519 0.93781 -0.0631041 -0.945431 0.319656 -130.691 87.0603 571.385 
0.990788 -0.0226275 0.13352 -0.119007 0.325049 0.93818 -0.0646293 -0.945427 0.319362 -130.609 89.4482 572.05 
0.98983 -0.0222825 0.140501 -0.128084 0.290166 0.948366 -0.0619007 -0.956717 0.284361 -130.67 92.6368 571.925 
0.991146 -0.0210085 0.131101 -0.118007 0.313159 0.942341 -0.0608525 -0.949469 0.307908 -131.821 94.3754 572.585 
0.992416 -0.0221845 0.120904 -0.108674 0.301297 0.947318 -0.0574436 -0.953273 0.296601 -133.007 95.729 572.954 
0.992564 -0.0231857 0.119496 -0.108606 0.274627 0.955398 -0.0549682 -0.961272 0.270067 -132.503 98.4213 573.851 
0.992745 -0.0212546 0.118346 -0.106446 0.302371 0.947228 -0.0559174 -0.952954 0.297915 -131.065 100.397 573.076 
0.992873 -0.0252976 0.116462 -0.102695 0.314254 0.943769 -0.0604737 -0.949002 0.309416 -131.687 102.03 574.656 
0.993755 -0.0244021 0.108886 -0.0970316 0.292896 0.951208 -0.0551036 -0.955833 0.288699 -133.55 104.075 574.619 
0.99445 -0.0218012 0.102929 -0.09115 0.310096 0.946326 -0.0525489 -0.950456 0.306387 -134.832 105.703 574.635 
0.994429 -0.023207 0.102826 -0.0903572 0.314716 0.944876 -0.0542885 -0.948903 0.310866 -135.764 107.749 575.531 
0.994551 -0.0214344 0.102024 -0.0889442 0.336033 0.937641 -0.0543813 -0.941607 0.332296 -134.739 109.873 575.74 
0.994619 -0.0195271 0.101745 -0.0899922 0.323731 0.94186 -0.0513297 -0.945948 0.320231 -135.722 112.209 576.021 
0.994531 -0.0180516 0.10287 -0.0917151 0.320242 0.942886 -0.0499637 -0.947164 0.316835 -135.687 114.315 576.194 
0.994889 -0.0188777 0.099191 -0.0863501 0.350099 0.932725 -0.0523343 -0.936523 0.346679 -135.382 115.831 576.998 
0.995448 -0.0191943 0.0933555 -0.0782539 0.394542 0.91554 -0.0544057 -0.918678 0.391244 -136.16 117.018 577.706 
0.996094 -0.0199635 0.0860099 -0.0709771 0.398389 0.914467 -0.0525213 -0.917 0.395416 -136.759 118.014 578.116 
0.99606 -0.0204376 0.0863004 -0.0713608 0.393097 0.916724 -0.0526601 -0.91927 0.39009 -137.642 119.207 578.556 
0.996536 -0.019635 0.0808139 -0.0644412 0.431954 0.899591 -0.0525714 -0.901682 0.429193 -137.539 119.685 579.031 
0.996524 -0.0206605 0.0807089 -0.0649532 0.413987 0.907963 -0.0521713 -0.910049 0.411206 -137.084 120.621 579.358 
0.996315 -0.0198866 0.0834269 -0.0656195 0.449589 0.890823 -0.0552232 -0.893015 0.446627 -137.962 121.595 579.933 
0.99668 -0.0182881 0.0793377 -0.0625224 0.452265 0.88969 -0.0521523 -0.891697 0.44962 -138.867 122.066 579.952 
0.996645 -0.0172014 0.0800213 -0.0634089 0.455936 0.887751 -0.0517552 -0.889847 0.453316 -139.937 123.121 580.164 
0.996573 -0.0173302 0.0808848 -0.064825 0.443784 0.893787 -0.0513848 -0.895967 0.44114 -140.309 123.967 580.54 
0.996789 -0.0159685 0.0784643 -0.060901 0.485023 0.872379 -0.0519876 -0.874356 0.482493 -139.215 124.136 580.675 
0.996999 -0.0149588 0.0759593 -0.0585259 0.49664 0.865982 -0.0506784 -0.867828 0.494274 -138.495 124.371 580.562 
0.997052 -0.0145296 0.0753469 -0.0592453 0.478273 0.876211 -0.0487673 -0.878091 0.476002 -138.445 124.984 580.36 
0.996998 -0.0137117 0.076206 -0.0604067 0.477968 0.876298 -0.0484396 -0.878271 0.475705 -138.111 126.142 580.47 
0.996987 -0.0129762 0.0764805 -0.0634309 0.431183 0.900033 -0.044656 -0.902172 0.42906 -138.458 127.233 580.169 
0.997391 -0.0136918 0.0708777 -0.0556952 0.478692 0.876215 -0.0459256 -0.877876 0.476681 -137.989 127.311 580.517 
0.997868 -0.0130285 0.0639515 -0.047214 0.53241 0.84517 -0.0450597 -0.846387 0.530659 -138.402 127.125 580.434 
0.998276 -0.0149258 0.0567569 -0.0395258 0.543879 0.838233 -0.0433802 -0.839032 0.542351 -137.11 126.326 579.921 
0.998341 -0.0131877 0.0560424 -0.0414621 0.510669 0.858778 -0.0399444 -0.859677 0.509275 -137.6 126.351 579.516 
0.998439 -0.0139359 0.0540893 -0.0397317 0.503435 0.863119 -0.0392588 -0.863921 0.502096 -138.515 126.115 579.473 
0.9987 -0.0133082 0.0492145 -0.0345927 0.532218 0.845901 -0.0374502 -0.846504 0.531065 -137.659 125.452 578.967 
0.998805 -0.0145268 0.0466709 -0.0323359 0.519651 0.853767 -0.036655 -0.854256 0.51856 -136.155 125.398 578.625 
0.998699 -0.0140087 0.0490391 -0.0342063 0.52921 0.847802 -0.0378286 -0.848376 0.528042 -136.918 126.025 578.622 
0.998746 -0.0138913 0.0480913 -0.0326551 0.547342 0.836272 -0.0379392 -0.836794 0.546203 -136.958 126.092 578.664 
0.998811 -0.0148824 0.0464336 -0.0300814 0.561396 0.827001 -0.0383754 -0.827414 0.56028 -138.533 125.425 578.905 
0.999043 -0.0180005 0.0398506 -0.02033 0.61565 0.787758 -0.038714 -0.787815 0.614695 -138.434 124.308 578.757 
0.999001 -0.0153384 0.0419787 -0.0251086 0.584416 0.811066 -0.0369735 -0.81131 0.583447 -138.774 125.194 578.503 
0.999045 -0.0134821 0.0415541 -0.0263109 0.573642 0.818684 -0.0348747 -0.818996 0.57274 -138.492 124.903 578.178 
0.999181 -0.0116132 0.0387516 -0.0251706 0.57144 0.820258 -0.03167 -0.820562 0.57068 -138.766 124.616 577.957 
0.999079 -0.0107605 0.0415315 -0.027645 0.578812 0.814993 -0.0328087 -0.815391 0.577981 -139.144 125.139 578.352 
0.999175 -0.0119188 0.0388327 -0.0232657 0.615728 0.787615 -0.0332977 -0.787869 0.614943 -138.419 124.962 578.6 
0.999119 -0.0118185 0.0402577 -0.0257139 0.585706 0.810116 -0.0331535 -0.810438 0.584886 -138.56 124.296 578.648 
0.999036 -0.0103829 0.0426478 -0.0291875 0.568536 0.822141 -0.032783 -0.822593 0.567685 -138.496 125.125 578.482 
0.999158 -0.0119403 0.0392446 -0.0248897 0.584 0.811373 -0.0326068 -0.811667 0.583211 -138.102 124.648 578.312 
0.999082 -0.00968905 0.0417253 -0.0302836 0.529144 0.847992 -0.0302949 -0.848477 0.528365 -137.737 124.97 578.144 
0.999052 -0.00924153 0.0425349 -0.0309722 0.535676 0.843856 -0.0305834 -0.844374 0.534882 -137.243 125.284 577.996 
0.999188 -0.0127374 0.0382143 -0.0239986 0.573699 0.818715 -0.0323518 -0.818968 0.572928 -137.872 123.974 578.313 
0.999249 -0.0102572 0.0373633 -0.0241484 0.589248 0.807592 -0.0302998 -0.807888 0.588557 -137.252 123.999 577.944 
0.999363 -0.00776283 0.0348238 -0.0245452 0.558778 0.828954 -0.0258938 -0.829281 0.558232 -136.306 124.057 577.399 
0.999197 -0.00260365 0.0399782 -0.0322384 0.540179 0.840933 -0.0237848 -0.841547 0.539661 -137.511 125.442 576.894 
0.999275 -0.00408034 0.0378446 -0.0286373 0.574378 0.81809 -0.0250752 -0.818581 0.573845 -137.423 124.605 576.835 
0.999267 -0.00434108 0.0380438 -0.02795 0.596406 0.802197 -0.0261719 -0.802672 0.595847 -137.352 124.982 576.845 
