Lower Arm R
-0.0148834 -0.327094 -0.944875 0.327094 0.891393 -0.313732 0.944875 -0.313732 0.0937236 43.3573 -12.3442 -85.718 
0.476426 -0.133667 -0.868994 0.809439 -0.319194 0.492873 -0.343259 -0.938215 -0.0438776 -92.8549 -91.8431 603.266 
0.47571 -0.132076 -0.86963 0.809619 -0.320711 0.491591 -0.343828 -0.937923 -0.0456346 -92.5174 -91.6301 603.507 
0.477268 -0.128228 -0.869352 0.808829 -0.322638 0.491631 -0.343527 -0.937796 -0.050271 -92.5716 -91.321 603.763 
0.475967 -0.124121 -0.87066 0.808267 -0.32847 0.488684 -0.346642 -0.936323 -0.0560189 -92.4532 -90.7547 604.145 
0.479055 -0.125218 -0.868808 0.805966 -0.329362 0.491874 -0.347744 -0.935863 -0.0568616 -92.6817 -89.9317 604.19 
0.47656 -0.126859 -0.869941 0.80594 -0.332272 0.489954 -0.351212 -0.934613 -0.0561075 -92.4143 -89.4277 604.315 
0.478705 -0.121933 -0.869467 0.802821 -0.340098 0.489707 -0.355415 -0.932451 -0.0649169 -92.2885 -88.8736 604.56 
0.478796 -0.125232 -0.868948 0.800379 -0.344456 0.490657 -0.360761 -0.930412 -0.0646915 -92.0661 -88.488 604.799 
0.477 -0.126815 -0.869706 0.798698 -0.350442 0.489154 -0.366814 -0.927959 -0.0658748 -91.7203 -88.3591 604.903 
0.486988 -0.134629 -0.86297 0.788327 -0.357608 0.500656 -0.376008 -0.924116 -0.06802 -92.2735 -87.1526 604.676 
0.492315 -0.139268 -0.859203 0.777297 -0.373881 0.505986 -0.391708 -0.916961 -0.0758155 -92.0707 -87.1259 604.702 
0.491553 -0.144088 -0.858845 0.768136 -0.392913 0.505556 -0.410296 -0.908217 -0.0824583 -91.6668 -86.5885 604.734 
0.489741 -0.151118 -0.858672 0.761553 -0.405358 0.505689 -0.424489 -0.901581 -0.083437 -91.3902 -86.2358 604.657 
0.488812 -0.159131 -0.857753 0.753752 -0.417992 0.507091 -0.439228 -0.894404 -0.0843747 -91.7688 -84.9246 604.908 
0.484057 -0.155588 -0.861093 0.750008 -0.433142 0.499875 -0.45075 -0.887795 -0.0929739 -91.2043 -84.4249 605.227 
0.483221 -0.150052 -0.862544 0.740778 -0.455028 0.494164 -0.466632 -0.877743 -0.108724 -90.7432 -83.1241 605.601 
0.480508 -0.147464 -0.864504 0.730768 -0.477672 0.487655 -0.484861 -0.866074 -0.121764 -90.5916 -82.5181 606.438 
0.478937 -0.152742 -0.864459 0.719602 -0.495697 0.486268 -0.502784 -0.854958 -0.127495 -90.2592 -80.9546 606.813 
0.480668 -0.172035 -0.859861 0.702055 -0.512047 0.494901 -0.52543 -0.841553 -0.125347 -90.5623 -79.4345 607.693 
0.488525 -0.189805 -0.851656 0.682513 -0.524978 0.508502 -0.543617 -0.829682 -0.12692 -90.8821 -77.1377 607.521 
0.491585 -0.202029 -0.84707 0.658016 -0.550964 0.513277 -0.570403 -0.809705 -0.137908 -90.754 -75.3225 608.435 
0.486685 -0.206443 -0.848834 0.633159 -0.586096 0.50557 -0.60187 -0.783499 -0.154533 -89.7103 -72.7403 609.686 
0.489898 -0.215113 -0.844823 0.599795 -0.62009 0.505701 -0.63265 -0.754463 -0.174758 -90.0064 -69.9959 611.41 
0.500455 -0.244783 -0.830437 0.566194 -0.633104 0.527828 -0.654957 -0.734343 -0.178246 -91.2029 -66.3526 612.412 
0.507372 -0.281474 -0.814461 0.556389 -0.614728 0.559052 -0.658031 -0.736805 -0.155288 -91.7997 -60.073 609.363 
0.490032 -0.285527 -0.823616 0.547088 -0.634844 0.545589 -0.678648 -0.717947 -0.154886 -89.8582 -57.7748 610.575 
0.501476 -0.311356 -0.807204 0.532935 -0.623808 0.571702 -0.681544 -0.716882 -0.146893 -90.6657 -51.0828 607.617 
0.498646 -0.330952 -0.801138 0.506041 -0.639242 0.579043 -0.703757 -0.694147 -0.151281 -91.7405 -46.6232 609.113 
0.49889 -0.33995 -0.797209 0.512224 -0.626345 0.587637 -0.699096 -0.701516 -0.138347 -90.5313 -40.705 605.943 
0.486022 -0.349166 -0.801165 0.485681 -0.654214 0.579757 -0.726565 -0.670885 -0.14838 -89.7286 -37.555 609.028 
0.480815 -0.37514 -0.792519 0.471029 -0.65185 0.594324 -0.739559 -0.65906 -0.136719 -90.1062 -32.7621 609.441 
0.485905 -0.39608 -0.779112 0.483375 -0.620901 0.617114 -0.728179 -0.676462 -0.110245 -89.9848 -26.965 605.518 
0.479347 -0.384332 -0.788997 0.451877 -0.662603 0.597297 -0.752352 -0.642842 -0.143947 -89.7302 -24.818 609.816 
0.468241 -0.38158 -0.796961 0.42368 -0.694542 0.581469 -0.7754 -0.609924 -0.163546 -89.365 -22.2315 613.523 
0.465931 -0.374787 -0.801525 0.442134 -0.686045 0.577805 -0.766437 -0.623599 -0.153944 -88.0529 -18.4053 610.75 
0.472959 -0.389169 -0.790479 0.417202 -0.691296 0.589959 -0.77605 -0.608816 -0.164593 -89.4768 -14.0905 611.518 
0.470718 -0.379509 -0.796491 0.423488 -0.69478 0.581324 -0.774004 -0.610944 -0.166329 -88.1138 -11.0066 610.563 
0.469693 -0.384823 -0.794543 0.412823 -0.699797 0.582975 -0.780362 -0.601825 -0.169827 -88.4322 -8.00228 611.275 
0.463834 -0.386779 -0.797032 0.412325 -0.702035 0.580633 -0.784121 -0.597953 -0.16615 -87.5172 -5.01972 611.317 
0.460292 -0.382723 -0.801033 0.403268 -0.713697 0.572723 -0.790889 -0.586651 -0.17417 -87.116 -2.72925 612.447 
0.458739 -0.385874 -0.800412 0.397858 -0.716247 0.573323 -0.794524 -0.581456 -0.175048 -86.7187 0.185873 612.508 
0.456769 -0.38223 -0.803282 0.384936 -0.729144 0.565838 -0.801989 -0.56767 -0.185917 -86.7447 2.60774 613.41 
0.466144 -0.381364 -0.798293 0.406617 -0.709021 0.576152 -0.785731 -0.593169 -0.175437 -86.8526 5.4598 609.745 
0.474322 -0.385644 -0.791389 0.394398 -0.710602 0.582661 -0.787063 -0.588492 -0.184958 -88.1986 8.10247 609.725 
0.473897 -0.385402 -0.791762 0.373383 -0.72636 0.577049 -0.7975 -0.569093 -0.200318 -89.3536 8.94637 612.473 
0.480453 -0.376487 -0.7921 0.379167 -0.725232 0.574691 -0.79082 -0.576451 -0.205689 -89.921 11.322 611.153 
0.474879 -0.367129 -0.799816 0.387736 -0.728585 0.564646 -0.790032 -0.578256 -0.203641 -89.1703 12.7069 610.807 
0.474266 -0.383463 -0.792482 0.40031 -0.70779 0.582051 -0.784107 -0.593286 -0.182177 -89.6737 15.116 608.889 
0.479979 -0.385928 -0.787832 0.397795 -0.704666 0.587541 -0.781907 -0.595403 -0.184705 -90.331 17.1892 608.621 
0.477376 -0.380794 -0.791901 0.38047 -0.722781 0.576913 -0.792057 -0.576699 -0.200158 -90.6418 17.3609 611.531 
0.475872 -0.384263 -0.791131 0.375059 -0.724959 0.577724 -0.795535 -0.571643 -0.200867 -91.0541 18.5092 612.42 
0.473994 -0.382022 -0.79334 0.389592 -0.717005 0.578032 -0.78965 -0.583063 -0.191024 -90.4011 19.7545 611.139 
0.469713 -0.390438 -0.791787 0.377305 -0.722062 0.579885 -0.798129 -0.571126 -0.191848 -90.761 20.2835 612.767 
0.470388 -0.391865 -0.790681 0.386913 -0.713699 0.583893 -0.793116 -0.580581 -0.184098 -90.5253 21.2172 611.515 
0.465886 -0.396385 -0.791094 0.38117 -0.716937 0.583704 -0.798536 -0.573481 -0.182922 -90.605 21.5484 612.386 
0.460246 -0.395211 -0.794973 0.382487 -0.719813 0.579285 -0.801172 -0.570681 -0.180129 -90.3208 22.6268 613.102 
0.463008 -0.399738 -0.791096 0.377361 -0.718697 0.584014 -0.802012 -0.568932 -0.181918 -90.8756 23.6236 613.518 
0.462727 -0.409714 -0.786141 0.367928 -0.718049 0.590791 -0.806544 -0.562618 -0.181516 -91.7441 24.7595 614.757 
0.458217 -0.416672 -0.785125 0.360317 -0.720403 0.592613 -0.812532 -0.55444 -0.179968 -92.0326 25.8739 616.11 
0.462976 -0.420302 -0.780384 0.344789 -0.725688 0.595396 -0.816562 -0.544722 -0.191062 -92.7787 27.3848 617.288 
0.46303 -0.420573 -0.780206 0.334018 -0.732558 0.593119 -0.820996 -0.535235 -0.198718 -92.72 28.5647 618.367 
0.467292 -0.425164 -0.775161 0.329422 -0.729907 0.598929 -0.820438 -0.53523 -0.201022 -92.8755 29.8639 618.601 
0.47165 -0.411801 -0.779721 0.320744 -0.743561 0.58672 -0.821383 -0.526817 -0.218618 -92.2557 30.8882 619.989 
0.484425 -0.417609 -0.768723 0.294113 -0.749818 0.59268 -0.823911 -0.513201 -0.240407 -93.8399 33.4797 621.812 
0.485593 -0.404034 -0.775213 0.269876 -0.774181 0.572546 -0.831484 -0.487237 -0.266899 -93.1585 35.0504 624.445 
0.493474 -0.396194 -0.774282 0.256979 -0.784065 0.564981 -0.83093 -0.477778 -0.285103 -93.1663 37.0659 624.818 
0.501002 -0.395075 -0.770008 0.239415 -0.791733 0.561996 -0.831672 -0.465912 -0.302073 -93.6017 39.4357 625.566 
0.50665 -0.392626 -0.767562 0.227632 -0.797775 0.558335 -0.831559 -0.457602 -0.314819 -93.4228 40.9916 626.107 
0.502891 -0.387086 -0.772829 0.196134 -0.819688 0.538184 -0.841803 -0.422226 -0.336294 -93.4143 43.6051 628.615 
0.507099 -0.389371 -0.768921 0.169174 -0.829815 0.531776 -0.845122 -0.399745 -0.354928 -94.1289 45.6857 630.221 
0.510699 -0.387091 -0.767689 0.151146 -0.838583 0.523386 -0.84637 -0.383326 -0.369757 -94.2123 47.5231 630.791 
0.506544 -0.381893 -0.773027 0.132294 -0.851519 0.507359 -0.852004 -0.359267 -0.38081 -93.3979 49.3407 632.282 
0.504867 -0.394842 -0.767599 0.108738 -0.853076 0.51033 -0.856321 -0.341116 -0.387756 -93.884 51.3646 633.58 
0.516389 -0.376678 -0.769062 0.0903492 -0.869088 0.486336 -0.851575 -0.320623 -0.414755 -93.5565 53.4151 634.139 
0.506368 -0.37762 -0.775238 0.0892524 -0.871237 0.482679 -0.857686 -0.313605 -0.407464 -92.9356 54.2091 634.769 
0.498728 -0.370335 -0.78366 0.0819061 -0.879944 0.467962 -0.86288 -0.297572 -0.408521 -91.5541 55.6064 635.677 
0.50649 -0.351633 -0.787287 0.0655998 -0.894705 0.441813 -0.859747 -0.27542 -0.430093 -91.208 56.9873 636.243 
0.513029 -0.372518 -0.773325 0.0369739 -0.890494 0.453488 -0.857574 -0.261246 -0.443077 -93.4468 58.7266 636.923 
0.50472 -0.356553 -0.786211 0.0470452 -0.898008 0.437455 -0.862 -0.25778 -0.43647 -90.7817 57.567 637.22 
0.503237 -0.360847 -0.785202 0.0450392 -0.896455 0.44084 -0.862974 -0.257212 -0.434878 -91.1265 57.7555 636.699 
0.502061 -0.352566 -0.789703 0.0520429 -0.899157 0.434519 -0.863265 -0.259254 -0.433084 -90.4461 56.8037 636.195 
0.49604 -0.337398 -0.800066 0.063352 -0.904898 0.420886 -0.865985 -0.259462 -0.427492 -88.6809 55.3507 636.159 
0.502576 -0.344548 -0.792908 0.0661493 -0.899138 0.432637 -0.861999 -0.269884 -0.429094 -89.5926 54.894 635.197 
0.507139 -0.339576 -0.792147 0.0724533 -0.899058 0.431792 -0.858813 -0.276373 -0.431345 -90.1074 54.4321 634.426 
0.512222 -0.347042 -0.785615 0.0794875 -0.891643 0.445705 -0.855167 -0.290747 -0.429134 -90.881 54.0143 633.589 
0.512426 -0.342377 -0.787526 0.0768628 -0.895113 0.439163 -0.855284 -0.285571 -0.432364 -90.9998 53.4878 634.105 
0.522579 -0.347354 -0.778625 0.0810032 -0.888886 0.450909 -0.848734 -0.298707 -0.436377 -91.6982 53.3383 633.118 
0.518546 -0.338348 -0.785258 0.0800102 -0.895147 0.438532 -0.851298 -0.290228 -0.437104 -91.3136 52.7634 634.012 
0.522779 -0.345803 -0.77918 0.0829335 -0.889061 0.450212 -0.848425 -0.299982 -0.436104 -91.8845 52.7868 633.518 
0.517806 -0.336977 -0.786335 0.0797691 -0.896132 0.436558 -0.851771 -0.288778 -0.437143 -91.4048 52.2539 634.636 
0.514721 -0.33921 -0.7874 0.0861957 -0.893276 0.441167 -0.853014 -0.294949 -0.43055 -91.0214 51.6052 634.724 
0.512134 -0.340722 -0.788434 0.0925243 -0.890724 0.445026 -0.853908 -0.300863 -0.424646 -90.7398 51.1702 634.664 
0.511063 -0.332451 -0.792648 0.105679 -0.890874 0.441785 -0.853022 -0.309546 -0.42016 -90.4274 50.2263 634.132 
0.504133 -0.332296 -0.797138 0.11952 -0.887286 0.445463 -0.855316 -0.319847 -0.407595 -90.0204 49.1275 634.132 
0.512124 -0.34865 -0.784966 0.106279 -0.881162 0.460715 -0.852311 -0.319368 -0.414211 -91.4298 49.2059 634.183 
0.507338 -0.350936 -0.787052 0.0947099 -0.885082 0.455697 -0.856527 -0.305734 -0.415799 -91.6035 48.7073 635.367 
0.513974 -0.33934 -0.787831 0.10831 -0.885403 0.452028 -0.85094 -0.317661 -0.418321 -91.5523 47.4416 634.272 
0.512615 -0.347825 -0.785012 0.0904138 -0.887322 0.452198 -0.853845 -0.30278 -0.423407 -92.6545 47.6927 635.308 
0.514445 -0.354264 -0.780924 0.0959382 -0.881179 0.462945 -0.85214 -0.313081 -0.419331 -93.1591 46.805 634.603 
0.508065 -0.336612 -0.792819 0.103429 -0.889967 0.444139 -0.855086 -0.307653 -0.417346 -91.761 45.8642 634.769 
0.513848 -0.347763 -0.784232 0.0972609 -0.88464 0.456017 -0.85235 -0.310599 -0.420748 -93.1633 46.0203 634.23 
0.510252 -0.343674 -0.788372 0.0893689 -0.890534 0.44605 -0.855369 -0.298055 -0.423684 -92.816 45.1983 635.121 
0.505996 -0.342521 -0.79161 0.107608 -0.885532 0.451943 -0.855797 -0.313866 -0.411218 -92.0068 43.865 634.352 
0.509887 -0.356424 -0.782928 0.0924102 -0.882165 0.461783 -0.855263 -0.307809 -0.416868 -94.0065 44.3111 634.815 
0.49772 -0.342954 -0.796654 0.100237 -0.889606 0.445594 -0.861526 -0.301635 -0.408399 -91.7006 42.2364 635.66 
0.504909 -0.350301 -0.788896 0.120355 -0.87645 0.466208 -0.854741 -0.33034 -0.400368 -92.1937 41.2058 633.513 
0.499678 -0.352639 -0.791181 0.102575 -0.882865 0.458287 -0.860116 -0.310152 -0.404977 -92.3712 40.5957 634.65 
0.507256 -0.355333 -0.78513 0.0860383 -0.885607 0.456395 -0.85749 -0.299061 -0.418658 -93.5184 40.3663 634.945 
0.509635 -0.356918 -0.782868 0.0903502 -0.882666 0.461234 -0.855634 -0.305793 -0.41759 -93.8393 38.8907 634.076 
0.508051 -0.349473 -0.787244 0.0938945 -0.886071 0.45394 -0.856194 -0.304543 -0.417356 -93.1525 37.3749 633.658 
0.505231 -0.353508 -0.787257 0.0814982 -0.888627 0.45133 -0.859127 -0.292186 -0.420153 -93.5614 36.1108 634.151 
0.50776 -0.362901 -0.781334 0.0719237 -0.885924 0.45822 -0.858491 -0.288863 -0.423737 -94.3547 35.3844 633.669 
0.515501 -0.36103 -0.777121 0.0664239 -0.887344 0.456298 -0.854311 -0.286842 -0.433446 -94.9705 33.9858 633.217 
0.514917 -0.365954 -0.775202 0.0613629 -0.886245 0.459134 -0.855041 -0.283985 -0.433887 -95.5 32.531 633.03 
0.509221 -0.361365 -0.781095 0.0638818 -0.889204 0.453027 -0.858262 -0.280589 -0.429718 -94.2296 30.7051 633.067 
0.503067 -0.36542 -0.783193 0.072209 -0.885273 0.45943 -0.861225 -0.287678 -0.418966 -93.6055 28.8645 632.346 
0.514194 -0.363416 -0.776874 0.0692617 -0.885238 0.459951 -0.854873 -0.290312 -0.430014 -94.8114 27.8309 631.049 
0.50897 -0.365805 -0.779189 0.0668012 -0.885693 0.45944 -0.858188 -0.285892 -0.426355 -94.5967 26.8211 630.74 
0.496991 -0.361608 -0.788821 0.0754557 -0.887584 0.454423 -0.864469 -0.285366 -0.413836 -92.8536 24.7089 630.397 
0.511478 -0.368135 -0.776445 0.0607098 -0.885842 0.459996 -0.857149 -0.282416 -0.43074 -95.0096 23.9557 629.774 
0.504806 -0.36839 -0.780679 0.0550281 -0.888794 0.454991 -0.861477 -0.272642 -0.428397 -94.0259 22.4509 629.924 
0.504276 -0.380344 -0.77527 0.0573692 -0.88104 0.46955 -0.861635 -0.28126 -0.422468 -94.4376 20.2358 628.762 
0.501937 -0.372358 -0.780646 0.0442759 -0.890335 0.453147 -0.86377 -0.262015 -0.430406 -93.7184 19.0307 629.222 
0.512876 -0.396656 -0.761329 0.0343862 -0.876648 0.479902 -0.857774 -0.27231 -0.435973 -95.9306 18.0789 627.713 
0.506606 -0.387509 -0.770186 0.0467428 -0.879645 0.473327 -0.86091 -0.275791 -0.427521 -93.3293 15.5791 626.996 
0.502674 -0.391432 -0.770778 0.0223198 -0.885439 0.464218 -0.864188 -0.250554 -0.436352 -92.9908 14.6867 627.541 
0.495124 -0.391454 -0.775639 0.0301075 -0.884481 0.465603 -0.868301 -0.253884 -0.426142 -91.2324 12.187 626.816 
0.505881 -0.403054 -0.762648 0.0119037 -0.880777 0.473381 -0.862521 -0.248553 -0.440771 -93.268 11.4292 626.141 
0.503924 -0.409072 -0.760737 -0.000167491 -0.880785 0.473515 -0.863748 -0.238489 -0.443918 -92.8603 9.84533 626.276 
0.498737 -0.425836 -0.754934 0.0138705 -0.866957 0.498189 -0.866642 -0.258937 -0.426478 -92.5299 7.62782 624.72 
0.497835 -0.438841 -0.74805 -0.0111595 -0.865702 0.500434 -0.8672 -0.240786 -0.435875 -93.2058 7.10614 625.075 
0.497171 -0.43853 -0.748673 -0.0254946 -0.869883 0.492597 -0.867278 -0.225819 -0.443662 -92.6016 5.58487 625.377 
0.485938 -0.458486 -0.74408 0.00785489 -0.849031 0.528285 -0.873958 -0.262558 -0.408975 -91.7751 2.55164 623.371 
0.474027 -0.46472 -0.747886 -0.026817 -0.856603 0.515277 -0.880102 -0.2242 -0.418516 -91.4758 2.69391 625.108 
0.473262 -0.483404 -0.736439 -0.0241594 -0.842795 0.537691 -0.88059 -0.236677 -0.410542 -91.9961 0.98683 623.913 
0.456298 -0.493194 -0.740643 -0.0250253 -0.839128 0.543358 -0.889475 -0.229399 -0.395235 -91.025 -1.17666 624.225 
0.457863 -0.506084 -0.730917 0.0104771 -0.819029 0.573656 -0.888961 -0.270314 -0.369701 -90.428 -4.14612 621.401 
0.451155 -0.514302 -0.72935 -0.0336098 -0.826461 0.561989 -0.891812 -0.229032 -0.390149 -91.2801 -3.27402 622.648 
0.444863 -0.522949 -0.727064 -0.0228402 -0.818179 0.574509 -0.895307 -0.238972 -0.375922 -91.3236 -4.92504 621.775 
0.444707 -0.514931 -0.732858 -0.0362101 -0.827885 0.559727 -0.894944 -0.222378 -0.386812 -91.4202 -6.11127 622.172 
0.43611 -0.530692 -0.726756 -0.0460081 -0.819694 0.57095 -0.898716 -0.215561 -0.381894 -91.653 -7.07509 622.086 
0.432364 -0.542934 -0.719919 -0.0386917 -0.808838 0.586756 -0.900869 -0.225838 -0.37072 -91.6899 -8.46821 621.407 
0.426031 -0.561481 -0.709391 -0.0136987 -0.788023 0.615492 -0.904605 -0.252502 -0.343415 -91.4668 -9.91729 620.123 
0.397127 -0.578644 -0.712363 -0.00440317 -0.777386 0.629007 -0.917753 -0.246659 -0.31127 -89.5181 -12.1183 621.305 
0.388842 -0.600278 -0.698905 -0.0151997 -0.76268 0.646597 -0.921179 -0.240801 -0.305687 -90.3106 -12.5046 621.795 
0.380581 -0.602805 -0.701273 0.00561247 -0.75682 0.653599 -0.92473 -0.252684 -0.284649 -89.0655 -14.3728 621.158 
0.374854 -0.61637 -0.692512 0.0188456 -0.741758 0.670403 -0.926892 -0.264354 -0.266435 -89.0723 -15.5224 620.55 
0.365841 -0.625821 -0.688846 0.00228052 -0.73955 0.673097 -0.930674 -0.247818 -0.269131 -89.2044 -15.2356 621.439 
0.367818 -0.639056 -0.675512 0.0298677 -0.717943 0.695461 -0.929418 -0.275979 -0.244986 -88.8033 -16.5622 619.662 
0.353303 -0.66306 -0.659946 0.0212343 -0.699574 0.714244 -0.935268 -0.266359 -0.233083 -88.6021 -16.524 619.97 
0.336699 -0.666688 -0.664952 0.0707458 -0.686277 0.723891 -0.938951 -0.290776 -0.183904 -85.2454 -20.891 618.23 
0.347401 -0.68348 -0.642002 0.0831557 -0.659492 0.747098 -0.934022 -0.312929 -0.172273 -85.9906 -21.6489 615.772 
0.31669 -0.698508 -0.641711 0.0873409 -0.652184 0.753012 -0.944499 -0.29452 -0.145533 -83.1862 -24.252 616.92 
0.320984 -0.713199 -0.62315 0.0983914 -0.629294 0.770913 -0.94196 -0.308764 -0.131821 -82.8012 -24.9668 614.898 
0.291343 -0.726422 -0.622439 0.108663 -0.621324 0.775982 -0.950427 -0.293713 -0.102084 -80.4813 -27.4356 615.922 
0.292402 -0.720613 -0.628663 0.0708869 -0.639252 0.765722 -0.953665 -0.268463 -0.135837 -80.5066 -26.3356 617.001 
0.286849 -0.733202 -0.616548 0.0943734 -0.618836 0.77983 -0.953316 -0.281879 -0.108318 -79.2611 -28.3895 616.075 
0.315043 -0.745123 -0.587825 0.121107 -0.582739 0.803584 -0.941319 -0.324353 -0.0933487 -80.6775 -29.0112 612.765 
0.279512 -0.761505 -0.584793 0.0909419 -0.585333 0.805676 -0.955826 -0.278379 -0.0943554 -79.1386 -29.5787 615.658 
0.265276 -0.775426 -0.573012 0.096 -0.570108 0.815941 -0.959381 -0.271459 -0.0767958 -77.5464 -30.8781 615.858 
0.267822 -0.782937 -0.561499 0.118492 -0.551599 0.82565 -0.956154 -0.287661 -0.0549587 -77.6192 -32.369 614.42 
0.254669 -0.79313 -0.553252 0.106203 -0.545716 0.831213 -0.961179 -0.270442 -0.0547448 -76.2965 -32.5588 615.473 
0.25202 -0.800199 -0.544213 0.110659 -0.534846 0.837672 -0.961374 -0.271332 -0.0462433 -75.9756 -32.9646 615.184 
0.245529 -0.817234 -0.521386 0.118385 -0.508545 0.852858 -0.962133 -0.271126 -0.0281153 -74.8583 -33.1643 614.676 
0.257472 -0.818813 -0.513082 0.132305 -0.496109 0.85812 -0.957185 -0.288826 -0.019402 -73.8109 -34.3622 612.919 
0.213909 -0.831967 -0.511931 0.11932 -0.497883 0.858996 -0.969539 -0.244831 -0.0072313 -71.5258 -36.3984 615.221 
0.209363 -0.833109 -0.511954 0.107687 -0.500728 0.85888 -0.97189 -0.234949 -0.0151192 -70.7913 -36.9724 615.314 
0.202886 -0.839284 -0.50442 0.115589 -0.491004 0.863455 -0.972356 -0.233489 -0.00260692 -69.8831 -38.7729 614.682 
0.202715 -0.851371 -0.483811 0.114039 -0.470182 0.875171 -0.972575 -0.232584 0.00177639 -70.2917 -38.9905 614.279 
0.188049 -0.854087 -0.484947 0.121724 -0.469681 0.874404 -0.974587 -0.223461 0.0156392 -68.0159 -40.2602 613.582 
0.170932 -0.87322 -0.456364 0.117249 -0.441862 0.889388 -0.978282 -0.205533 0.0268552 -67.4004 -41.0829 614.404 
0.153898 -0.883097 -0.443232 0.098791 -0.432575 0.896169 -0.983136 -0.181706 0.0206691 -65.7828 -40.6822 615.348 
0.178192 -0.87828 -0.443701 0.0764314 -0.437201 0.89611 -0.981023 -0.193593 -0.0107783 -67.836 -39.9494 615.583 
0.174061 -0.890982 -0.419349 0.0661833 -0.414302 0.90773 -0.982508 -0.185755 -0.0131462 -68.143 -39.3563 615.769 
0.159762 -0.897933 -0.410111 0.0499389 -0.407563 0.91181 -0.985891 -0.166154 -0.020272 -67.2337 -38.6944 616.427 
0.16015 -0.906237 -0.391261 0.055438 -0.387494 0.920204 -0.985535 -0.169062 -0.0118177 -67.2281 -38.8525 616.049 
0.145998 -0.915931 -0.373839 0.0475366 -0.370956 0.927433 -0.988142 -0.153174 -0.010619 -66.3954 -38.4207 616.698 
0.139685 -0.919702 -0.366927 0.045283 -0.364239 0.930204 -0.98916 -0.146551 -0.00923242 -65.0318 -39.8353 616.742 
0.126558 -0.923868 -0.36118 0.0494108 -0.357784 0.932496 -0.990728 -0.135861 0.000368126 -64.2068 -40.7464 617.226 
0.120382 -0.930064 -0.347116 0.0450382 -0.344181 0.937822 -0.991705 -0.12853 0.000454775 -63.716 -39.8413 617.741 
0.10991 -0.936494 -0.333014 0.0474785 -0.329714 0.942886 -0.992807 -0.119444 0.00822396 -62.166 -39.6285 617.912 
0.105847 -0.935824 -0.336198 0.0543595 -0.332146 0.94166 -0.992895 -0.117948 0.0157137 -60.596 -40.3856 617.658 
0.0847295 -0.942257 -0.323995 0.0492703 -0.320804 0.945863 -0.995185 -0.0961061 0.0192432 -58.826 -40.1332 618.74 
0.0608375 -0.951451 -0.301728 0.0623616 -0.298073 0.952504 -0.996198 -0.0767644 0.0411994 -56.3483 -39.9495 619.392 
0.0904501 -0.951596 -0.293739 0.0492088 -0.290317 0.955664 -0.994684 -0.100895 0.0205672 -58.4628 -37.9317 618.522 
0.0735438 -0.954383 -0.289386 0.0332822 -0.287661 0.957154 -0.996736 -0.0800244 0.0106077 -57.2268 -36.278 619.978 
0.0818442 -0.956112 -0.281337 0.055407 -0.277482 0.959132 -0.995104 -0.0940877 0.0302645 -57.3819 -37.7202 619.313 
0.0765854 -0.957672 -0.277487 0.050891 -0.274187 0.960329 -0.995763 -0.087669 0.0277376 -57.0161 -36.8487 619.717 
0.0866354 -0.957573 -0.274861 0.0561495 -0.270766 0.961006 -0.994656 -0.0986907 0.0303088 -57.7451 -36.8525 619.499 
0.0744414 -0.956531 -0.281969 0.0561286 -0.278286 0.958857 -0.995644 -0.0872055 0.0329722 -56.5552 -37.1249 620.13 
0.0728557 -0.962258 -0.262203 0.0582619 -0.258346 0.964294 -0.995639 -0.0855311 0.0372405 -56.1885 -35.8164 620.627 
0.0890026 -0.963519 -0.252406 0.0584964 -0.247917 0.967013 -0.994312 -0.100832 0.0342966 -57.2671 -34.3054 619.99 
0.0834036 -0.966004 -0.244703 0.0571101 -0.240521 0.968962 -0.994878 -0.0947903 0.0351078 -57.2757 -33.5728 620.107 
0.0775121 -0.961838 -0.262409 0.0417515 -0.259838 0.964749 -0.996117 -0.085736 0.0200171 -57.4049 -33.0756 620.736 
0.0925031 -0.964175 -0.248613 0.0266031 -0.247201 0.968599 -0.995357 -0.0962126 0.00278268 -59.6429 -30.3058 620.477 
0.108911 -0.963577 -0.244249 0.0551992 -0.239469 0.969334 -0.992518 -0.119054 0.0271073 -60.7901 -32.6469 619.205 
0.0850885 -0.957454 -0.275755 0.0370758 -0.273524 0.96115 -0.995683 -0.092007 0.0122241 -59.2183 -32.5191 621.051 
0.0936703 -0.960475 -0.262131 0.0310791 -0.260339 0.965017 -0.995118 -0.0985405 0.00546421 -60.9026 -31.3516 620.801 
0.091288 -0.958028 -0.271749 0.0412248 -0.269018 0.962252 -0.994971 -0.0990452 0.0149358 -60.8026 -33.0085 620.871 
0.0776409 -0.958318 -0.274953 0.0636237 -0.27046 0.960626 -0.994949 -0.0920777 0.0399724 -59.3255 -35.9753 620.434 
0.07015 -0.959546 -0.272671 0.0509304 -0.269543 0.961641 -0.996235 -0.0813466 0.0299612 -59.1389 -34.6124 621.533 
0.0688693 -0.960459 -0.269769 0.0716121 -0.264954 0.961598 -0.995052 -0.0855437 0.0505327 -58.7497 -36.9872 620.183 
0.0940816 -0.958185 -0.27024 0.0385179 -0.267737 0.962722 -0.994819 -0.100984 0.0117176 -61.3823 -33.9855 619.983 
0.0962035 -0.954284 -0.282994 0.0268594 -0.28172 0.95912 -0.994999 -0.0998721 -0.00147148 -62.3947 -33.7483 620.209 
0.0963491 -0.951088 -0.293509 0.0342182 -0.291541 0.955946 -0.994759 -0.102148 0.00445431 -62.3824 -35.2286 619.857 
0.0901562 -0.949786 -0.299628 0.0573265 -0.295405 0.95365 -0.994276 -0.103154 0.0278148 -61.6757 -38.2368 619.362 
0.108204 -0.94577 -0.306284 0.0220669 -0.305731 0.951862 -0.993884 -0.109755 -0.0122118 -64.1526 -34.9927 620.277 
0.100145 -0.940325 -0.325207 0.00804568 -0.326074 0.94531 -0.99494 -0.0972846 -0.0250896 -63.7022 -34.4658 621.223 
0.106279 -0.937818 -0.330456 0.0213478 -0.330109 0.943701 -0.994107 -0.107351 -0.0150639 -63.9283 -35.882 620.578 
0.10839 -0.932999 -0.343168 0.00452296 -0.344735 0.938689 -0.994098 -0.103297 -0.0331466 -64.1652 -35.663 621.326 
0.100108 -0.933849 -0.343372 0.0352152 -0.341563 0.939199 -0.994353 -0.106114 -0.00130822 -63.0836 -38.3509 620.747 
0.0933918 -0.930925 -0.353066 0.0394659 -0.350875 0.93559 -0.994847 -0.101311 0.00397042 -62.418 -39.1222 621.202 
0.103171 -0.929686 -0.353609 0.0293869 -0.352501 0.93535 -0.994229 -0.106893 -0.00904774 -63.9438 -38.0058 621.407 
0.111669 -0.927444 -0.356901 0.00148516 -0.35899 0.93334 -0.993744 -0.104755 -0.0387111 -65.6179 -34.8278 621.675 
0.134703 -0.922891 -0.360731 -0.0109942 -0.365419 0.930778 -0.990825 -0.121413 -0.0593702 -67.8392 -33.759 621.011 
0.135916 -0.921529 -0.363745 -0.036251 -0.371532 0.927712 -0.990057 -0.112906 -0.0839042 -68.9176 -31.3806 621.762 
0.153467 -0.919384 -0.362189 -0.0180621 -0.369079 0.929222 -0.987989 -0.136064 -0.0732482 -69.992 -33.1838 620.633 
0.165455 -0.914318 -0.369658 -0.0262257 -0.37877 0.925119 -0.985869 -0.143371 -0.0866486 -71.0893 -32.8751 620.778 
0.163782 -0.91144 -0.377427 -0.0107843 -0.384224 0.923177 -0.986438 -0.14713 -0.0727589 -70.4772 -35.0255 620.416 
0.159687 -0.914216 -0.372437 -0.00158446 -0.377514 0.926002 -0.987166 -0.14728 -0.0617331 -69.6327 -35.5679 620.073 
0.154158 -0.906832 -0.39229 0.00460916 -0.396371 0.918079 -0.988035 -0.143337 -0.0569246 -68.5741 -36.7437 619.858 
0.1404 -0.900136 -0.412362 0.0160796 -0.414359 0.909971 -0.989964 -0.134391 -0.0437027 -67.149 -39.1817 619.809 
0.13439 -0.89175 -0.432112 -0.000361713 -0.436111 0.899892 -0.990928 -0.120781 -0.0589321 -66.7606 -38.69 620.57 
0.148765 -0.886219 -0.43873 -0.00692768 -0.44459 0.895707 -0.988848 -0.130211 -0.0722795 -68.499 -38.0405 620.249 
0.141629 -0.8809 -0.451614 -0.00154383 -0.456408 0.889769 -0.989918 -0.125321 -0.0660013 -67.3286 -39.6753 620.326 
0.148105 -0.871125 -0.468195 -0.0114876 -0.474899 0.879965 -0.988905 -0.124949 -0.0803424 -68.1246 -38.7604 620.594 
0.153321 -0.861106 -0.484757 -0.00674276 -0.491457 0.870876 -0.988153 -0.130255 -0.0811574 -68.1652 -39.5927 619.88 
0.169242 -0.865005 -0.47236 -0.0156329 -0.481569 0.876268 -0.985451 -0.140917 -0.0950247 -70.5343 -38.0049 619.666 
0.173788 -0.856356 -0.486263 -0.0275073 -0.497805 0.866852 -0.984399 -0.137273 -0.110069 -70.751 -37.703 619.912 
0.163118 -0.852841 -0.496038 -0.0324575 -0.507138 0.861253 -0.986073 -0.124386 -0.110405 -69.6866 -38.0587 620.612 
0.170493 -0.852623 -0.493929 0.0165807 -0.498714 0.866608 -0.985219 -0.15594 -0.0708905 -69.0735 -42.0517 618.714 
0.170061 -0.854957 -0.490028 0.0156349 -0.494867 0.868828 -0.985309 -0.155415 -0.070791 -69.6213 -41.2565 618.817 
0.168697 -0.843731 -0.509568 0.0155498 -0.514634 0.857269 -0.985545 -0.152543 -0.0736981 -69.1121 -41.5116 619.134 
0.178579 -0.837233 -0.516866 0.00188951 -0.525017 0.851089 -0.983924 -0.152964 -0.0921758 -70.4059 -39.784 619.271 
0.192983 -0.82398 -0.532743 -0.0180578 -0.545839 0.837695 -0.981036 -0.152041 -0.120218 -71.5748 -38.3518 619.61 
0.195731 -0.825445 -0.529462 -0.0311765 -0.54487 0.837941 -0.980162 -0.147505 -0.132383 -72.7151 -36.6565 620.226 
0.19274 -0.815429 -0.545826 -0.0247684 -0.560121 0.82804 -0.980937 -0.146078 -0.128155 -71.7695 -37.8688 620.146 
0.20026 -0.810233 -0.550835 -0.0354651 -0.56785 0.822367 -0.979101 -0.145152 -0.142453 -72.2525 -37.0712 620.494 
0.199628 -0.811692 -0.548913 0.00206128 -0.559839 0.828599 -0.979869 -0.166544 -0.110087 -72.2726 -39.6346 619.371 
0.196748 -0.804715 -0.560111 -0.0211861 -0.574632 0.818137 -0.980225 -0.1491 -0.130107 -71.9831 -37.6979 620.56 
0.201538 -0.803694 -0.559873 -0.00760695 -0.572868 0.819612 -0.979451 -0.160925 -0.121569 -72.1061 -38.1422 620.007 
0.210457 -0.795597 -0.568095 -0.0368663 -0.587156 0.808634 -0.976908 -0.14924 -0.152903 -73.321 -36.3039 621.15 
0.207746 -0.797641 -0.566224 -0.00975134 -0.580513 0.814192 -0.978134 -0.163624 -0.128378 -72.8742 -38.1599 620.105 
0.209042 -0.792469 -0.57297 -0.00828999 -0.587329 0.809305 -0.977871 -0.164429 -0.129347 -72.3419 -38.3793 620.164 
0.197138 -0.78832 -0.582827 -0.0189667 -0.597448 0.801683 -0.980192 -0.146988 -0.132733 -71.7071 -37.9464 621.311 
0.218629 -0.781024 -0.584981 -0.0278856 -0.604239 0.796314 -0.975409 -0.157786 -0.153884 -73.7824 -36.6774 621.277 
0.233661 -0.770513 -0.593054 -0.0248165 -0.614465 0.788554 -0.972001 -0.169537 -0.162699 -74.6438 -36.5644 620.977 
0.232424 -0.754249 -0.614075 -0.0426661 -0.638664 0.768302 -0.971678 -0.152372 -0.180622 -74.6167 -35.5839 621.864 
0.242141 -0.764919 -0.596881 -0.0104807 -0.617214 0.786725 -0.970185 -0.184243 -0.15747 -74.6454 -36.5173 619.747 
0.232019 -0.759683 -0.607494 -0.0322074 -0.630194 0.775769 -0.972178 -0.160428 -0.170685 -74.7676 -35.4688 621.685 
0.247988 -0.759186 -0.601779 -0.0334218 -0.627518 0.777884 -0.968186 -0.172794 -0.180991 -77.2775 -34.8753 621.668 
0.266223 -0.745835 -0.610619 -0.0329197 -0.640146 0.767548 -0.963349 -0.184238 -0.194975 -78.347 -34.4509 621.087 
0.257919 -0.742079 -0.618705 -0.0211752 -0.644559 0.764261 -0.965934 -0.184017 -0.181958 -77.1256 -34.9521 620.982 
0.255734 -0.740567 -0.621418 0.00730203 -0.641295 0.767259 -0.96672 -0.200752 -0.158594 -76.7082 -36.7244 620.044 
0.277646 -0.727357 -0.627587 0.0044886 -0.652281 0.757963 -0.960673 -0.213262 -0.177839 -78.1981 -35.4867 618.896 
0.276331 -0.710047 -0.647669 -0.0197535 -0.677962 0.734831 -0.960859 -0.190263 -0.201369 -77.5688 -34.2981 620.668 
0.278533 -0.698515 -0.659163 0.0215388 -0.681607 0.731401 -0.960185 -0.217917 -0.174805 -76.4581 -35.9806 618.885 
0.290139 -0.691973 -0.661054 -0.0565597 -0.701959 0.709968 -0.955312 -0.168601 -0.242804 -79.9934 -30.4628 621.719 
0.298427 -0.69477 -0.654397 -0.0300066 -0.692131 0.721147 -0.953961 -0.195574 -0.227399 -80.2909 -32.4434 620.587 
0.294983 -0.682965 -0.668239 -0.0156381 -0.702716 0.711298 -0.955374 -0.199371 -0.21797 -78.9446 -33.7477 620.743 
0.312751 -0.698354 -0.643808 0.0307713 -0.670004 0.741719 -0.949336 -0.251785 -0.188056 -79.5661 -33.655 616.708 
0.297493 -0.698435 -0.650912 0.0300529 -0.674591 0.737579 -0.954251 -0.238986 -0.179697 -78.5956 -33.3503 617.334 
0.28642 -0.682798 -0.672124 0.00792951 -0.6998 0.714294 -0.958071 -0.209918 -0.195023 -77.6519 -32.961 619.316 
0.310322 -0.670537 -0.673854 0.0317779 -0.701135 0.712319 -0.9501 -0.242462 -0.19627 -78.7845 -33.8966 617.222 
0.308344 -0.675954 -0.669335 0.0364963 -0.694695 0.718378 -0.950575 -0.245936 -0.189535 -78.5547 -32.9799 616.893 
0.30492 -0.660441 -0.686179 0.0164944 -0.716719 0.697166 -0.952235 -0.223898 -0.207649 -78.4391 -32.2852 618.334 
0.315892 -0.650875 -0.690343 0.00130823 -0.7273 0.686318 -0.948794 -0.217706 -0.228898 -79.7472 -30.8146 618.809 
0.325759 -0.640745 -0.695217 -0.0369064 -0.743385 0.667845 -0.944732 -0.191899 -0.265812 -81.1225 -28.4652 620.025 
0.320725 -0.637455 -0.700561 -0.0258642 -0.745252 0.66628 -0.946819 -0.195574 -0.255509 -80.7593 -29.15 619.952 
0.331827 -0.638863 -0.694079 -0.00961827 -0.73802 0.67471 -0.943291 -0.217211 -0.25104 -81.1 -29.4173 618.411 
0.333374 -0.629056 -0.702246 0.0137083 -0.741543 0.670765 -0.942695 -0.233243 -0.238589 -79.7652 -29.2707 617.317 
0.324827 -0.627066 -0.708008 0.029349 -0.741558 0.670245 -0.945318 -0.238493 -0.222475 -78.9351 -29.4312 616.604 
0.331435 -0.621881 -0.709517 -0.00027532 -0.752086 0.659064 -0.943478 -0.218242 -0.24944 -79.8066 -27.5389 617.591 
0.337396 -0.602672 -0.723153 0.00598556 -0.766808 0.641848 -0.941344 -0.220886 -0.255111 -79.56 -27.2073 617.347 
0.340935 -0.598341 -0.725087 -0.00337685 -0.772072 0.635526 -0.940081 -0.214225 -0.265248 -79.7245 -26.2493 617.611 
0.343879 -0.610315 -0.713626 -0.00383758 -0.76088 0.64888 -0.939006 -0.220398 -0.263994 -81.2563 -25.0927 617.496 
0.355893 -0.591717 -0.723333 -0.00705865 -0.77569 0.631074 -0.9345 -0.219489 -0.28024 -81.8691 -24.1982 617.745 
0.357458 -0.58577 -0.72739 0.00244385 -0.77826 0.627937 -0.933926 -0.226239 -0.276764 -82.2279 -24.5478 617.708 
0.357425 -0.584457 -0.728463 -0.00577733 -0.781355 0.624059 -0.933924 -0.218846 -0.282653 -82.4795 -22.8777 618.636 
0.358492 -0.562324 -0.745168 0.0406699 -0.788057 0.614256 -0.932647 -0.250512 -0.259643 -80.9717 -23.649 616.968 
0.361671 -0.561499 -0.744253 0.0120648 -0.795407 0.605955 -0.932228 -0.228136 -0.280902 -81.7852 -21.1511 618.104 
0.369495 -0.555614 -0.744826 0.0227503 -0.7959 0.605 -0.928954 -0.24049 -0.281442 -81.7558 -20.5582 617.613 
0.367035 -0.556479 -0.745397 -0.00539224 -0.802582 0.596516 -0.930191 -0.214924 -0.297578 -82.1155 -18.0375 619.628 
0.380104 -0.532616 -0.756202 0.0410987 -0.807032 0.589075 -0.92403 -0.254989 -0.284866 -81.8538 -18.1102 617.484 
0.364636 -0.552958 -0.749185 0.0118632 -0.801756 0.597534 -0.931074 -0.22677 -0.28579 -82.4379 -14.8737 619.453 
0.382846 -0.54744 -0.744136 0.0180444 -0.80092 0.598499 -0.923636 -0.242561 -0.296751 -83.5513 -13.3656 618.444 
0.375817 -0.545389 -0.749208 0.014876 -0.804819 0.593333 -0.926574 -0.23413 -0.294352 -82.7028 -12.2977 619.58 
0.389122 -0.538044 -0.747725 0.00865332 -0.809527 0.587019 -0.921146 -0.234893 -0.310349 -83.7687 -10.5803 619.938 
0.395335 -0.529857 -0.750307 0.0369049 -0.807028 0.589358 -0.917795 -0.260684 -0.299493 -83.6588 -10.2624 618.946 
0.406722 -0.524408 -0.748046 0.0216188 -0.813078 0.581752 -0.913296 -0.252784 -0.31936 -84.9818 -7.26666 619.846 
0.414076 -0.52412 -0.744203 0.0296368 -0.809391 0.586521 -0.90976 -0.26492 -0.319617 -85.893 -5.73282 619.4 
0.416399 -0.535991 -0.734387 0.0349659 -0.797706 0.602031 -0.908509 -0.276364 -0.313424 -86.2259 -3.44243 619.127 
0.417074 -0.520004 -0.745416 0.0560525 -0.803876 0.592149 -0.907143 -0.288752 -0.306129 -85.3566 -3.02122 618.722 
0.416213 -0.512634 -0.750981 0.0609945 -0.808317 0.585578 -0.907219 -0.289532 -0.305165 -84.9154 -0.397165 618.869 
0.41312 -0.519434 -0.748011 0.0570905 -0.804991 0.590533 -0.908885 -0.286665 -0.302904 -84.7116 1.29431 619.562 
0.413355 -0.502229 -0.759541 0.0929991 -0.806491 0.583886 -0.905808 -0.311989 -0.286661 -83.5106 1.95047 618.15 
0.413536 -0.495164 -0.764068 0.0751003 -0.817775 0.570616 -0.907385 -0.293352 -0.300993 -83.299 5.18319 618.805 
0.415095 -0.492287 -0.765081 0.114315 -0.806066 0.58068 -0.902568 -0.328498 -0.278318 -82.9689 6.31128 616.66 
0.425281 -0.506686 -0.749937 0.0806634 -0.804086 0.589015 -0.90146 -0.310989 -0.301092 -85.1774 11.0959 617.533 
0.422391 -0.51155 -0.748266 0.0770259 -0.80228 0.591957 -0.903135 -0.307673 -0.299474 -85.0122 13.734 618.202 
0.435192 -0.501011 -0.748061 0.103232 -0.79762 0.59426 -0.8944 -0.335841 -0.295398 -85.4358 15.3154 616.94 
0.443824 -0.511918 -0.735499 0.0883093 -0.791784 0.604382 -0.891752 -0.333191 -0.306206 -87.4339 18.4427 617.538 
0.439402 -0.503991 -0.743585 0.108425 -0.791969 0.600856 -0.891723 -0.344641 -0.293349 -86.3513 19.4628 617.517 
0.422791 -0.500598 -0.755413 0.110389 -0.798923 0.591215 -0.899479 -0.33335 -0.282518 -84.6111 20.5727 618.842 
0.432842 -0.48603 -0.759225 0.111086 -0.807031 0.579965 -0.894599 -0.335373 -0.295327 -85.5459 22.9096 618.881 
0.430152 -0.474383 -0.768068 0.130705 -0.809112 0.572934 -0.893244 -0.34684 -0.286037 -84.4466 23.2835 618.515 
0.424231 -0.476341 -0.770148 0.12949 -0.80982 0.572208 -0.896248 -0.342475 -0.28187 -84.8977 24.7175 619.643 
0.420899 -0.485731 -0.7661 0.136744 -0.800926 0.58294 -0.896741 -0.350118 -0.270689 -85.6241 26.6118 619.349 
0.421622 -0.477382 -0.770935 0.144922 -0.803793 0.576986 -0.895116 -0.354996 -0.269714 -85.3887 27.7972 619.422 
0.423984 -0.478937 -0.768672 0.150059 -0.799853 0.581134 -0.893152 -0.361738 -0.267257 -86.4476 29.4662 619.39 
0.430087 -0.47628 -0.76693 0.154106 -0.798314 0.582191 -0.889537 -0.368581 -0.269948 -87.1397 31.2903 619.188 
0.427305 -0.474588 -0.76953 0.161379 -0.797442 0.581414 -0.889588 -0.372627 -0.264163 -86.6782 32.5685 619.434 
0.432083 -0.4734 -0.767591 0.145904 -0.803236 0.577514 -0.889953 -0.361529 -0.277994 -88.0971 35.0843 620.469 
0.430893 -0.476386 -0.766412 0.148504 -0.800288 0.580935 -0.8901 -0.364136 -0.274094 -88.2724 36.5379 620.894 
0.423828 -0.469448 -0.774589 0.168503 -0.7994 0.576685 -0.889931 -0.374936 -0.259705 -87.2112 36.8634 620.626 
0.413643 -0.463391 -0.783688 0.201032 -0.793046 0.575033 -0.887967 -0.395405 -0.234882 -85.7108 36.855 619.746 
0.41099 -0.466209 -0.783413 0.186891 -0.798006 0.572938 -0.892278 -0.381885 -0.240843 -86.076 37.9812 621.167 
0.409292 -0.469202 -0.782515 0.179832 -0.799333 0.573347 -0.894506 -0.375388 -0.242784 -86.7034 39.4827 621.934 
0.408827 -0.469692 -0.782464 0.179797 -0.799131 0.573639 -0.894725 -0.375204 -0.242257 -86.9157 40.0561 622.339 
0.413755 -0.468407 -0.780641 0.17637 -0.799994 0.5735 -0.893141 -0.37497 -0.248389 -87.3582 40.9009 622.524 
0.417074 -0.469013 -0.778509 0.178594 -0.797573 0.576178 -0.891153 -0.379346 -0.248885 -87.7484 41.4218 622.51 
0.415199 -0.472905 -0.777155 0.180411 -0.7945 0.579845 -0.891662 -0.380959 -0.244559 -88.3855 42.2355 622.648 
0.414542 -0.475739 -0.775775 0.173495 -0.79552 0.580556 -0.893339 -0.375259 -0.247239 -88.2985 42.7612 623.323 
0.418785 -0.478579 -0.771739 0.178636 -0.789829 0.586735 -0.890341 -0.383577 -0.245278 -89.0515 43.3667 622.975 
0.411199 -0.473113 -0.779153 0.176228 -0.797374 0.577181 -0.894348 -0.374645 -0.244505 -87.6893 43.3714 623.925 
0.408726 -0.467279 -0.78396 0.188872 -0.797084 0.573572 -0.8929 -0.382501 -0.237533 -87.1328 43.3587 623.559 
0.41386 -0.465885 -0.782094 0.189438 -0.79624 0.574556 -0.890412 -0.385944 -0.241276 -87.7165 44.0752 623.427 
0.426927 -0.454207 -0.78194 0.181006 -0.804281 0.566011 -0.885986 -0.383181 -0.261156 -88.0974 44.9953 623.755 
0.420634 -0.450907 -0.787242 0.184727 -0.806995 0.560923 -0.888225 -0.381368 -0.256155 -87.354 45.1348 624.294 
0.422444 -0.449453 -0.787104 0.179456 -0.809729 0.558689 -0.888446 -0.377265 -0.261409 -87.5594 45.7697 624.653 
0.426688 -0.438358 -0.791063 0.18501 -0.813878 0.550793 -0.885273 -0.381371 -0.266172 -86.9579 45.3285 624.222 
0.426276 -0.428131 -0.796864 0.192114 -0.817966 0.542238 -0.883958 -0.384232 -0.266431 -86.0664 45.0575 623.658 
0.42857 -0.428621 -0.795369 0.181067 -0.821708 0.54038 -0.885179 -0.375606 -0.274551 -86.6273 45.3943 623.972 
0.432391 -0.434172 -0.790274 0.191518 -0.81222 0.551016 -0.881112 -0.389607 -0.268046 -87.1106 44.8921 622.94 
0.439331 -0.435281 -0.785824 0.187405 -0.811109 0.554059 -0.87856 -0.390682 -0.274772 -87.9692 45.1364 622.892 
0.441061 -0.416647 -0.794902 0.196832 -0.819236 0.538617 -0.875626 -0.394026 -0.279325 -87.2131 44.5009 622.566 
0.440381 -0.412433 -0.797473 0.204983 -0.818593 0.536551 -0.874098 -0.399755 -0.275952 -86.992 44.1086 622.215 
0.445019 -0.403728 -0.79935 0.210751 -0.820323 0.531651 -0.870369 -0.405059 -0.279974 -87.0508 43.5272 621.84 
0.444165 -0.392995 -0.805154 0.223362 -0.821718 0.524298 -0.867656 -0.412715 -0.277199 -86.3222 42.871 621.126 
0.443132 -0.381303 -0.811321 0.229927 -0.826413 0.513979 -0.866468 -0.414306 -0.278539 -85.9296 42.1471 621.263 
0.437467 -0.360846 -0.823658 0.249906 -0.831086 0.496832 -0.863811 -0.423185 -0.273396 -84.2652 40.7781 620.799 
0.456052 -0.360867 -0.813506 0.23678 -0.831951 0.501788 -0.857876 -0.421464 -0.293968 -86.6186 41.0096 620.663 
0.443098 -0.35489 -0.823235 0.246499 -0.834675 0.492498 -0.861918 -0.421152 -0.282364 -85.031 39.2619 621.109 
0.446971 -0.339773 -0.827509 0.260805 -0.835372 0.483873 -0.855686 -0.432096 -0.284773 -84.5791 37.7389 620.256 
0.444945 -0.334137 -0.830889 0.26016 -0.839551 0.476938 -0.856937 -0.428376 -0.286625 -83.8231 36.835 620.298 
0.442117 -0.334471 -0.832263 0.252806 -0.84379 0.473399 -0.860594 -0.4197 -0.288498 -83.7069 36.2458 620.422 
0.441353 -0.322274 -0.837465 0.259976 -0.84733 0.46308 -0.858848 -0.422102 -0.290189 -82.8783 35.062 619.776 
0.446686 -0.324963 -0.833589 0.270435 -0.839084 0.47202 -0.85284 -0.436277 -0.286927 -83.2373 34.3576 618.446 
0.437241 -0.327638 -0.83754 0.267383 -0.841809 0.468896 -0.858677 -0.428965 -0.280469 -82.827 33.2667 619.302 
0.435464 -0.328281 -0.838214 0.278596 -0.836276 0.472257 -0.856011 -0.439174 -0.272711 -82.7485 32.6924 618.09 
0.445105 -0.321369 -0.835825 0.292213 -0.830163 0.474805 -0.846459 -0.455577 -0.275602 -82.6639 32.3571 615.937 
