Lower Arm L
-0.305218 -0.320392 -0.896767 0.320392 0.852254 -0.413536 0.896767 -0.413536 -0.157472 11.677 7.89292 -70.5016 
-0.701527 -0.262509 -0.662532 0.601443 -0.716778 -0.35284 -0.382265 -0.646002 0.660724 176.369 -79.1421 598.205 
-0.699298 -0.26366 -0.664429 0.59942 -0.7227 -0.344094 -0.389458 -0.638896 0.663426 175.129 -78.6811 599.037 
-0.698041 -0.263278 -0.665901 0.597012 -0.727454 -0.338212 -0.395368 -0.633637 0.664973 175.029 -78.0394 599.671 
-0.703459 -0.251327 -0.664817 0.588868 -0.729865 -0.347177 -0.397971 -0.635713 0.661429 176.286 -77.1927 599.867 
-0.706268 -0.25091 -0.66199 0.583202 -0.736298 -0.343135 -0.401325 -0.628418 0.666355 176.558 -76.8439 600.302 
-0.715338 -0.246876 -0.653715 0.567508 -0.751084 -0.337357 -0.407709 -0.612312 0.677384 176.876 -76.4133 600.876 
-0.720083 -0.245386 -0.64905 0.554551 -0.765748 -0.325735 -0.417078 -0.594488 0.687482 176.466 -75.8121 601.362 
-0.723288 -0.248637 -0.644232 0.545051 -0.778376 -0.311528 -0.423997 -0.576463 0.698511 176.234 -75.2841 601.507 
-0.724584 -0.247027 -0.643393 0.536156 -0.788619 -0.301028 -0.43303 -0.563079 0.703867 176.322 -75.4549 601.789 
-0.723567 -0.251255 -0.642901 0.527365 -0.802163 -0.280038 -0.445349 -0.54167 0.712922 175.383 -75.2095 602.195 
-0.723738 -0.242308 -0.646135 0.514574 -0.813378 -0.27135 -0.459801 -0.52887 0.713359 175.721 -74.7975 602.545 
-0.724457 -0.231931 -0.64913 0.501605 -0.8233 -0.26565 -0.472816 -0.518059 0.712784 175.886 -73.8623 602.894 
-0.719046 -0.220919 -0.658915 0.493727 -0.829645 -0.260622 -0.489088 -0.512723 0.705627 175.645 -73.0097 603.329 
-0.719288 -0.214092 -0.660901 0.480775 -0.840122 -0.2511 -0.501479 -0.498358 0.70722 175.718 -71.6255 603.841 
-0.717532 -0.205323 -0.665575 0.467288 -0.850513 -0.241392 -0.516517 -0.484221 0.706216 175.714 -70.0357 604.791 
-0.712177 -0.193341 -0.674851 0.457035 -0.857381 -0.236679 -0.532845 -0.476987 0.698971 175.527 -68.1233 605.274 
-0.709841 -0.181101 -0.680682 0.43787 -0.870416 -0.225046 -0.55172 -0.457797 0.697156 175.2 -65.4186 605.754 
-0.701615 -0.174024 -0.690979 0.422542 -0.882435 -0.206803 -0.573755 -0.437063 0.692663 174.36 -63.3316 606.498 
-0.701725 -0.148377 -0.696827 0.388781 -0.899358 -0.200011 -0.597019 -0.411265 0.688788 174.854 -60.2115 607.685 
-0.697708 -0.160672 -0.698132 0.375651 -0.911853 -0.165564 -0.609992 -0.377769 0.696564 172.65 -57.5415 607.635 
-0.691336 -0.142597 -0.708323 0.345743 -0.926098 -0.151012 -0.634442 -0.349297 0.689548 172.157 -54.3271 608.94 
-0.690942 -0.114373 -0.713806 0.310076 -0.93885 -0.149712 -0.653033 -0.324776 0.684156 173.552 -50.8969 609.998 
-0.674547 -0.123478 -0.727832 0.297652 -0.947713 -0.115079 -0.675566 -0.294267 0.676031 170.216 -47.9239 610.877 
-0.673311 -0.0964569 -0.733041 0.26561 -0.956824 -0.118064 -0.690003 -0.274196 0.669861 172.242 -44.2279 611.936 
-0.665306 -0.104703 -0.739192 0.259382 -0.960856 -0.0973548 -0.700063 -0.256504 0.666422 170.62 -40.1559 611.24 
-0.657995 -0.0875445 -0.747917 0.246794 -0.963433 -0.10435 -0.711432 -0.253243 0.65554 170.486 -36.0254 610.953 
-0.651888 -0.0792159 -0.754167 0.226355 -0.969516 -0.0938205 -0.723744 -0.231869 0.649947 170.096 -32.5562 611.916 
-0.644942 -0.0544318 -0.762291 0.198621 -0.975123 -0.0984153 -0.73797 -0.214879 0.639709 171.268 -27.6228 613.063 
-0.637805 -0.0529865 -0.768374 0.207295 -0.972628 -0.104997 -0.741778 -0.226247 0.631331 168.635 -23.241 610.827 
-0.628203 -0.0510558 -0.776373 0.182886 -0.979577 -0.0835628 -0.75625 -0.194482 0.624711 168.713 -19.1751 612.686 
-0.620881 -0.0430964 -0.78272 0.163278 -0.983698 -0.0753553 -0.766712 -0.174588 0.617797 167.634 -14.7071 612.967 
-0.614683 -0.0149523 -0.788633 0.12014 -0.98993 -0.0748709 -0.779571 -0.140768 0.61029 168.629 -10.277 615.062 
-0.607852 0.00539644 -0.794032 0.128951 -0.986032 -0.105416 -0.78351 -0.166468 0.598666 166.468 -5.52623 611.516 
-0.595755 0.02386 -0.802813 0.0996073 -0.989647 -0.103329 -0.796966 -0.141524 0.587211 165.966 -1.77741 613.421 
-0.592261 0.0321833 -0.805104 0.0948863 -0.989464 -0.109354 -0.80014 -0.141159 0.582967 164.739 2.22835 612.008 
-0.581484 0.0287323 -0.813051 0.0742004 -0.993338 -0.08817 -0.810167 -0.111598 0.575479 163.359 5.69799 613.483 
-0.584785 0.00903892 -0.811139 0.0582489 -0.996889 -0.0531023 -0.809095 -0.078301 0.582439 162.491 8.24719 614.403 
-0.588636 0.0247866 -0.808019 0.0443388 -0.997035 -0.0628847 -0.807181 -0.0728425 0.585792 163.914 12.3264 613.309 
-0.591623 0.00652756 -0.806189 0.091382 -0.99298 -0.0751001 -0.801019 -0.118102 0.586874 162.249 13.9131 609.513 
-0.599195 -0.0244978 -0.800229 0.103773 -0.993476 -0.0472884 -0.793849 -0.111377 0.597829 161.53 15.956 609.342 
-0.607035 -0.0364048 -0.793841 0.0950492 -0.995105 -0.027047 -0.78897 -0.0918722 0.607525 163.007 18.5457 610.409 
-0.605367 -0.0557056 -0.793996 0.0672479 -0.997561 0.0187163 -0.793101 -0.042064 0.607637 163.961 20.3605 614.434 
-0.609128 -0.0475804 -0.791644 0.140231 -0.988932 -0.0484616 -0.780576 -0.140532 0.609059 163.556 22.9194 607.085 
-0.607972 -0.0383016 -0.793034 0.112367 -0.992933 -0.0381882 -0.785967 -0.112328 0.60798 165.598 25.5953 609.334 
-0.595826 -0.0407841 -0.802078 0.124679 -0.991299 -0.0422116 -0.793377 -0.125152 0.595727 165.203 27.5571 609.253 
-0.598966 -0.0348522 -0.800016 0.136622 -0.988852 -0.0592088 -0.789034 -0.144764 0.597051 166.083 29.9723 607.813 
-0.596158 -0.0280586 -0.802377 0.0849177 -0.995987 -0.0282633 -0.798364 -0.0849851 0.596149 168.139 32.4914 612.435 
-0.596018 -0.0278565 -0.802488 0.104296 -0.993618 -0.0429699 -0.796169 -0.109307 0.59512 167.435 33.7198 610.966 
-0.595038 -0.019924 -0.803451 0.0600007 -0.998004 -0.0196875 -0.801455 -0.0599222 0.595047 169.026 35.1046 615.297 
-0.572901 -0.0435761 -0.818466 0.0698963 -0.997546 0.00418598 -0.816639 -0.0548093 0.574541 166.434 34.976 617.317 
-0.567756 -0.050691 -0.821635 0.0486715 -0.998423 0.0279663 -0.821757 -0.0241119 0.569328 167.002 35.7541 620.173 
-0.58481 -0.0494562 -0.809662 0.0760597 -0.997086 0.00596818 -0.807597 -0.0580921 0.586867 166.947 37.1941 616.084 
-0.581975 -0.0342229 -0.812487 0.0515497 -0.998657 0.00514086 -0.811572 -0.0388913 0.582958 168.155 38.8449 617.276 
-0.574867 -0.0386695 -0.817333 0.0564011 -0.99838 0.00756639 -0.816301 -0.0417486 0.576116 166.978 39.0374 617.107 
-0.571537 -0.0268452 -0.820137 0.0386882 -0.999235 0.00574725 -0.819664 -0.0284446 0.572139 167.86 39.5739 618.524 
-0.574527 -0.0346051 -0.817754 0.0617956 -0.998088 -0.00117853 -0.81615 -0.0512104 0.575568 167.09 40.1537 616.998 
-0.589104 -0.00894133 -0.808008 0.0431119 -0.998863 -0.0203781 -0.806906 -0.0468393 0.58882 169.062 42.0556 616.178 
-0.576238 -0.0359348 -0.816492 0.0653311 -0.997861 -0.0021896 -0.814667 -0.0546037 0.577354 165.995 41.5456 616.897 
-0.580565 -0.0232191 -0.813883 0.0430985 -0.999068 -0.00224046 -0.813072 -0.0363776 0.581026 167.653 43.373 618.518 
-0.586544 -0.0255367 -0.809515 0.0157117 -0.999674 0.020152 -0.809765 -0.000898514 0.586754 169.674 45.4778 621.141 
-0.60533 -0.00785747 -0.795936 -0.00217203 -0.999931 0.011524 -0.795972 0.00870484 0.605272 172.377 47.9569 621.349 
-0.607206 -0.00980289 -0.794485 0.0213066 -0.999765 -0.00394756 -0.794259 -0.0193245 0.607272 171.397 48.6393 620.054 
-0.613706 -0.0207481 -0.789262 0.0111019 -0.999783 0.0176505 -0.789456 0.00207015 0.613804 170.987 49.7827 621.183 
-0.614329 -0.0509372 -0.787405 0.01171 -0.998393 0.0554508 -0.788963 0.0248448 0.613939 169.203 50.7271 622.155 
-0.612717 -0.0286074 -0.789785 -0.0233963 -0.99825 0.05431 -0.789956 0.0517549 0.610975 171.161 52.9761 623.834 
-0.621466 -0.0253424 -0.783031 -0.0573674 -0.995322 0.0777445 -0.781338 0.0932362 0.617105 172.69 54.6338 625.066 
-0.620496 -0.0483056 -0.782721 -0.020273 -0.996779 0.0775883 -0.783947 0.0640116 0.617519 169.988 53.9789 623.234 
-0.621284 -0.035391 -0.782787 -0.0382663 -0.996417 0.0754217 -0.782651 0.0768128 0.617704 170.838 55.2815 624.212 
-0.617889 -0.0363896 -0.785423 -0.0353969 -0.996628 0.0740225 -0.785468 0.0735395 0.614518 170.024 55.6379 624.452 
-0.615217 -0.0425445 -0.787209 -0.0475907 -0.994717 0.090953 -0.78692 0.0934199 0.609943 169.623 56.4709 625.443 
-0.618716 -0.038648 -0.784664 -0.0564544 -0.99402 0.0934754 -0.783584 0.102133 0.612834 170.166 56.9793 625.579 
-0.616627 -0.0474595 -0.785824 -0.0454409 -0.994371 0.0957125 -0.785943 0.0947276 0.611 168.286 56.2791 625.268 
-0.626504 -0.0658573 -0.776632 -0.0412967 -0.992219 0.117453 -0.778324 0.105658 0.61891 167.082 56.7611 624.535 
-0.623295 -0.037688 -0.781078 -0.0881459 -0.989086 0.118065 -0.777003 0.142439 0.613171 169.814 58.5092 626.87 
-0.630853 -0.0505505 -0.774254 -0.0863431 -0.987104 0.134799 -0.771083 0.15189 0.618353 169.032 58.702 626.676 
-0.638951 -0.0383407 -0.768292 -0.112881 -0.983272 0.142948 -0.760921 0.178062 0.623935 170.841 60.248 627.012 
-0.628549 -0.0382335 -0.77683 -0.103984 -0.985693 0.13265 -0.770788 0.164155 0.615581 169.498 59.5907 627.314 
-0.629048 -0.0535852 -0.775518 -0.0738739 -0.988986 0.128258 -0.773848 0.137971 0.618162 168.183 58.2044 626.029 
-0.631159 -0.0429788 -0.774463 -0.099206 -0.98579 0.135557 -0.769284 0.162389 0.617927 169.136 59.1006 627.067 
-0.636814 -0.0840793 -0.76642 -0.0539467 -0.986741 0.153074 -0.769128 0.138826 0.623835 165.59 57.3215 624.78 
-0.630067 -0.0560581 -0.774515 -0.099166 -0.983416 0.151851 -0.770183 0.172482 0.61406 168.573 58.923 627.051 
-0.630395 -0.0487076 -0.774746 -0.0967437 -0.985319 0.140666 -0.770223 0.163627 0.616428 168.965 58.5217 626.208 
-0.631428 -0.0462198 -0.774056 -0.09734 -0.985601 0.138256 -0.769301 0.162646 0.617838 168.924 58.3128 625.818 
-0.637897 -0.0466198 -0.76871 -0.101521 -0.984365 0.143945 -0.763401 0.169862 0.62319 169.419 58.3006 625.51 
-0.634647 -0.0509102 -0.771124 -0.0815011 -0.987854 0.132297 -0.768493 0.146809 0.62279 168.379 57.0878 625.023 
-0.642612 -0.0379758 -0.76525 -0.0912886 -0.987862 0.125683 -0.760734 0.150624 0.631346 170.59 57.1078 625.142 
-0.634571 -0.0477964 -0.771386 -0.0727589 -0.989959 0.121195 -0.769433 0.133032 0.624721 169.122 56.0594 625.035 
-0.636206 -0.0622132 -0.769007 -0.0487358 -0.991512 0.120535 -0.769978 0.114163 0.627774 168.254 54.8946 623.807 
-0.647759 -0.04127 -0.760727 -0.0930512 -0.98677 0.132767 -0.756142 0.156788 0.635349 171 56.803 624.973 
-0.640849 -0.0259617 -0.767228 -0.106447 -0.986768 0.122304 -0.760251 0.160047 0.629606 171.378 57.2843 625.783 
-0.640061 -0.0324668 -0.767638 -0.0964846 -0.987801 0.122229 -0.762242 0.152299 0.629121 170.659 56.5383 625.603 
-0.63638 -0.0348189 -0.77059 -0.0891595 -0.988965 0.118318 -0.766206 0.144001 0.626253 170.029 55.6288 625.645 
-0.636455 -0.0262941 -0.770866 -0.0959423 -0.988958 0.112948 -0.765324 0.145845 0.626905 170.554 55.5167 625.873 
-0.668324 -0.0328567 -0.743144 -0.0932537 -0.987442 0.127524 -0.738002 0.154528 0.656868 171.314 55.0509 623.992 
-0.644083 -0.0336016 -0.764218 -0.0863042 -0.989464 0.116243 -0.760072 0.140826 0.634397 169.843 53.9839 625.441 
-0.648366 -0.0282222 -0.760806 -0.0896507 -0.98953 0.113109 -0.756032 0.141543 0.639047 170.117 53.3221 624.911 
-0.647259 -0.0289112 -0.761722 -0.097185 -0.987996 0.120081 -0.75605 0.151752 0.636679 170.32 53.1759 625.204 
-0.644251 -0.0495912 -0.763205 -0.0723565 -0.989468 0.125373 -0.761384 0.135995 0.633877 168.344 51.3756 624.286 
-0.644853 -0.0382913 -0.763348 -0.0863259 -0.988704 0.122522 -0.759416 0.144906 0.634264 168.989 50.9533 624.257 
-0.645957 -0.029002 -0.762823 -0.095173 -0.988422 0.118172 -0.757418 0.148935 0.635718 169.573 50.8456 624.335 
-0.639798 -0.0292627 -0.767986 -0.09034 -0.989484 0.112964 -0.763215 0.141654 0.630426 168.639 49.998 624.407 
-0.641441 -0.0248085 -0.766771 -0.0942599 -0.989356 0.110864 -0.76136 0.143389 0.632275 169.172 49.8086 624.238 
-0.635754 -0.0286089 -0.771362 -0.0794939 -0.991573 0.102296 -0.767788 0.126354 0.628122 168.248 48.6848 623.757 
-0.636043 -0.0239188 -0.771283 -0.0865521 -0.991001 0.102109 -0.766784 0.131702 0.62825 167.888 48.1941 624.189 
-0.639537 -0.0246299 -0.768366 -0.0930391 -0.98966 0.109164 -0.76311 0.141303 0.630633 168.108 47.5116 624.421 
-0.648653 -0.0556964 -0.759044 -0.0428033 -0.993071 0.109448 -0.75988 0.103483 0.641774 165.719 44.4068 621.494 
-0.648946 -0.0489684 -0.759257 -0.067959 -0.990207 0.12195 -0.757793 0.130737 0.639264 166.581 44.256 622.446 
-0.647466 -0.0350936 -0.761286 -0.0753878 -0.99109 0.109804 -0.758356 0.128487 0.639052 167.135 43.3914 622.011 
-0.648101 -0.0304313 -0.760947 -0.0572281 -0.99443 0.0885109 -0.759402 0.100912 0.642749 167.044 41.4303 620.272 
-0.64986 -0.00178862 -0.760052 -0.133834 -0.984103 0.116747 -0.748178 0.17759 0.63929 169.482 43.3549 623.289 
-0.648827 0.0123246 -0.760836 -0.129962 -0.986973 0.0948421 -0.749756 0.160416 0.641977 169.963 41.4937 622.004 
-0.649733 0.0125381 -0.76006 -0.0989684 -0.992749 0.0682268 -0.753693 0.119551 0.646263 169.806 38.5652 619.618 
-0.650005 0.0276532 -0.759427 -0.130321 -0.988589 0.0755468 -0.748672 0.148075 0.646192 170.956 38.1572 620.396 
-0.646995 0.00527741 -0.762477 -0.0925043 -0.993133 0.0716209 -0.756863 0.116871 0.64304 169.013 35.2358 618.971 
-0.639337 0.0229962 -0.768583 -0.118224 -0.990607 0.0687048 -0.759784 0.134791 0.636051 169.474 34.6139 619.355 
-0.642701 0.0160765 -0.765949 -0.0935012 -0.993952 0.0575948 -0.76039 0.108633 0.640318 168.293 31.9807 617.82 
-0.647504 0.0179828 -0.761851 -0.0853148 -0.995147 0.0490212 -0.757272 0.0967387 0.645896 168.425 30.1685 616.135 
-0.640354 0.0455379 -0.766729 -0.13812 -0.988795 0.0566287 -0.755559 0.142163 0.639469 170.237 30.7826 617.654 
-0.640036 0.0596821 -0.766024 -0.137204 -0.989832 0.0375201 -0.755995 0.129116 0.641718 170.999 28.9779 616.904 
-0.644537 0.0515775 -0.762832 -0.117832 -0.992503 0.0324537 -0.755439 0.110804 0.645783 170.127 26.4873 615.908 
-0.647858 0.0488293 -0.760195 -0.108269 -0.993715 0.0284414 -0.754028 0.100731 0.649073 169.834 24.3654 614.76 
-0.644195 0.0808703 -0.760574 -0.156833 -0.987232 0.027866 -0.748609 0.137235 0.648654 173.025 24.6621 615.597 
-0.650159 0.070327 -0.756537 -0.141308 -0.989527 0.0294535 -0.746543 0.126054 0.653288 172.914 22.5801 614.023 
-0.639399 0.101827 -0.762103 -0.170283 -0.985331 0.0112146 -0.749782 0.136944 0.647359 173.863 21.3282 614.31 
-0.6363 0.104536 -0.764326 -0.120022 -0.992127 -0.0357733 -0.762048 0.0689732 0.643838 173.045 17.3735 611.63 
-0.635653 0.109439 -0.764179 -0.142747 -0.989493 -0.0229666 -0.758662 0.0944854 0.644597 174.203 16.7874 611.825 
-0.619652 0.12271 -0.775226 -0.184388 -0.982819 -0.00818403 -0.762911 0.137872 0.631633 174.306 16.5799 613.647 
-0.623433 0.106832 -0.774544 -0.150572 -0.988483 -0.0151438 -0.767241 0.107183 0.63234 173.507 13.4421 611.185 
-0.606162 0.141771 -0.782604 -0.161382 -0.98544 -0.0535166 -0.778796 0.0938586 0.620216 173.989 11.3613 611.546 
-0.600385 0.146611 -0.786158 -0.215801 -0.976285 -0.0172613 -0.770044 0.15929 0.617786 175.746 12.3433 613.4 
-0.594969 0.159553 -0.787754 -0.220674 -0.974862 -0.0307797 -0.772861 0.155524 0.615222 176.542 10.5605 613.123 
-0.592383 0.161883 -0.789226 -0.236279 -0.971438 -0.02191 -0.770231 0.173498 0.613713 177.212 9.12406 613.036 
-0.599064 0.157618 -0.785035 -0.171594 -0.982927 -0.066406 -0.782098 0.0949257 0.615883 176.712 4.2817 609.644 
-0.575578 0.169106 -0.800072 -0.207537 -0.976559 -0.057105 -0.790974 0.133176 0.597182 175.869 3.96332 612.461 
-0.56092 0.177286 -0.808665 -0.241665 -0.969321 -0.0448782 -0.791812 0.170253 0.586556 176.551 4.07248 613.941 
-0.558338 0.179058 -0.810061 -0.240496 -0.969436 -0.0485232 -0.79399 0.167724 0.584336 176.765 2.22707 613.397 
-0.556794 0.178104 -0.811332 -0.243594 -0.968809 -0.0455014 -0.79413 0.172301 0.582813 176.81 0.884778 613.545 
-0.550662 0.168541 -0.817537 -0.217354 -0.97457 -0.0545122 -0.805934 0.147677 0.573292 174.581 -2.01537 612.833 
-0.546025 0.18499 -0.81709 -0.199749 -0.975935 -0.0874691 -0.813608 0.115453 0.569837 174.797 -4.0715 611.613 
-0.537004 0.186389 -0.822732 -0.195518 -0.976228 -0.0935465 -0.820609 0.110624 0.560681 173.606 -5.65721 611.464 
-0.524262 0.195419 -0.828831 -0.228185 -0.969956 -0.0843583 -0.820415 0.144902 0.553103 174.295 -5.38781 612.406 
-0.530772 0.178281 -0.828552 -0.178715 -0.979186 -0.0962076 -0.828458 0.0970102 0.551586 172.267 -8.79851 609.807 
-0.512502 0.192394 -0.836856 -0.202786 -0.974128 -0.0997634 -0.834398 0.118574 0.538257 172.36 -8.84911 610.857 
-0.519735 0.200207 -0.830538 -0.200042 -0.973647 -0.109521 -0.830577 0.109221 0.546089 173.973 -9.66606 609.475 
-0.50785 0.212376 -0.834856 -0.164843 -0.975183 -0.147797 -0.845526 0.0625616 0.530256 173.122 -11.6386 608.079 
-0.501487 0.227835 -0.834627 -0.154633 -0.972772 -0.172634 -0.851234 0.0424874 0.523064 173.672 -12.2536 607.085 
-0.496735 0.234772 -0.835546 -0.144307 -0.971659 -0.187226 -0.855821 0.0275736 0.516537 173.202 -13.6116 606.319 
-0.496573 0.244211 -0.832933 -0.124318 -0.969722 -0.210201 -0.859047 -0.000831471 0.511898 173.273 -14.8841 604.726 
-0.476577 0.278112 -0.833984 -0.157213 -0.960312 -0.2304 -0.864962 0.0213099 0.501386 175.023 -13.2722 605.894 
-0.475442 0.291413 -0.830081 -0.117954 -0.956141 -0.268108 -0.871804 -0.0295583 0.488963 174.359 -15.0788 603.618 
-0.473814 0.317078 -0.821561 -0.121995 -0.947568 -0.295352 -0.872134 -0.0397151 0.487653 175.491 -14.5396 602.778 
-0.454536 0.350506 -0.818867 -0.166253 -0.936551 -0.308596 -0.875075 -0.00412881 0.48397 176.519 -12.1498 604.587 
-0.446009 0.379458 -0.81061 -0.178523 -0.925197 -0.334872 -0.877044 -0.00464277 0.480389 178.032 -11.3289 604.5 
-0.425795 0.399931 -0.811637 -0.178431 -0.916514 -0.358001 -0.887052 -0.00761362 0.461608 177.272 -11.6162 604.397 
-0.427721 0.417514 -0.801709 -0.188465 -0.908633 -0.37265 -0.884045 -0.0082958 0.467329 179.274 -11.5012 603.61 
-0.396555 0.421149 -0.815707 -0.179857 -0.906981 -0.380837 -0.90022 -0.00431147 0.435415 176.551 -13.3389 604.217 
-0.391052 0.430194 -0.813642 -0.17469 -0.902661 -0.393302 -0.903638 -0.011666 0.428138 176.803 -13.9913 603.691 
-0.384235 0.441506 -0.810825 -0.161659 -0.896848 -0.41174 -0.908972 -0.0271272 0.415974 176.216 -15.3135 603.018 
-0.397067 0.463652 -0.792065 -0.128724 -0.882616 -0.452128 -0.908718 -0.077567 0.410141 176.658 -16.7602 600.044 
-0.374316 0.485433 -0.790091 -0.170147 -0.87352 -0.456083 -0.911558 -0.036287 0.409568 178.089 -13.5238 602.324 
-0.337745 0.508055 -0.792344 -0.155247 -0.86035 -0.485485 -0.928346 -0.0409612 0.369453 175.518 -15.3338 603.572 
-0.340677 0.517186 -0.785149 -0.15081 -0.854351 -0.497333 -0.928006 -0.0510213 0.369055 176.433 -15.4915 602.719 
-0.32686 0.531281 -0.781604 -0.14659 -0.845521 -0.513425 -0.933635 -0.0532426 0.354248 176.157 -15.8403 603.148 
-0.339691 0.551633 -0.761782 -0.156839 -0.831825 -0.532417 -0.927368 -0.0613795 0.369082 177.839 -14.471 601.931 
-0.303764 0.563265 -0.768415 -0.138724 -0.824078 -0.549228 -0.942594 -0.0602375 0.328464 174.779 -17.1951 603.488 
-0.298034 0.574512 -0.762308 -0.136937 -0.816071 -0.561494 -0.944682 -0.0629554 0.32189 175.135 -17.3642 603.337 
-0.288478 0.583654 -0.759032 -0.158007 -0.810884 -0.563473 -0.944359 -0.0426162 0.326144 175.049 -16.342 603.939 
-0.276558 0.60732 -0.744768 -0.157043 -0.793138 -0.588447 -0.948079 -0.0457785 0.314724 174.462 -16.1869 603.743 
-0.282225 0.629983 -0.723513 -0.137606 -0.772956 -0.619358 -0.949428 -0.0752383 0.304838 174.478 -16.7661 601.613 
-0.265835 0.65026 -0.711684 -0.146511 -0.756923 -0.636869 -0.95282 -0.0650319 0.296488 173.634 -17.0211 602.209 
-0.258372 0.667455 -0.69839 -0.17236 -0.743187 -0.646503 -0.950545 -0.046663 0.307062 173.671 -15.0629 602.671 
-0.26124 0.680211 -0.684885 -0.182894 -0.731551 -0.656797 -0.947789 -0.0463194 0.315517 173.256 -14.7016 602.279 
-0.297791 0.693661 -0.655863 -0.167887 -0.714378 -0.679322 -0.939752 -0.0921851 0.329192 175.682 -15.1546 598.444 
-0.247233 0.705721 -0.663954 -0.170853 -0.70624 -0.687048 -0.953774 -0.0564217 0.29518 172.823 -15.3483 601.923 
-0.187739 0.689264 -0.699764 -0.190511 -0.724455 -0.662473 -0.963566 0.00894095 0.267321 168.636 -17.0421 606.507 
-0.190542 0.710366 -0.677551 -0.176465 -0.703738 -0.688196 -0.965688 -0.0115657 0.259447 167.503 -17.4055 604.761 
-0.204712 0.721077 -0.661923 -0.157256 -0.691688 -0.704868 -0.966107 -0.0402031 0.254991 166.961 -18.4193 602.464 
-0.198576 0.726168 -0.658217 -0.153268 -0.686336 -0.710951 -0.968027 -0.0402937 0.247589 165.758 -19.2118 602.806 
-0.189234 0.742165 -0.642949 -0.163662 -0.669459 -0.724597 -0.968197 -0.031891 0.248149 165.041 -17.4637 603.677 
-0.16525 0.744969 -0.646308 -0.172474 -0.667047 -0.724776 -0.971054 -0.00829755 0.238718 162.453 -17.1013 605.271 
-0.116137 0.744173 -0.657814 -0.169586 -0.667427 -0.725109 -0.978649 0.0273444 0.203714 157.955 -18.8084 608.135 
-0.120938 0.76222 -0.635921 -0.16271 -0.647179 -0.744772 -0.979234 0.0134003 0.20229 157.826 -18.3504 607.382 
-0.10783 0.762267 -0.638218 -0.167328 -0.646718 -0.744149 -0.979987 0.0265509 0.197285 155.937 -17.4515 608.483 
-0.084616 0.761911 -0.642131 -0.190273 -0.644938 -0.74017 -0.978078 0.0595506 0.199544 153.661 -15.9193 610.991 
-0.0521885 0.761705 -0.64582 -0.193801 -0.642131 -0.741694 -0.979652 0.0864532 0.181131 150.779 -15.3592 613.429 
-0.0311098 0.767779 -0.639959 -0.200434 -0.632055 -0.748554 -0.979213 0.104982 0.173552 148.472 -14.2155 615 
-0.0310301 0.771848 -0.63505 -0.205451 -0.626714 -0.751678 -0.978175 0.107148 0.178024 148.334 -12.913 615.772 
-0.0266047 0.772025 -0.635035 -0.188841 -0.627703 -0.755201 -0.981647 0.0998292 0.16249 147.148 -13.9739 616.09 
-0.0314876 0.77432 -0.632011 -0.177914 -0.626568 -0.758789 -0.983542 0.0885513 0.157491 146.858 -14.1287 615.789 
-0.0277104 0.772268 -0.634693 -0.176888 -0.628704 -0.75726 -0.983841 0.0912862 0.154027 145.876 -13.2472 616.413 
-0.0141547 0.765406 -0.643393 -0.169762 -0.635954 -0.752823 -0.985383 0.0985683 0.138939 144.268 -13.6793 617.444 
-0.00909053 0.770356 -0.63755 -0.179879 -0.628434 -0.756779 -0.983647 0.107803 0.144284 143.85 -12.0791 618.065 
-0.0138519 0.777876 -0.628266 -0.173225 -0.620691 -0.76468 -0.984785 0.0982398 0.143346 143.263 -11.8594 617.79 
0.0115612 0.767271 -0.641219 -0.187428 -0.628233 -0.755112 -0.98221 0.128913 0.136545 140.557 -10.9966 619.583 
0.0177462 0.766645 -0.641827 -0.183761 -0.628492 -0.755798 -0.982811 0.131356 0.129727 139.594 -10.7991 619.597 
0.00237718 0.777779 -0.628534 -0.169976 -0.619074 -0.766717 -0.985445 0.108659 0.130732 140.414 -11.238 618.415 
0.00868379 0.770416 -0.637484 -0.17739 -0.626209 -0.759207 -0.984103 0.119676 0.131226 139.109 -11.2441 618.686 
-0.0023788 0.774764 -0.632247 -0.175948 -0.622708 -0.762415 -0.984397 0.109429 0.1378 139.669 -11.4822 618.155 
-0.0141615 0.771986 -0.635483 -0.183243 -0.626786 -0.757338 -0.982966 0.105723 0.150337 140.026 -11.2072 617.584 
-0.0175324 0.7688 -0.63925 -0.1875 -0.630533 -0.753175 -0.982108 0.106654 0.155205 140.047 -11.0847 617.101 
-0.00486074 0.770747 -0.637123 -0.185164 -0.626806 -0.756855 -0.982696 0.114294 0.145761 139.1 -11.6272 617.255 
-0.0137106 0.773934 -0.633118 -0.189218 -0.623745 -0.758379 -0.981839 0.1094 0.154995 139.802 -11.638 616.712 
-0.0187382 0.771192 -0.636327 -0.18737 -0.627871 -0.755427 -0.982111 0.105074 0.156264 140.14 -12.0983 616.159 
-0.0259369 0.773932 -0.632738 -0.186546 -0.625579 -0.75753 -0.982104 0.0983872 0.1606 140.56 -12.7471 615.45 
-0.0172361 0.761092 -0.648415 -0.193079 -0.638838 -0.744719 -0.981032 0.11236 0.157962 139.553 -13.5959 615.498 
-0.0158279 0.756395 -0.653925 -0.198439 -0.643373 -0.739387 -0.979985 0.118062 0.160282 139.881 -13.8528 615.432 
-0.0258079 0.757529 -0.652292 -0.2126 -0.641741 -0.736865 -0.976799 0.119661 0.177613 141.865 -13.0182 614.91 
-0.0529188 0.755052 -0.653527 -0.224214 -0.646717 -0.72903 -0.973102 0.107951 0.203517 144.588 -12.2826 613.709 
-0.0574336 0.74587 -0.663611 -0.227341 -0.657015 -0.718782 -0.97212 0.109584 0.207302 145.585 -12.7895 613.679 
-0.078268 0.748134 -0.658916 -0.241263 -0.655511 -0.71561 -0.967299 0.102963 0.231803 148.148 -12.1759 612.504 
-0.0685402 0.729444 -0.680598 -0.249045 -0.673114 -0.696343 -0.966064 0.121773 0.2278 147.749 -13.0079 613.606 
-0.0862984 0.734641 -0.672946 -0.252549 -0.669534 -0.69853 -0.963728 0.10967 0.243313 150.253 -12.5905 612.615 
-0.0976983 0.727561 -0.679052 -0.260544 -0.677216 -0.68811 -0.960506 0.109696 0.255724 151.505 -12.6223 612.063 
-0.106067 0.721504 -0.684239 -0.245631 -0.685806 -0.685081 -0.963543 0.0954067 0.249965 152.101 -14.3974 611.481 
-0.118845 0.712618 -0.691413 -0.238633 -0.696437 -0.676779 -0.96381 0.0845627 0.252823 153.114 -15.3984 611.258 
-0.124153 0.707604 -0.695618 -0.23207 -0.702305 -0.672987 -0.964743 0.0778794 0.251407 153.797 -16.5589 611.122 
-0.112935 0.687471 -0.717378 -0.239464 -0.719546 -0.651851 -0.964315 0.09817 0.245887 152.54 -17.8244 612.401 
-0.125821 0.682618 -0.719864 -0.230751 -0.725865 -0.647977 -0.964844 0.0845804 0.248844 154.587 -17.9811 611.516 
-0.134558 0.676098 -0.724422 -0.243997 -0.731167 -0.637072 -0.960396 0.0910339 0.26335 156.235 -17.4265 611.335 
-0.138248 0.664391 -0.734488 -0.253037 -0.74069 -0.622375 -0.957528 0.0998111 0.270514 156.432 -17.5466 611.4 
-0.158291 0.657181 -0.736925 -0.26438 -0.747292 -0.609638 -0.95134 0.0983291 0.292035 158.193 -17.4017 610.313 
-0.152757 0.654794 -0.74021 -0.249692 -0.750271 -0.612166 -0.9562 0.0913125 0.278107 158.062 -19.3151 610.333 
-0.136588 0.641246 -0.755082 -0.25953 -0.758765 -0.597427 -0.956027 0.114365 0.270061 157.591 -19.2402 611.863 
-0.15603 0.638015 -0.754051 -0.262695 -0.762711 -0.590986 -0.95218 0.105874 0.28661 159.449 -19.6319 610.704 
-0.162027 0.63685 -0.753771 -0.248649 -0.765565 -0.593367 -0.954946 0.0912831 0.282395 159.969 -20.7208 610.378 
-0.167638 0.622061 -0.764813 -0.253542 -0.7769 -0.576319 -0.952688 0.0972992 0.287957 160.087 -21.3626 610.269 
-0.187665 0.625039 -0.7577 -0.24245 -0.777013 -0.580921 -0.95184 0.0746858 0.297359 161.818 -22.0469 608.85 
-0.195056 0.615652 -0.763497 -0.239921 -0.784749 -0.571495 -0.950995 0.0717055 0.300778 162.324 -22.6621 608.71 
-0.200353 0.606736 -0.769241 -0.232739 -0.792159 -0.564196 -0.951678 0.0659944 0.299922 162.469 -23.7143 608.205 
-0.228621 0.608962 -0.759538 -0.226662 -0.792056 -0.566808 -0.946761 0.0425747 0.31911 165.359 -23.6275 606.336 
-0.239167 0.59985 -0.763532 -0.233082 -0.798827 -0.55457 -0.942588 0.0453313 0.330867 166.337 -23.86 606.492 
-0.235284 0.595338 -0.768255 -0.225483 -0.802314 -0.552676 -0.94541 0.0431927 0.32301 166.488 -24.7965 607.056 
-0.243093 0.590803 -0.769324 -0.218382 -0.806087 -0.55003 -0.945101 0.0342985 0.324975 167.367 -25.1708 606.796 
-0.261065 0.594159 -0.760803 -0.207485 -0.804251 -0.556893 -0.942759 0.0124697 0.333241 168.582 -25.9032 605.403 
-0.261786 0.576093 -0.77433 -0.22483 -0.816637 -0.531559 -0.938573 0.0349386 0.343308 168.901 -25.413 606.503 
-0.259781 0.567018 -0.781669 -0.22139 -0.82287 -0.523328 -0.939947 0.0371036 0.339298 168.746 -25.9253 607.031 
-0.252959 0.549084 -0.796568 -0.218284 -0.834506 -0.505917 -0.942531 0.0459024 0.330952 167.492 -27.0419 607.633 
-0.266875 0.533229 -0.802774 -0.218379 -0.844777 -0.488531 -0.938663 0.0449333 0.341896 167.971 -27.9946 607.074 
-0.298539 0.528636 -0.794619 -0.21263 -0.848501 -0.484597 -0.93041 0.0242894 0.365715 171.064 -28.1349 605.173 
-0.308367 0.526318 -0.792401 -0.204397 -0.850198 -0.485165 -0.929049 0.0123562 0.369751 171.473 -29.0441 604.597 
-0.2999 0.513733 -0.803828 -0.204919 -0.857635 -0.471669 -0.931702 0.0232665 0.362478 170.594 -29.2876 605.657 
-0.294327 0.498679 -0.815287 -0.221958 -0.865415 -0.449212 -0.929573 0.0487451 0.365401 170.122 -29.2589 606.797 
-0.303112 0.493581 -0.81517 -0.209346 -0.869005 -0.448335 -0.929676 0.0347573 0.366735 171.194 -30.1045 606.34 
-0.301163 0.490224 -0.817914 -0.207639 -0.870867 -0.445507 -0.930692 0.035661 0.364063 171.194 -30.6126 606.882 
-0.332594 0.493075 -0.803903 -0.203353 -0.869874 -0.449407 -0.920885 0.0140062 0.389583 174.323 -30.3054 605.096 
-0.318084 0.488431 -0.812563 -0.225419 -0.871461 -0.435593 -0.920874 0.0446126 0.3873 173.959 -29.3512 607.434 
-0.327601 0.481584 -0.812869 -0.209327 -0.87596 -0.434599 -0.921336 0.0277805 0.387775 174.116 -30.5123 606.809 
-0.321221 0.469819 -0.822246 -0.211496 -0.881919 -0.421292 -0.923085 0.0385742 0.382656 173.53 -31.292 608.017 
-0.320774 0.456987 -0.829619 -0.212054 -0.888321 -0.407331 -0.923113 0.0452635 0.381857 172.655 -31.0301 608.406 
-0.339428 0.447562 -0.827332 -0.206383 -0.893552 -0.398712 -0.917712 0.0354131 0.395666 174.065 -31.34 607.612 
-0.346759 0.431872 -0.832614 -0.215639 -0.900619 -0.377339 -0.91283 0.0486988 0.405426 174.672 -30.8146 608.574 
-0.346166 0.407129 -0.845232 -0.229406 -0.910316 -0.344525 -0.909693 0.0746386 0.408519 173.576 -30.1768 609.721 
-0.360129 0.397025 -0.844204 -0.21625 -0.9158 -0.338446 -0.907493 0.0606753 0.415663 173.994 -31.0247 608.848 
-0.362174 0.391018 -0.84613 -0.22547 -0.91755 -0.327513 -0.90443 0.0721609 0.420476 174.273 -30.5863 609.419 
-0.375156 0.378491 -0.84617 -0.21242 -0.923653 -0.318971 -0.902295 0.0600795 0.426914 174.371 -31.4217 608.453 
-0.413648 0.364702 -0.8342 -0.148461 -0.931018 -0.333413 -0.898251 -0.0140686 0.439258 175.467 -34.5528 604.604 
-0.373673 0.366346 -0.85215 -0.214622 -0.927917 -0.304805 -0.902389 0.0689929 0.425364 174.437 -30.5808 609.76 
-0.401467 0.354404 -0.844526 -0.179545 -0.93466 -0.306877 -0.898102 0.0284298 0.438867 174.826 -32.8013 606.981 
-0.423186 0.350063 -0.835686 -0.132906 -0.936353 -0.324929 -0.896242 -0.0264378 0.442778 175.351 -34.8962 604.283 
-0.411749 0.334198 -0.847806 -0.195005 -0.941091 -0.276263 -0.890189 0.0515762 0.452664 175.373 -31.0831 607.859 
-0.437945 0.339158 -0.832573 -0.164316 -0.940705 -0.296774 -0.883858 0.00683507 0.467706 177.947 -32.0333 605.182 
-0.510945 0.341427 -0.788901 -0.115682 -0.9367 -0.330469 -0.851794 -0.0775892 0.5181 182.5 -33.5606 597.482 
-0.5227 0.33968 -0.781923 -0.134633 -0.938573 -0.317732 -0.841819 -0.0608051 0.536325 184.591 -33.2365 597.917 
-0.433258 0.313993 -0.844806 -0.192015 -0.947988 -0.253869 -0.880578 0.0522252 0.471015 176.763 -30.9297 608.955 
-0.441041 0.305329 -0.843954 -0.16722 -0.951841 -0.256973 -0.881771 0.0277911 0.470858 176.388 -31.9943 607.306 
-0.428366 0.295156 -0.854041 -0.183362 -0.953877 -0.237689 -0.884806 0.0547815 0.462729 175.554 -30.9495 608.895 
-0.435872 0.294276 -0.85054 -0.170752 -0.95491 -0.242881 -0.883663 0.039367 0.466467 175.768 -31.64 607.669 
-0.450041 0.28258 -0.84712 -0.148745 -0.959083 -0.240905 -0.880533 0.017588 0.473659 175.267 -32.5076 606.025 
-0.44502 0.268665 -0.85427 -0.179444 -0.961342 -0.208859 -0.877358 0.0603477 0.476027 174.989 -30.8345 607.881 
-0.450433 0.265664 -0.852369 -0.163313 -0.963112 -0.213878 -0.877746 0.0428659 0.477205 174.841 -31.3359 606.639 
-0.476425 0.2517 -0.842418 -0.107669 -0.967638 -0.228221 -0.872598 -0.0180273 0.488107 175.312 -33.9404 603.003 
-0.486505 0.250026 -0.837138 -0.135529 -0.968176 -0.210399 -0.863102 0.0110963 0.504909 176.826 -32.7291 603.187 
-0.533752 0.232047 -0.813181 -0.0986083 -0.972133 -0.212681 -0.839872 -0.0333321 0.541761 179.41 -34.8515 598.534 
-0.510422 0.233392 -0.827646 -0.0873781 -0.971559 -0.220087 -0.855473 -0.040019 0.516299 177.718 -35.1178 600.42 
-0.508952 0.227383 -0.83022 -0.125527 -0.973776 -0.189747 -0.851593 0.00764309 0.524148 177.835 -32.7347 602.746 
-0.503221 0.209164 -0.838463 -0.147046 -0.976841 -0.15543 -0.851555 0.0450776 0.522324 176.917 -31.3114 604.768 
-0.508716 0.208495 -0.835307 -0.120572 -0.977925 -0.170662 -0.852449 0.0138968 0.522626 177.174 -32.0626 603.342 
-0.503727 0.225773 -0.833839 -0.138219 -0.973872 -0.18019 -0.852734 0.024486 0.521772 177.546 -29.721 604.262 
-0.4883 0.193011 -0.851065 -0.170253 -0.977565 -0.124016 -0.855907 0.0843396 0.510206 175.247 -27.4349 608.033 
-0.49946 0.17504 -0.84847 -0.0757054 -0.984448 -0.158527 -0.863023 -0.0149438 0.504944 172.531 -30.9835 603 
-0.537242 0.157652 -0.828564 -0.075267 -0.987418 -0.139074 -0.840063 -0.0123522 0.542348 175.703 -30.2991 600.965 
-0.508658 0.169205 -0.844179 -0.165959 -0.981379 -0.0967071 -0.844822 0.0909082 0.527268 175.473 -24.0821 607.565 
-0.498145 0.129279 -0.857403 -0.112576 -0.990096 -0.0838807 -0.859755 0.0547382 0.507766 170.433 -26.5168 607.277 
-0.527516 0.10863 -0.842572 -0.0559251 -0.99408 -0.0931492 -0.847702 -0.00201647 0.530469 170.362 -28.2883 603.004 
-0.522521 0.121215 -0.843967 -0.0854903 -0.992303 -0.0895902 -0.84833 0.0253385 0.528862 171.442 -25.9615 604.741 
-0.509238 0.116575 -0.852695 -0.138977 -0.988919 -0.0522004 -0.849331 0.0919224 0.519796 170.888 -21.7012 609.067 
-0.538355 0.119613 -0.834187 -0.0922507 -0.992292 -0.0827473 -0.837654 0.0324072 0.54524 173.201 -21.9668 605.129 
-0.543963 0.0878934 -0.834494 -0.0869452 -0.99505 -0.0481283 -0.834593 0.0463754 0.548913 171.488 -21.4569 605.571 
-0.546729 0.0771211 -0.833751 -0.0768838 -0.996167 -0.0417275 -0.833772 0.0412885 0.550563 170.537 -20.4402 605.31 
-0.543387 0.0543372 -0.837723 -0.0686986 -0.997434 -0.0201347 -0.836667 0.0466097 0.545726 168.598 -18.8568 606.196 
-0.531536 0.0527917 -0.845389 -0.078567 -0.996826 -0.0128489 -0.843384 0.0595904 0.533997 168.703 -16.4347 607.618 
-0.531225 0.0543903 -0.845484 -0.0791718 -0.996757 -0.0143767 -0.843524 0.0593014 0.533809 168.592 -14.2602 607.819 
-0.533487 0.0351782 -0.845077 -0.0682858 -0.997665 0.00157871 -0.843048 0.0585492 0.534643 167.598 -12.8628 608.07 
-0.54098 0.0337018 -0.840361 -0.0699115 -0.997541 0.00500063 -0.838125 0.0614563 0.542006 168.777 -10.3083 607.953 
-0.543418 0.0362911 -0.838678 -0.088861 -0.995939 0.0144818 -0.834746 0.0823957 0.544436 169.059 -6.9714 608.742 
-0.550115 0.0319543 -0.834478 -0.0714283 -0.997406 0.00889532 -0.832029 0.0644991 0.550971 169.111 -5.27973 607.558 
-0.543578 0.011407 -0.839282 -0.0725105 -0.996808 0.0334156 -0.836221 0.0790209 0.54267 167.235 -2.6152 608.439 
-0.549423 0.0151962 -0.835407 -0.0740434 -0.996787 0.0305652 -0.832257 0.0786498 0.548783 167.637 0.377065 607.683 
-0.567366 0.00292833 -0.823461 -0.0544586 -0.997938 0.0339741 -0.821663 0.0641205 0.566356 168.029 1.93522 606.384 
-0.569089 0.0283738 -0.821787 -0.0633628 -0.997946 0.00942358 -0.819831 0.0574338 0.569718 170.109 5.7843 606.599 
-0.570805 -0.00244735 -0.821083 -0.0495595 -0.99807 0.0374287 -0.819589 0.0620572 0.569582 168.086 7.5837 607.325 
-0.567557 0.00615982 -0.823312 -0.0730614 -0.996404 0.0429114 -0.820086 0.0845072 0.565966 169.098 11.5229 608.854 
-0.573617 0.0166212 -0.818956 -0.0776606 -0.996394 0.0341738 -0.815434 0.0832034 0.57284 171.025 14.2477 609.089 
-0.574572 0.0147364 -0.818322 -0.0688922 -0.99716 0.0304154 -0.81555 0.0738521 0.573956 170.448 16.8256 609.509 
-0.582842 0.028221 -0.812096 -0.0484087 -0.998828 3.36409e-05 -0.811142 0.0393324 0.583525 170.898 18.954 607.859 
-0.585876 0.0300219 -0.809845 -0.0850053 -0.996078 0.0245714 -0.80593 0.0832371 0.58613 171.989 23.2646 609.66 
-0.575126 0.0321431 -0.817434 -0.0808529 -0.996569 0.0176998 -0.81406 0.0762717 0.575752 171.611 25.0276 610.437 
-0.586886 0.0310667 -0.809074 -0.0606638 -0.998142 0.00567857 -0.807394 0.0524144 0.587681 171.739 26.5826 608.871 
-0.584511 0.0297971 -0.810839 -0.0747999 -0.997049 0.0172819 -0.807931 0.0707524 0.585015 171.382 29.5109 610.044 
-0.582193 0.0184894 -0.812841 -0.0577775 -0.998155 0.0186789 -0.810995 0.0578389 0.582188 169.81 30.6973 610.475 
-0.587278 0.0242774 -0.809021 -0.0744009 -0.996937 0.0240929 -0.805958 0.0743414 0.587286 170.46 33.7949 611.455 
-0.581972 0.0224093 -0.8129 -0.0638968 -0.99779 0.0182396 -0.810694 0.0625569 0.582118 169.711 35.6059 611.803 
-0.588626 0.0334955 -0.807712 -0.0728919 -0.997271 0.0117648 -0.805112 0.0658009 0.589462 171.254 37.8883 612.347 
-0.592911 0.0366449 -0.804434 -0.0814801 -0.996567 0.0146587 -0.801135 0.0742369 0.593862 171.045 40.3358 613.211 
-0.589596 0.0391254 -0.806751 -0.0705926 -0.9975 0.00321556 -0.804608 0.0588467 0.590884 170.676 41.5014 613.22 
-0.592955 0.0325183 -0.804579 -0.0531946 -0.998584 -0.00115548 -0.803477 0.0421144 0.593845 169.551 42.427 612.442 
-0.594122 0.0255737 -0.803969 -0.0514897 -0.998654 0.0062845 -0.802726 0.0451301 0.594639 168.709 43.0606 612.637 
-0.599107 0.0153624 -0.800522 -0.0424054 -0.999022 0.0125651 -0.799545 0.0414745 0.599173 168.578 43.7354 612.271 
-0.592041 0.0239207 -0.805553 -0.0498576 -0.998732 0.00698641 -0.804364 0.0442994 0.592484 168.292 44.9905 613.083 
-0.594081 0.0241076 -0.804044 -0.0469622 -0.998885 0.00475 -0.803033 0.0405818 0.594552 168.87 45.5878 613.247 
-0.592098 0.0177268 -0.805671 -0.0307079 -0.999528 0.000576181 -0.805281 0.0250818 0.592363 167.997 45.6625 612.935 
-0.588089 0.024489 -0.808426 -0.0436543 -0.999046 0.00149368 -0.807618 0.0361699 0.588597 168.423 46.682 614.203 
-0.596274 0.0289702 -0.802259 -0.0297855 -0.999459 -0.0139527 -0.802228 0.0155763 0.596815 168.822 46.7163 613.005 
-0.595199 0.0314618 -0.802963 -0.0457255 -0.99894 -0.00524573 -0.802276 0.0335938 0.596007 169.259 48.0721 614.24 
-0.594932 0.0388012 -0.80284 -0.0594033 -0.998225 -0.00422355 -0.801578 0.0451788 0.596181 170.335 49.5368 615.236 
-0.599049 0.0369106 -0.799862 -0.0523689 -0.998604 -0.00685996 -0.798998 0.0377786 0.600146 170.207 50.0073 614.779 
-0.59776 0.0285301 -0.801167 -0.0289209 -0.999484 -0.0140133 -0.801153 0.0147941 0.598277 169.098 49.8787 613.939 
-0.594675 0.0400091 -0.802971 -0.0482244 -0.998738 -0.014048 -0.802519 0.030369 0.595854 169.5 51.3709 615.305 
-0.600971 0.0371276 -0.798409 -0.0602463 -0.998183 -0.0010687 -0.796998 0.0474591 0.602116 169.929 53.0494 615.946 
-0.601747 0.0351876 -0.797912 -0.0579149 -0.998322 -0.000348207 -0.796585 0.0460017 0.602775 169.386 53.429 616.344 
-0.598421 0.0473273 -0.799783 -0.0588822 -0.998152 -0.0150077 -0.799015 0.0381123 0.600103 170.085 54.4328 616.316 
-0.601359 0.0428985 -0.797827 -0.0556443 -0.998382 -0.0117397 -0.797039 0.0373349 0.602774 170.779 54.4317 616.372 
-0.599722 0.0482849 -0.798751 -0.0488608 -0.998525 -0.0236747 -0.798715 0.0248296 0.601197 170.987 54.691 615.828 
-0.602099 0.0356223 -0.797627 -0.0339848 -0.999242 -0.018972 -0.797698 0.0156844 0.602854 169.849 53.3913 615.297 
-0.60628 0.0362774 -0.794424 -0.0391814 -0.999108 -0.0157216 -0.794286 0.0215952 0.607161 170.272 53.7738 615.135 
-0.609281 0.0288541 -0.79243 -0.0399453 -0.999186 -0.00566871 -0.791948 0.0282002 0.609938 170 53.3914 615.374 
-0.610475 0.0342751 -0.791294 -0.0318581 -0.999317 -0.0187068 -0.791395 0.0137894 0.61115 170.341 53.0895 614.735 
-0.606923 0.0331356 -0.79407 -0.0264615 -0.999419 -0.0214788 -0.79432 0.00797653 0.607448 169.835 52.5109 615.148 
-0.605989 0.0245939 -0.795093 -0.00489837 -0.999618 -0.0271863 -0.795458 -0.0125797 0.605879 168.88 51.3112 614.24 
-0.610102 0.0123455 -0.792227 0.00326389 -0.999831 -0.0180934 -0.792317 -0.0136243 0.609959 168.856 50.4476 614.158 
-0.603446 -0.0337199 -0.796691 0.00823053 -0.999316 0.0360626 -0.797362 0.0152048 0.603311 166.729 48.8203 616.374 
-0.609332 -0.0417956 -0.791814 0.0219819 -0.999116 0.0358228 -0.792611 0.00442258 0.609712 166.873 47.8725 615.392 
-0.609442 -0.0492062 -0.791303 0.0369321 -0.998751 0.0336627 -0.79197 -0.00870881 0.610498 165.751 46.4398 614.833 
-0.60155 -0.0644432 -0.796232 0.0546892 -0.997725 0.0394344 -0.796961 -0.0198234 0.603706 165.248 45.2034 614.581 
-0.616776 -0.0471365 -0.785727 0.0542863 -0.998376 0.0172809 -0.785265 -0.0319955 0.618333 167.366 45.719 612.106 
-0.616367 -0.0603529 -0.785143 0.0523979 -0.997992 0.0355808 -0.785714 -0.0192088 0.618292 168.197 44.7594 612.946 
-0.626438 -0.046789 -0.778066 0.0793357 -0.99684 -0.00392911 -0.775424 -0.0641895 0.628171 169.626 44.4337 609.125 
-0.620962 -0.0787723 -0.779873 0.0904097 -0.995495 0.028565 -0.778609 -0.05277 0.625287 168.588 42.7479 609.85 
-0.629082 -0.0811259 -0.773094 0.0909144 -0.995392 0.030475 -0.772004 -0.0511139 0.63356 169.689 42.1926 608.896 
-0.635382 -0.0838482 -0.767632 0.111776 -0.993605 0.0160133 -0.764065 -0.0756277 0.640691 170.328 40.8562 606.921 
-0.630152 -0.115101 -0.767894 0.123528 -0.991218 0.0472058 -0.766583 -0.0651092 0.638837 169.368 39.5053 607.617 
