Lower Arm L
-0.305218 -0.320392 -0.896767 0.320392 0.852254 -0.413536 0.896767 -0.413536 -0.157472 11.677 7.89292 -70.5016 
-0.34188 -0.258837 -0.903395 -0.933739 -0.0149316 0.357641 -0.106061 0.965806 -0.236582 224.567 46.9851 650.098 
-0.337194 -0.266645 -0.902885 -0.934572 -0.0207812 0.355165 -0.113467 0.963571 -0.242192 225.237 47.1684 649.594 
-0.334972 -0.279356 -0.899863 -0.934512 -0.023466 0.355155 -0.120332 0.959901 -0.253202 226.106 47.7207 648.646 
-0.314591 -0.287863 -0.904526 -0.940353 -0.035481 0.338343 -0.129491 0.957014 -0.259532 224.951 48.5902 648.236 
-0.319432 -0.295375 -0.900398 -0.938495 -0.0328537 0.343725 -0.13111 0.954817 -0.266714 226.66 48.968 648.274 
-0.306743 -0.303824 -0.901998 -0.943328 -0.0290551 0.330585 -0.126648 0.952285 -0.277694 224.56 49.3903 649.034 
-0.303475 -0.304511 -0.902871 -0.945452 -0.0215277 0.325047 -0.118418 0.952266 -0.281368 223.937 48.8573 649.388 
-0.308213 -0.308218 -0.900004 -0.944883 -0.0106632 0.327233 -0.110457 0.951256 -0.287944 223.854 48.735 649.933 
-0.315805 -0.308405 -0.897304 -0.943263 -0.000183876 0.332044 -0.10257 0.951255 -0.29085 223.701 47.1877 650.391 
-0.323016 -0.304701 -0.896001 -0.941109 0.00351082 0.338084 -0.0998696 0.952442 -0.287892 223.132 45.8472 651.076 
-0.326419 -0.312254 -0.892159 -0.940272 0.0107753 0.340251 -0.0966323 0.949938 -0.297121 222.457 45.2908 651.191 
-0.334552 -0.313647 -0.888651 -0.937673 0.0166878 0.347117 -0.0940433 0.949393 -0.299682 222.284 44.9391 651.47 
-0.329045 -0.32369 -0.887104 -0.939946 0.0220219 0.34061 -0.0907172 0.945907 -0.311498 219.665 45.0448 651.228 
-0.337382 -0.333839 -0.880185 -0.937231 0.0315684 0.347275 -0.0881488 0.942102 -0.323535 219.681 44.435 650.929 
-0.336036 -0.339371 -0.878583 -0.937853 0.0347369 0.345287 -0.086662 0.940011 -0.329953 218.856 44.1227 650.448 
-0.333151 -0.346844 -0.876761 -0.938726 0.034894 0.342892 -0.0883373 0.937274 -0.337217 217.843 44.3098 650.09 
-0.328904 -0.351523 -0.876501 -0.940512 0.0381982 0.337604 -0.0851956 0.9354 -0.343176 217.012 43.7825 649.186 
-0.332605 -0.358644 -0.872209 -0.939218 0.0425068 0.34068 -0.0851085 0.932506 -0.350983 216.53 43.1684 648.411 
-0.33463 -0.360379 -0.870718 -0.938219 0.0409968 0.343603 -0.0881315 0.931905 -0.351834 215.909 43.0759 647.844 
-0.329072 -0.360994 -0.87258 -0.940059 0.0377092 0.338919 -0.0894441 0.931806 -0.351765 214.069 42.7188 647.153 
-0.3372 -0.360054 -0.869861 -0.937028 0.0390803 0.347061 -0.0909671 0.932113 -0.350559 213.964 42.3008 646.449 
-0.334189 -0.360956 -0.870648 -0.938146 0.0386496 0.344074 -0.0905463 0.931782 -0.351547 212.24 41.6453 645.61 
-0.341767 -0.360567 -0.867863 -0.935002 0.0374139 0.352662 -0.094689 0.931983 -0.349918 211.824 40.9788 645.08 
-0.341068 -0.356813 -0.869688 -0.935635 0.0394098 0.350761 -0.0908829 0.933344 -0.347289 210.715 40.7147 644.07 
-0.341789 -0.361494 -0.867469 -0.935048 0.0383322 0.352441 -0.0941543 0.931586 -0.351117 209.793 40.6888 643.359 
-0.34088 -0.366624 -0.865672 -0.934801 0.0345012 0.35349 -0.0997319 0.92973 -0.354482 208.645 39.7605 642.789 
-0.355352 -0.361355 -0.86206 -0.929214 0.0364997 0.367734 -0.101419 0.931714 -0.348747 210.052 39.9087 642.106 
-0.343364 -0.367489 -0.864322 -0.933081 0.0285786 0.358528 -0.107055 0.929589 -0.352711 206.802 39.3882 641.845 
-0.348346 -0.374719 -0.85921 -0.930852 0.0304144 0.364127 -0.110314 0.92664 -0.359403 206.378 38.8123 641.003 
-0.345494 -0.382194 -0.857066 -0.930611 0.0219539 0.365351 -0.12082 0.923821 -0.363259 205.159 38.1627 640.594 
-0.340912 -0.398093 -0.851646 -0.930923 0.0167198 0.364831 -0.130998 0.917193 -0.376294 203.625 38.0686 639.667 
-0.339959 -0.404496 -0.849006 -0.930512 0.0138484 0.365997 -0.136288 0.914435 -0.381097 202.023 37.0804 638.879 
-0.346381 -0.404367 -0.846467 -0.928202 0.0170489 0.371683 -0.135866 0.914438 -0.381241 201.351 36.2887 638.376 
-0.355212 -0.405672 -0.842173 -0.924495 0.0191457 0.380712 -0.138321 0.913818 -0.381843 200.568 35.0907 638.138 
-0.353237 -0.413213 -0.839333 -0.923101 0.00816669 0.38447 -0.152014 0.910598 -0.384322 199.189 34.8822 638.62 
-0.351013 -0.408978 -0.842334 -0.924679 0.0096885 0.380623 -0.147506 0.912493 -0.381574 197.747 33.2636 637.276 
-0.356773 -0.408712 -0.84004 -0.922836 0.0144153 0.384923 -0.145214 0.91255 -0.382317 197.7 32.0624 636.486 
-0.355596 -0.418939 -0.835489 -0.922193 0.0118706 0.386546 -0.152023 0.907937 -0.390565 196.674 31.4412 636.078 
-0.356291 -0.420801 -0.834256 -0.921554 0.0108603 0.388096 -0.154252 0.907088 -0.391661 196.881 30.3154 635.299 
-0.344654 -0.426856 -0.836067 -0.926525 0.0115345 0.376055 -0.150879 0.904246 -0.399469 195.135 30.6503 634.177 
-0.350322 -0.433817 -0.830107 -0.924387 0.0173125 0.381062 -0.150941 0.900835 -0.40708 195.685 30.6626 633.541 
-0.357558 -0.429592 -0.829218 -0.921755 0.0196654 0.387272 -0.150063 0.902809 -0.403011 196.99 29.4866 632.669 
-0.357344 -0.431047 -0.828555 -0.922589 0.0248265 0.384983 -0.145377 0.901988 -0.406552 196.905 29.4596 631.339 
-0.360876 -0.434252 -0.825345 -0.920807 0.0255368 0.389181 -0.147926 0.90043 -0.409078 197.898 29.3724 630.526 
-0.362841 -0.44011 -0.821371 -0.920158 0.0300227 0.390393 -0.147157 0.897442 -0.415865 198.22 29.4511 629.289 
-0.362852 -0.444423 -0.81904 -0.920255 0.0326997 0.389949 -0.146521 0.89522 -0.420848 198.708 29.9033 627.892 
-0.371355 -0.445064 -0.81487 -0.916474 0.0349605 0.398564 -0.148899 0.894816 -0.420873 200.166 29.773 626.367 
-0.362062 -0.457202 -0.812329 -0.918634 0.0271245 0.394176 -0.158185 0.88895 -0.429822 199.297 30.9176 625.499 
-0.36084 -0.45689 -0.813047 -0.919179 0.0267108 0.392932 -0.15781 0.889122 -0.429603 198.88 30.3336 624.732 
-0.35574 -0.456746 -0.815373 -0.921691 0.0270366 0.38698 -0.154708 0.889186 -0.430597 198.199 30.5977 624.385 
-0.355502 -0.459635 -0.813851 -0.921804 0.0284089 0.386613 -0.154581 0.887654 -0.433793 197.602 30.8111 623.775 
-0.355889 -0.461673 -0.812528 -0.920989 0.0258103 0.38873 -0.158496 0.886675 -0.434382 197.212 31.1281 623.053 
-0.358436 -0.463474 -0.81038 -0.919468 0.0250398 0.392365 -0.16156 0.885757 -0.435126 197.215 31.5469 622.257 
-0.358893 -0.462476 -0.810748 -0.919182 0.0242031 0.393087 -0.162172 0.886302 -0.433786 197.038 31.613 621.954 
-0.358488 -0.465219 -0.809356 -0.91921 0.0246142 0.392997 -0.162909 0.884854 -0.436458 196.723 30.9067 621.651 
-0.368434 -0.471182 -0.801401 -0.914331 0.0277934 0.404012 -0.16809 0.881598 -0.441057 197.619 30.2181 621.418 
-0.357643 -0.477972 -0.802268 -0.918454 0.0246405 0.394758 -0.168916 0.87803 -0.447808 196.221 30.9735 621.168 
-0.359982 -0.481962 -0.798828 -0.917296 0.0266068 0.397315 -0.170237 0.875788 -0.45168 195.897 30.9723 620.786 
-0.367049 -0.479868 -0.79687 -0.913138 0.0225489 0.407025 -0.177351 0.877051 -0.446463 196.392 30.3272 621.212 
-0.371849 -0.481039 -0.793933 -0.910414 0.0219328 0.413115 -0.181312 0.876425 -0.446101 196.199 30.0502 621.09 
-0.371223 -0.486135 -0.791117 -0.909212 0.0173596 0.415971 -0.188485 0.873712 -0.448444 194.905 30.2891 621.303 
-0.37359 -0.491585 -0.786622 -0.90793 0.0201043 0.418639 -0.189983 0.870598 -0.453836 194.14 30.8268 620.88 
-0.378935 -0.495369 -0.781676 -0.904678 0.0204514 0.425603 -0.194845 0.868442 -0.4559 193.816 31.6415 621.048 
-0.3829 -0.502034 -0.775467 -0.900997 0.0176345 0.433466 -0.20394 0.864668 -0.459084 193.575 31.9894 621.454 
-0.386345 -0.502552 -0.773421 -0.899108 0.0181282 0.43735 -0.205771 0.864357 -0.458853 193.311 31.4692 621.338 
-0.388124 -0.502 -0.772888 -0.898842 0.0209439 0.437771 -0.203575 0.864614 -0.459348 193.574 31.8077 621.264 
-0.37951 -0.510756 -0.771428 -0.901316 0.0159229 0.432867 -0.208807 0.859579 -0.466396 193.125 32.736 621.344 
-0.365323 -0.514559 -0.775737 -0.905879 0.00467775 0.423509 -0.214292 0.857442 -0.467838 191.984 32.7329 621.026 
-0.367638 -0.514207 -0.774876 -0.903577 0.000415321 0.428424 -0.219978 0.857666 -0.464779 193.928 32.34 621.26 
-0.373544 -0.514797 -0.771653 -0.900484 0.0015332 0.434885 -0.222696 0.857311 -0.46414 195.799 32.1238 620.768 
-0.373194 -0.51121 -0.774203 -0.900816 3.96262e-05 0.434201 -0.221938 0.859456 -0.460522 196.023 32.3233 620.68 
-0.376911 -0.512262 -0.771703 -0.898545 -2.54301e-05 0.438879 -0.224842 0.858829 -0.460282 196.492 32.1231 620.946 
-0.377724 -0.506381 -0.775179 -0.898164 -0.00305819 0.439649 -0.225002 0.862304 -0.453659 196.728 31.8074 620.868 
-0.375339 -0.498313 -0.78154 -0.898704 -0.0106907 0.438424 -0.226828 0.866931 -0.443824 196.308 31.206 620.849 
-0.382861 -0.490331 -0.782939 -0.897058 -0.00513693 0.441883 -0.220692 0.871521 -0.437889 197.206 31.5046 620.254 
-0.380898 -0.495226 -0.780812 -0.896521 -0.00877967 0.442912 -0.226198 0.86872 -0.440637 196.112 31.4153 620.8 
-0.380288 -0.495107 -0.781185 -0.897418 -0.00671778 0.441129 -0.223654 0.868806 -0.441764 196.067 31.8817 620.563 
-0.380071 -0.493682 -0.782192 -0.896992 -0.00964428 0.44194 -0.225722 0.869589 -0.439164 196.33 31.4433 620.548 
-0.387217 -0.490198 -0.780877 -0.894236 -0.00655715 0.447546 -0.224507 0.871586 -0.435815 197.394 31.2901 620.417 
-0.384594 -0.487416 -0.783909 -0.895192 -0.0102479 0.445562 -0.225208 0.87311 -0.43239 197.134 31.142 620.079 
-0.369218 -0.486899 -0.791585 -0.900246 -0.0240835 0.434714 -0.230727 0.873126 -0.429438 196.076 31.6374 620.216 
-0.365115 -0.492496 -0.790024 -0.900844 -0.0272029 0.43329 -0.234885 0.86989 -0.43373 195.247 31.4044 620.021 
-0.361767 -0.498933 -0.787522 -0.900803 -0.0305364 0.433152 -0.240163 0.866103 -0.438394 194.37 30.7699 619.902 
-0.355631 -0.501884 -0.788441 -0.90169 -0.0377322 0.430732 -0.245928 0.864112 -0.439126 194.047 30.4389 619.799 
-0.340409 -0.507332 -0.791666 -0.904942 -0.0518759 0.42236 -0.255346 0.860188 -0.441448 191.782 29.8663 619.429 
-0.346274 -0.509541 -0.787695 -0.901493 -0.0516357 0.429702 -0.259624 0.858896 -0.441468 192.654 28.6697 618.644 
-0.322939 -0.517814 -0.792199 -0.907603 -0.0678197 0.414313 -0.268265 0.852801 -0.448069 189.681 28.2005 618.237 
-0.323876 -0.520393 -0.790124 -0.903432 -0.0778597 0.421601 -0.280918 0.85037 -0.444924 190.628 26.5658 618.162 
-0.308059 -0.539381 -0.783689 -0.903084 -0.093299 0.419206 -0.29923 0.836878 -0.458365 187.61 24.6775 618.127 
-0.315606 -0.548983 -0.773957 -0.895798 -0.0966265 0.43383 -0.312951 0.83023 -0.461283 187.2 22.4623 618.078 
-0.311239 -0.553654 -0.772397 -0.894784 -0.103074 0.434438 -0.320143 0.826343 -0.463321 184.785 20.1484 617.729 
-0.309435 -0.555707 -0.771647 -0.895453 -0.102809 0.43312 -0.320021 0.824997 -0.465798 183.456 17.9264 617.136 
-0.295623 -0.559462 -0.774344 -0.898913 -0.11146 0.42371 -0.323359 0.821328 -0.469959 181.594 16.2608 616.683 
-0.285805 -0.56366 -0.774986 -0.899193 -0.121858 0.42024 -0.331311 0.816969 -0.472012 180.049 13.8069 615.986 
-0.278279 -0.5666 -0.775581 -0.900663 -0.126617 0.415659 -0.333714 0.814207 -0.475082 178.525 11.3202 614.919 
-0.270428 -0.562319 -0.781451 -0.903325 -0.13253 0.407969 -0.332975 0.816231 -0.472118 177.277 9.11773 613.915 
-0.249535 -0.559788 -0.79017 -0.906626 -0.151642 0.393742 -0.340236 0.814642 -0.469679 174.602 7.95186 613.738 
-0.226016 -0.562528 -0.795285 -0.911671 -0.165468 0.376132 -0.34318 0.810051 -0.475443 170.282 6.13704 613.099 
-0.220059 -0.55445 -0.802595 -0.914226 -0.16975 0.367934 -0.340242 0.814721 -0.469538 168.685 4.7883 613.282 
-0.21915 -0.544117 -0.809883 -0.916879 -0.16898 0.361632 -0.333624 0.821817 -0.461858 167.201 2.26066 612.999 
-0.208419 -0.544837 -0.812228 -0.91948 -0.173894 0.352586 -0.333344 0.820314 -0.464724 164.475 1.08272 612.884 
-0.212319 -0.544812 -0.811234 -0.917431 -0.174743 0.357468 -0.336511 0.820149 -0.462727 164.282 -0.439876 612.837 
-0.218168 -0.542316 -0.811354 -0.914793 -0.175946 0.363586 -0.339934 0.821545 -0.457722 164.198 -1.76294 612.712 
-0.210266 -0.542093 -0.813587 -0.914778 -0.184507 0.359355 -0.344917 0.819813 -0.4571 162.502 -2.62213 612.449 
-0.201156 -0.543926 -0.814666 -0.917205 -0.187395 0.351592 -0.343905 0.817941 -0.461197 161.303 -3.15692 611.615 
-0.195013 -0.540951 -0.818133 -0.920794 -0.186311 0.342673 -0.337797 0.820159 -0.461773 160.36 -3.13266 610.569 
-0.189719 -0.542994 -0.818025 -0.921048 -0.190181 0.339852 -0.340111 0.817917 -0.464044 159.713 -4.92274 610.444 
-0.193204 -0.532366 -0.824172 -0.921448 -0.190109 0.338807 -0.337052 0.824891 -0.453819 159.945 -5.70153 610.592 
-0.183996 -0.528596 -0.828693 -0.9251 -0.191782 0.327733 -0.332167 0.826926 -0.453718 158.329 -6.17887 610.621 
-0.172575 -0.527981 -0.831537 -0.92844 -0.194748 0.316341 -0.328963 0.826625 -0.45659 155.515 -6.93637 610.664 
-0.178546 -0.52062 -0.834911 -0.929842 -0.188187 0.316194 -0.321737 0.832791 -0.450495 155.678 -6.87141 611.16 
-0.171338 -0.513086 -0.841062 -0.930188 -0.197056 0.309707 -0.324644 0.835411 -0.443504 154.568 -7.49261 611.888 
-0.161807 -0.506297 -0.847043 -0.931113 -0.20599 0.300991 -0.326874 0.837396 -0.43809 152.884 -8.75535 612.122 
-0.155682 -0.507818 -0.847281 -0.931362 -0.210333 0.297194 -0.329132 0.835393 -0.440218 151.378 -10.0895 612.46 
-0.133328 -0.512141 -0.84849 -0.934074 -0.221217 0.280301 -0.331254 0.829925 -0.448884 147.958 -10.9703 613.09 
-0.116631 -0.488351 -0.864818 -0.935122 -0.239345 0.261267 -0.334581 0.839183 -0.428753 145.686 -12.5318 615.213 
-0.0980277 -0.477426 -0.873187 -0.938062 -0.248654 0.241265 -0.332309 0.842755 -0.423481 142.945 -13.5567 615.577 
-0.0900762 -0.473471 -0.876191 -0.938629 -0.253763 0.233622 -0.332959 0.843463 -0.421557 141.744 -13.7121 616.282 
-0.093904 -0.464193 -0.880742 -0.936153 -0.259898 0.23679 -0.33882 0.846746 -0.410151 142.593 -14.1058 617.327 
-0.0840412 -0.45899 -0.884458 -0.93616 -0.267715 0.227885 -0.34138 0.847146 -0.40719 141.861 -14.4076 617.285 
-0.0805672 -0.460803 -0.883838 -0.932921 -0.277349 0.229641 -0.350951 0.843053 -0.407548 142.405 -14.7635 617.638 
-0.0801596 -0.462427 -0.883027 -0.931311 -0.281017 0.231707 -0.355294 0.840947 -0.408138 143.264 -14.9364 617.662 
-0.0851832 -0.455215 -0.886297 -0.929542 -0.283967 0.235189 -0.358742 0.843885 -0.398953 144.925 -15.4687 617.856 
-0.0747442 -0.454549 -0.88758 -0.928957 -0.291871 0.227702 -0.362562 0.841544 -0.400442 145.001 -16.4149 617.729 
-0.0765551 -0.448219 -0.890639 -0.927964 -0.29472 0.228083 -0.364721 0.843943 -0.39337 146.205 -17.3154 617.903 
-0.0742176 -0.445473 -0.892214 -0.925563 -0.302296 0.227925 -0.371248 0.842716 -0.389879 147.29 -18.4257 618.404 
-0.0729172 -0.442372 -0.893862 -0.924498 -0.306241 0.226975 -0.374146 0.842925 -0.386643 149.174 -18.8562 618.752 
-0.0677368 -0.443403 -0.893759 -0.925376 -0.306941 0.222409 -0.372949 0.842129 -0.389524 149.925 -20.0329 618.342 
-0.076044 -0.437892 -0.895806 -0.924911 -0.30465 0.227435 -0.372499 0.845837 -0.381845 152.777 -19.8054 618.699 
-0.0613249 -0.445251 -0.893303 -0.924454 -0.312106 0.219027 -0.376328 0.83925 -0.392475 151.655 -21.1814 618.289 
-0.0633468 -0.452638 -0.889441 -0.924513 -0.309025 0.223108 -0.375848 0.836434 -0.398895 151.688 -21.5236 618.331 
-0.0603746 -0.455669 -0.888099 -0.925032 -0.308767 0.221308 -0.375059 0.834883 -0.402868 150.783 -21.7912 618.424 
-0.0495518 -0.45035 -0.891476 -0.927464 -0.310458 0.208387 -0.370614 0.837138 -0.402301 148.867 -22.3693 618.337 
-0.0471054 -0.446536 -0.893525 -0.928853 -0.309465 0.203621 -0.367439 0.839546 -0.400189 147.924 -22.9796 618.501 
-0.0456794 -0.426027 -0.903556 -0.933782 -0.303145 0.19014 -0.354914 0.852411 -0.38397 146.912 -23.8251 618.56 
-0.0299181 -0.422312 -0.905957 -0.937904 -0.30152 0.171527 -0.345602 0.854832 -0.387068 144.358 -23.4747 618.292 
-0.0263397 -0.417614 -0.908243 -0.940061 -0.298656 0.164585 -0.339986 0.85814 -0.384717 143.539 -23.3618 617.935 
-0.0281649 -0.415527 -0.909145 -0.941687 -0.294055 0.163571 -0.335307 0.860738 -0.383015 143.21 -23.1026 617.583 
-0.0264943 -0.407756 -0.912706 -0.942817 -0.293272 0.158389 -0.332256 0.864712 -0.37667 142.89 -22.4609 617.534 
-0.0209834 -0.404536 -0.914281 -0.945006 -0.290508 0.150227 -0.326379 0.867154 -0.376194 141.656 -21.9005 616.977 
-0.0212024 -0.401279 -0.91571 -0.944487 -0.292323 0.149969 -0.327864 0.868057 -0.372806 141.463 -20.8424 617.652 
-0.0154698 -0.40329 -0.914942 -0.945479 -0.291814 0.144612 -0.325314 0.867296 -0.376788 140.22 -20.1285 617.583 
-0.0202389 -0.404967 -0.914107 -0.945035 -0.290683 0.149702 -0.326341 0.866894 -0.376826 140.131 -19.6504 617.951 
-0.0280702 -0.402724 -0.914891 -0.945796 -0.28554 0.15471 -0.323544 0.869644 -0.37288 140.08 -18.6634 618.247 
-0.0322927 -0.407485 -0.912641 -0.947702 -0.277597 0.157477 -0.317516 0.869998 -0.377211 138.914 -17.5029 618.302 
-0.045669 -0.406212 -0.912637 -0.947501 -0.271813 0.168396 -0.316472 0.872416 -0.372473 139.45 -16.7956 618.992 
-0.0534167 -0.405639 -0.912471 -0.946831 -0.269748 0.175344 -0.317264 0.873323 -0.369664 139.201 -16.3931 619.214 
-0.0589438 -0.415866 -0.907513 -0.946679 -0.265161 0.182997 -0.31674 0.869911 -0.378063 138.308 -15.7353 619.133 
-0.0701976 -0.421313 -0.904194 -0.948669 -0.25202 0.19108 -0.308381 0.871195 -0.381997 138.511 -13.5398 619.192 
-0.0793192 -0.420788 -0.903685 -0.950022 -0.242675 0.196384 -0.301938 0.874098 -0.380509 138.824 -12.1725 619.202 
-0.0871213 -0.410979 -0.907472 -0.950151 -0.239468 0.199669 -0.299371 0.879632 -0.36963 139.281 -10.9922 619.575 
-0.0914656 -0.405454 -0.909528 -0.950887 -0.235667 0.200681 -0.295714 0.883215 -0.363986 138.975 -9.57695 619.93 
-0.0830345 -0.403051 -0.911403 -0.951635 -0.239391 0.192566 -0.295796 0.883313 -0.36368 137.21 -7.45696 620.567 
-0.0916208 -0.414356 -0.905491 -0.947141 -0.244492 0.207716 -0.307454 0.87666 -0.370054 137.047 -6.10003 621.463 
-0.0956125 -0.418483 -0.903178 -0.943469 -0.251187 0.216264 -0.31737 0.872799 -0.37081 136.641 -4.62252 622.001 
-0.0998808 -0.416212 -0.903765 -0.939839 -0.258761 0.223035 -0.326689 0.871671 -0.365328 136.661 -3.22849 622.376 
-0.100421 -0.416896 -0.90339 -0.934852 -0.271236 0.229088 -0.340539 0.867542 -0.362499 136.464 -1.81457 623.199 
-0.110091 -0.410548 -0.905168 -0.930375 -0.277844 0.239176 -0.349689 0.868478 -0.351376 137.281 -0.812183 623.92 
-0.11238 -0.404347 -0.907675 -0.927633 -0.284743 0.241697 -0.356184 0.869152 -0.343087 137.04 0.610843 624.686 
-0.114281 -0.399336 -0.909654 -0.925088 -0.291013 0.243973 -0.362149 0.869392 -0.336164 136.944 1.74939 625.405 
-0.120201 -0.399297 -0.908908 -0.921749 -0.295126 0.251553 -0.368687 0.868022 -0.332578 137.08 2.79134 626.213 
-0.119622 -0.399512 -0.90889 -0.921083 -0.297006 0.251778 -0.370534 0.867282 -0.332456 136.358 3.63852 626.659 
-0.120304 -0.398317 -0.909324 -0.919157 -0.301376 0.253619 -0.37507 0.866323 -0.32986 136.265 4.22924 627.284 
-0.125154 -0.393479 -0.910775 -0.917877 -0.302547 0.256838 -0.376613 0.868124 -0.323301 136.838 4.90022 627.724 
-0.123813 -0.386935 -0.913757 -0.91629 -0.308885 0.254955 -0.380898 0.868833 -0.316301 136.571 5.0217 628.028 
-0.117946 -0.389835 -0.9133 -0.915053 -0.314563 0.252441 -0.385701 0.865494 -0.319619 135.396 5.23282 628.274 
-0.126248 -0.388471 -0.912771 -0.913634 -0.312908 0.25954 -0.386438 0.866706 -0.315417 136.011 5.79853 628.447 
-0.123869 -0.388046 -0.913278 -0.910565 -0.321331 0.260032 -0.39437 0.863809 -0.313539 135.457 6.02345 629.051 
-0.12016 -0.381482 -0.916533 -0.909003 -0.328862 0.256052 -0.399093 0.863899 -0.307253 135.097 6.99896 629.615 
-0.119483 -0.380202 -0.917154 -0.907629 -0.332587 0.256114 -0.402409 0.863037 -0.305344 134.774 7.28637 630.006 
-0.114012 -0.383698 -0.916393 -0.907238 -0.335694 0.25343 -0.404869 0.860282 -0.309833 133.873 7.65538 630.172 
-0.117699 -0.381827 -0.916709 -0.90468 -0.339448 0.257541 -0.409512 0.859641 -0.305479 134.221 7.80622 630.775 
-0.119757 -0.381529 -0.916566 -0.904363 -0.338979 0.259266 -0.409615 0.859959 -0.304447 134.523 7.96563 630.853 
-0.118243 -0.37776 -0.918323 -0.903568 -0.342599 0.257274 -0.411805 0.860188 -0.300822 134.383 7.89891 631.193 
-0.117488 -0.378413 -0.918151 -0.902703 -0.344657 0.25756 -0.413912 0.859078 -0.301102 134.107 7.78951 631.28 
-0.11806 -0.380098 -0.917381 -0.90126 -0.346831 0.259688 -0.416883 0.857458 -0.301621 134.047 7.79239 631.433 
-0.115019 -0.372817 -0.920749 -0.901371 -0.35039 0.254473 -0.417494 0.859206 -0.295746 133.899 8.4393 631.903 
-0.114752 -0.374619 -0.92005 -0.901223 -0.350347 0.255056 -0.417887 0.858439 -0.297413 133.476 8.6781 632.192 
-0.118819 -0.367007 -0.922598 -0.899256 -0.354176 0.256703 -0.420975 0.860154 -0.287951 134.064 9.06625 632.745 
-0.115331 -0.364381 -0.924081 -0.898126 -0.359161 0.253715 -0.424344 0.859203 -0.285838 133.497 9.91281 633.268 
-0.115772 -0.360213 -0.925658 -0.896657 -0.363024 0.253413 -0.427319 0.859337 -0.28096 133.905 10.986 633.601 
-0.115969 -0.357112 -0.926835 -0.896383 -0.364314 0.25253 -0.427841 0.860085 -0.277861 134.027 11.8808 633.789 
-0.116974 -0.351257 -0.928943 -0.895146 -0.367839 0.251807 -0.430151 0.860996 -0.2714 134.766 12.4727 634.231 
-0.116314 -0.356428 -0.927055 -0.894994 -0.367095 0.253429 -0.430647 0.859186 -0.276303 134.654 13.4272 634.31 
-0.111105 -0.350635 -0.929898 -0.8929 -0.375595 0.248309 -0.436332 0.857895 -0.271352 134.411 13.9965 634.918 
-0.106242 -0.348779 -0.931164 -0.890232 -0.383797 0.245327 -0.442943 0.855017 -0.26972 134.112 14.4855 635.113 
-0.110093 -0.351194 -0.929808 -0.889244 -0.383083 0.249983 -0.443987 0.854348 -0.270123 134.642 15.856 635.201 
-0.110437 -0.34699 -0.931344 -0.888909 -0.384676 0.248723 -0.444571 0.855349 -0.265961 134.968 16.6248 635.066 
-0.109356 -0.345374 -0.932072 -0.888474 -0.386496 0.247455 -0.445707 0.855183 -0.264591 135.193 17.3547 635.106 
-0.11379 -0.342692 -0.932531 -0.887947 -0.385951 0.250181 -0.445647 0.856507 -0.260376 135.777 17.803 635.21 
-0.108292 -0.336464 -0.935449 -0.889304 -0.387773 0.242425 -0.444309 0.858152 -0.257227 135.29 18.3667 635.29 
-0.10889 -0.334864 -0.935954 -0.888806 -0.38885 0.242527 -0.44516 0.85829 -0.255288 135.644 19.0349 635.401 
-0.10903 -0.335269 -0.935792 -0.88821 -0.389821 0.243148 -0.446312 0.857691 -0.255288 135.601 19.4154 635.333 
-0.112643 -0.336849 -0.934797 -0.886977 -0.389955 0.247399 -0.447865 0.857011 -0.254852 136.164 19.9835 635.722 
-0.11394 -0.334371 -0.935529 -0.888293 -0.387421 0.246657 -0.444919 0.859128 -0.252878 136.573 20.5429 635.571 
-0.110305 -0.333155 -0.936398 -0.887291 -0.391498 0.243809 -0.447824 0.857751 -0.252422 136.889 20.7807 635.706 
-0.108572 -0.333142 -0.936605 -0.885372 -0.396013 0.243491 -0.452026 0.855681 -0.25196 136.613 20.9865 635.902 
-0.106235 -0.330203 -0.937913 -0.88552 -0.397635 0.240292 -0.452292 0.856068 -0.25016 136.601 21.2512 635.83 
-0.107643 -0.332131 -0.937071 -0.884098 -0.399135 0.243026 -0.454734 0.854623 -0.250673 136.917 21.5611 635.964 
-0.108181 -0.331837 -0.937113 -0.883663 -0.399766 0.24357 -0.455452 0.854442 -0.249986 137.359 22.163 635.872 
-0.107567 -0.33037 -0.937702 -0.884508 -0.398855 0.241989 -0.453953 0.855436 -0.249312 137.389 22.5744 635.758 
-0.104181 -0.326512 -0.939434 -0.882894 -0.404494 0.238498 -0.457868 0.854269 -0.246136 137.298 22.9019 636.191 
-0.104073 -0.325817 -0.939687 -0.881692 -0.406957 0.238754 -0.460203 0.853364 -0.244918 137.409 23.528 636.518 
-0.11043 -0.330729 -0.937243 -0.879044 -0.407533 0.24738 -0.463774 0.851197 -0.245722 137.938 22.556 635.833 
-0.112534 -0.329422 -0.937452 -0.87815 -0.408496 0.248961 -0.464959 0.851242 -0.243313 138.223 24.0332 636.28 
-0.1107 -0.319708 -0.941027 -0.880454 -0.407674 0.242078 -0.461027 0.85533 -0.236359 138.132 24.9727 636.433 
-0.108299 -0.318399 -0.94175 -0.881378 -0.407432 0.239105 -0.45983 0.855933 -0.236506 137.665 25.581 636.917 
-0.107373 -0.320684 -0.941081 -0.880501 -0.408916 0.239803 -0.461724 0.854371 -0.238457 137.609 25.2194 637.053 
-0.108931 -0.31697 -0.942159 -0.880999 -0.4082 0.23919 -0.460406 0.856098 -0.234785 138.03 25.7895 637.055 
-0.110421 -0.315909 -0.942342 -0.879182 -0.411133 0.240848 -0.463514 0.855086 -0.232344 138.292 26.0226 637.114 
-0.108825 -0.313134 -0.943454 -0.880415 -0.410305 0.237734 -0.461547 0.856503 -0.231037 138.471 26.6804 637.019 
-0.106814 -0.307892 -0.945406 -0.88157 -0.410397 0.233256 -0.45981 0.858357 -0.227593 138.714 26.966 637.102 
-0.106988 -0.307223 -0.945604 -0.880479 -0.412512 0.233643 -0.461855 0.857583 -0.22637 139.156 26.989 637.234 
-0.106544 -0.305857 -0.946097 -0.880566 -0.412891 0.232645 -0.461792 0.857889 -0.225337 139.198 27.0913 636.925 
-0.111055 -0.301679 -0.94692 -0.882388 -0.408432 0.233609 -0.457228 0.861495 -0.22084 140.161 27.4593 636.591 
-0.107802 -0.306039 -0.945896 -0.881879 -0.409821 0.233101 -0.458986 0.859295 -0.225711 139.783 27.1033 636.688 
-0.106206 -0.304227 -0.946661 -0.883387 -0.408165 0.230278 -0.456451 0.860725 -0.225401 140.092 27.2095 636.626 
-0.105559 -0.295267 -0.949565 -0.883807 -0.409819 0.225682 -0.455787 0.863056 -0.2177 140.48 27.1289 636.525 
-0.104878 -0.291917 -0.950676 -0.883661 -0.411194 0.223747 -0.456228 0.863542 -0.214831 140.757 27.1169 636.463 
-0.102769 -0.289221 -0.95173 -0.883817 -0.412461 0.220778 -0.456405 0.863845 -0.213232 140.728 27.0795 636.444 
-0.10471 -0.287276 -0.952107 -0.885079 -0.409657 0.220943 -0.45351 0.865825 -0.211368 141.257 27.2318 636.459 
-0.102066 -0.285851 -0.952823 -0.885644 -0.410068 0.217892 -0.453008 0.866102 -0.211309 141.256 27.0903 636.534 
-0.101026 -0.286204 -0.952828 -0.886389 -0.409016 0.216839 -0.451783 0.866483 -0.212368 141.579 27.1417 636.705 
-0.0995973 -0.286928 -0.952761 -0.88684 -0.408608 0.21576 -0.451214 0.866436 -0.213764 141.903 27.1042 636.604 
-0.0997966 -0.290616 -0.951621 -0.886905 -0.407558 0.217474 -0.451043 0.865702 -0.217077 141.723 27.0048 636.696 
-0.0987503 -0.292019 -0.951301 -0.8877 -0.406169 0.216829 -0.449708 0.865882 -0.219117 141.724 27.1803 636.675 
-0.100244 -0.291608 -0.951271 -0.888635 -0.403798 0.217426 -0.447525 0.867128 -0.218656 142.112 26.8058 636.448 
-0.0942802 -0.292899 -0.951484 -0.889892 -0.403681 0.212444 -0.446321 0.866748 -0.222591 141.429 26.0932 636.333 
-0.0970922 -0.292881 -0.951207 -0.891558 -0.399201 0.213919 -0.442376 0.868827 -0.222362 142.035 26.0121 636.08 
-0.0880226 -0.287296 -0.953789 -0.893311 -0.400883 0.203193 -0.440735 0.869916 -0.221358 141.226 26.1411 636.016 
-0.0898352 -0.281886 -0.955233 -0.893238 -0.401414 0.202461 -0.440516 0.87144 -0.215732 141.99 25.7587 635.879 
-0.0875509 -0.284695 -0.954612 -0.894427 -0.399421 0.201151 -0.438559 0.871442 -0.21967 141.579 26.1162 636 
-0.0866007 -0.280423 -0.955962 -0.894164 -0.401233 0.1987 -0.439284 0.871995 -0.215997 142.037 25.8318 636.034 
-0.0860261 -0.279306 -0.956341 -0.894018 -0.401991 0.197824 -0.439694 0.872005 -0.215124 142.295 25.4947 636.185 
-0.0805563 -0.274529 -0.958199 -0.895873 -0.401472 0.19034 -0.436945 0.873759 -0.213603 141.824 25.7807 636.541 
-0.0763764 -0.273787 -0.958753 -0.895504 -0.403995 0.186705 -0.43845 0.872828 -0.214323 141.599 25.187 636.96 
-0.0747114 -0.274317 -0.958733 -0.895497 -0.40455 0.185535 -0.438752 0.872404 -0.215426 141.65 25.0387 637.165 
-0.0782429 -0.266029 -0.960784 -0.896032 -0.403722 0.184755 -0.43704 0.87535 -0.206783 142.596 24.665 637.173 
-0.0733487 -0.267744 -0.960694 -0.896979 -0.403364 0.180901 -0.435945 0.874992 -0.210575 142.612 24.7489 637.305 
-0.0699534 -0.267923 -0.960897 -0.897378 -0.403802 0.177919 -0.435682 0.874735 -0.212182 142.622 24.5487 637.569 
-0.065972 -0.265865 -0.96175 -0.898126 -0.404137 0.173326 -0.434761 0.875208 -0.212119 142.708 24.1644 637.693 
-0.069698 -0.262483 -0.962416 -0.898914 -0.401795 0.174682 -0.432546 0.877305 -0.207946 143.69 23.8032 637.594 
-0.0633602 -0.258449 -0.963945 -0.899497 -0.40361 0.167338 -0.432307 0.877669 -0.206902 143.532 23.4809 637.604 
-0.0684212 -0.266259 -0.96147 -0.899395 -0.400603 0.174942 -0.431748 0.876712 -0.212064 144.001 23.3225 637.975 
-0.0726656 -0.263223 -0.961994 -0.901708 -0.394833 0.176147 -0.426194 0.880239 -0.208661 145.324 22.7923 637.576 
-0.0635673 -0.254122 -0.965081 -0.904161 -0.394674 0.163478 -0.422436 0.882981 -0.204679 145.002 21.8445 637.58 
-0.0587191 -0.25827 -0.964287 -0.904538 -0.394891 0.160846 -0.42233 0.881679 -0.210428 144.321 21.4497 638.027 
-0.0561563 -0.253681 -0.965656 -0.905929 -0.39361 0.156085 -0.419688 0.883582 -0.207714 144.464 20.3132 638.232 
-0.0589025 -0.250962 -0.966203 -0.909597 -0.385285 0.155526 -0.411295 0.888017 -0.205581 144.918 19.8981 638.691 
-0.0491846 -0.239622 -0.96962 -0.915467 -0.377366 0.139696 -0.399376 0.894526 -0.200806 145.03 17.777 639.922 
-0.0523503 -0.243184 -0.968567 -0.918568 -0.368782 0.14224 -0.39178 0.897141 -0.204076 145.517 17.0474 640.116 
-0.0531021 -0.239043 -0.969556 -0.920939 -0.363651 0.140097 -0.38607 0.900342 -0.200835 146.058 16.2098 640.226 
-0.0542629 -0.236086 -0.970216 -0.923109 -0.35858 0.138882 -0.380689 0.903152 -0.198476 146.565 15.9592 640.305 
-0.0535384 -0.236359 -0.97019 -0.925432 -0.353229 0.137122 -0.37511 0.905187 -0.199824 146.754 14.9626 640.539 
-0.0636533 -0.2351 -0.969885 -0.927421 -0.344982 0.14449 -0.368563 0.908689 -0.196078 148.65 14.2208 640.526 
-0.0619925 -0.233273 -0.970433 -0.929079 -0.341744 0.141499 -0.364648 0.910382 -0.195545 149.176 13.0502 640.553 
-0.0612963 -0.228195 -0.971684 -0.930666 -0.338739 0.138259 -0.360698 0.912789 -0.19161 149.127 12.5271 641.287 
-0.0559866 -0.220426 -0.973796 -0.932286 -0.337551 0.130007 -0.357363 0.915135 -0.186603 149.174 10.8791 641.838 
-0.0550449 -0.211652 -0.975794 -0.933533 -0.335807 0.125498 -0.35424 0.917844 -0.179101 150.319 9.5526 642.761 
-0.0575703 -0.216686 -0.974543 -0.936801 -0.3257 0.127759 -0.345092 0.920308 -0.184241 151.256 7.03525 643.33 
-0.0536928 -0.216093 -0.974895 -0.941602 -0.314052 0.121471 -0.332418 0.924487 -0.186612 152.177 4.6626 643.809 
-0.0576565 -0.212419 -0.975476 -0.946618 -0.298781 0.121013 -0.31716 0.930381 -0.183854 154.808 3.45273 644.216 
-0.0415421 -0.211842 -0.976421 -0.949895 -0.29464 0.104338 -0.309797 0.931832 -0.188989 155.227 1.12065 644.244 
-0.0365305 -0.225691 -0.973514 -0.950243 -0.293722 0.103751 -0.309358 0.928866 -0.203732 156.192 -2.19581 644.207 
-0.0277022 -0.234213 -0.971791 -0.950733 -0.294115 0.0979867 -0.308769 0.926629 -0.214527 157.055 -4.85491 643.872 
-0.0438039 -0.234876 -0.971038 -0.951135 -0.287563 0.112462 -0.30565 0.928515 -0.210804 160.964 -5.67556 643.501 
-0.0297999 -0.226464 -0.973564 -0.953208 -0.286708 0.0958687 -0.30084 0.930867 -0.207324 160.785 -5.94889 643.389 
-0.0296113 -0.229884 -0.972767 -0.952906 -0.287361 0.0969154 -0.301815 0.929826 -0.210549 161.971 -7.40251 643.247 
-0.0422093 -0.238696 -0.970177 -0.953494 -0.280432 0.110479 -0.29844 0.929722 -0.215759 164.288 -7.69192 643.265 
-0.0142263 -0.228949 -0.973335 -0.953771 -0.289142 0.0819522 -0.300196 0.929505 -0.214252 162.354 -10.9909 642.97 
-0.00654343 -0.210708 -0.977527 -0.957395 -0.28091 0.0669589 -0.288706 0.936318 -0.199894 164.036 -11.9743 642.082 
-0.0133472 -0.219424 -0.975538 -0.960794 -0.267401 0.0732903 -0.276942 0.93827 -0.207252 166.05 -13.338 641.159 
-0.0230755 -0.240125 -0.970468 -0.962611 -0.256732 0.0864119 -0.2699 0.936178 -0.225223 167.412 -15.1356 640.909 
-0.0213062 -0.249009 -0.968267 -0.964639 -0.249368 0.085356 -0.26271 0.935847 -0.234891 168.147 -15.9625 640.684 
-0.0167399 -0.252908 -0.967346 -0.966624 -0.243277 0.0803305 -0.25565 0.936405 -0.240395 168.093 -17.1739 640.344 
-0.0171616 -0.262924 -0.964664 -0.969106 -0.233048 0.0807588 -0.246047 0.936248 -0.250803 169.011 -18.7289 639.689 
-0.0179987 -0.264156 -0.964312 -0.970965 -0.225485 0.0798901 -0.238542 0.937752 -0.252429 170.559 -19.6176 639.165 
-0.0205439 -0.271665 -0.962173 -0.972192 -0.219124 0.0826261 -0.233283 0.937114 -0.259609 171.415 -20.8141 638.511 
-0.0296424 -0.275232 -0.960921 -0.973415 -0.210486 0.0903158 -0.227119 0.938053 -0.261676 173.138 -21.5936 637.818 
-0.0127816 -0.276165 -0.961025 -0.974312 -0.21267 0.0740716 -0.224838 0.937286 -0.266353 172.197 -22.3514 637.719 
-0.00429154 -0.275181 -0.961383 -0.975419 -0.210658 0.0646514 -0.220315 0.938029 -0.267514 172.411 -22.6264 637.466 
0.00610638 -0.275486 -0.961286 -0.976579 -0.208393 0.0535174 -0.215069 0.938446 -0.270307 172.168 -23.9174 637.164 
0.0172047 -0.277573 -0.960551 -0.977366 -0.207263 0.0423869 -0.210853 0.938081 -0.274857 171.466 -25.9945 636.852 
0.00952239 -0.281268 -0.959582 -0.978291 -0.201287 0.0492916 -0.207016 0.938282 -0.277079 172.906 -26.6442 636.414 
0.00859365 -0.280828 -0.95972 -0.978448 -0.200376 0.0498713 -0.206311 0.938608 -0.276499 173.774 -27.3669 636.119 
0.0165212 -0.282999 -0.958978 -0.97901 -0.199436 0.0419877 -0.203138 0.938156 -0.280354 173.361 -27.7965 635.721 
0.0161068 -0.284425 -0.958563 -0.979547 -0.196796 0.0419335 -0.200569 0.938282 -0.281778 174.141 -28.7991 635.342 
0.0277836 -0.28615 -0.957782 -0.979289 -0.200021 0.0313509 -0.200548 0.937075 -0.285782 173.727 -30.0962 635.119 
0.0330764 -0.285946 -0.957675 -0.979431 -0.200104 0.0259195 -0.199047 0.93712 -0.286684 174.163 -30.5967 634.821 
0.0353742 -0.284929 -0.957896 -0.980569 -0.194959 0.0217791 -0.192956 0.938513 -0.28629 174.406 -30.4806 634.235 
0.0290807 -0.293238 -0.955597 -0.980451 -0.194487 0.0298434 -0.194603 0.936048 -0.293162 175.605 -31.4039 633.849 
0.0277951 -0.29554 -0.954926 -0.980159 -0.195608 0.0320086 -0.196251 0.93509 -0.295114 176.55 -32.3107 633.483 
0.0307332 -0.295302 -0.95491 -0.980725 -0.193343 0.0282261 -0.192961 0.935636 -0.295553 177.437 -33.7177 632.701 
0.041892 -0.29314 -0.955151 -0.980494 -0.195805 0.0170893 -0.192033 0.935804 -0.295625 177.573 -34.7684 632.353 
0.0410757 -0.299649 -0.953165 -0.980632 -0.194933 0.0190216 -0.191503 0.933923 -0.301853 178.493 -34.7319 631.993 
0.035649 -0.30122 -0.952888 -0.981027 -0.192365 0.024107 -0.190565 0.93395 -0.302364 180.126 -35.2787 631.586 
LFing.0_Hand
0.281918 0.0634359 -0.957339 -0.0634359 0.996861 0.047374 0.957339 0.047374 0.285057 17.1629 13.0369 -53.3627 
0.163716 0.0946499 -0.981956 -0.842207 -0.504911 -0.189084 -0.513698 0.857967 -0.002947 229.28 29.2397 646.468 
0.173629 0.0917042 -0.980532 -0.837208 -0.510556 -0.196 -0.51859 0.854941 -0.0118718 230.051 29.4604 645.915 
0.185753 0.076366 -0.979624 -0.836008 -0.511593 -0.198402 -0.51632 0.855828 -0.0311871 230.982 30.0257 644.986 
0.21287 0.0891351 -0.973006 -0.828878 -0.510801 -0.228132 -0.517347 0.855066 -0.0348522 230.223 31.0229 644.509 
0.206655 0.076871 -0.975389 -0.834313 -0.50691 -0.216715 -0.511093 0.858566 -0.040621 231.851 31.3652 644.603 
0.218927 0.0763751 -0.972747 -0.833017 -0.504493 -0.22709 -0.508088 0.860032 -0.0468254 229.999 31.8244 645.55 
0.229616 0.075799 -0.970325 -0.833909 -0.498759 -0.236296 -0.501869 0.863421 -0.0513131 229.438 31.2792 646.066 
0.220237 0.0672991 -0.973122 -0.840795 -0.492674 -0.224361 -0.494531 0.867609 -0.0519199 229.271 31.0959 646.801 
0.214476 0.0641302 -0.974622 -0.845082 -0.488134 -0.218088 -0.489732 0.87041 -0.0504973 228.975 29.4798 647.409 
0.204529 0.068954 -0.976429 -0.847939 -0.485887 -0.211927 -0.489047 0.871298 -0.0409091 228.267 28.097 648.101 
0.210864 0.0579607 -0.975795 -0.848833 -0.48421 -0.212189 -0.484789 0.873031 -0.0529034 227.536 27.4999 648.366 
0.203089 0.0484419 -0.977961 -0.853929 -0.479961 -0.201106 -0.479125 0.875952 -0.0561086 227.21 27.0948 648.713 
0.218025 0.0397894 -0.975132 -0.854795 -0.474369 -0.210476 -0.470947 0.879427 -0.0694123 224.705 27.2053 648.653 
0.21825 0.0246692 -0.975581 -0.859251 -0.469081 -0.204087 -0.462662 0.882811 -0.0811799 224.571 26.5296 648.527 
0.223202 0.020918 -0.974548 -0.860573 -0.465328 -0.207086 -0.457817 0.884892 -0.0858607 223.776 26.213 648.14 
0.22987 0.0157249 -0.973094 -0.860803 -0.463217 -0.210829 -0.454069 0.886106 -0.0929436 222.823 26.4093 647.84 
0.240438 0.0123511 -0.970586 -0.861808 -0.457373 -0.219311 -0.446629 0.88919 -0.0993254 222.075 25.8914 647.051 
0.240349 0.00579458 -0.970669 -0.864996 -0.452486 -0.216884 -0.440471 0.891753 -0.103742 221.526 25.248 646.366 
0.236684 0.00330828 -0.971581 -0.86497 -0.454723 -0.212261 -0.442502 0.890628 -0.104764 220.867 25.1491 645.763 
0.245834 0.00387227 -0.969304 -0.860367 -0.45973 -0.220042 -0.44647 0.888051 -0.109686 219.134 24.824 645.052 
0.237687 0.00446833 -0.971332 -0.862075 -0.459816 -0.213066 -0.447586 0.888004 -0.10544 218.873 24.3671 644.312 
0.237307 0.00529848 -0.97142 -0.862457 -0.45904 -0.213192 -0.44705 0.888401 -0.104363 217.207 23.7255 643.49 
0.230752 1.78722e-05 -0.973012 -0.859735 -0.468276 -0.203897 -0.455642 0.883583 -0.10804 216.646 23.029 642.88 
0.223964 0.00461697 -0.974586 -0.862615 -0.464459 -0.200433 -0.453581 0.885583 -0.100039 215.548 22.7648 641.897 
0.22869 -0.0015018 -0.973498 -0.862295 -0.464439 -0.20185 -0.451828 0.885604 -0.107508 214.615 22.7363 641.181 
0.228564 -0.0049999 -0.973516 -0.859896 -0.469882 -0.199475 -0.456441 0.882716 -0.111698 213.486 21.8187 640.566 
0.209421 -0.00366651 -0.977819 -0.863409 -0.470085 -0.183155 -0.458986 0.882614 -0.101611 214.612 21.9049 639.792 
0.224473 -0.0045867 -0.974469 -0.857239 -0.476476 -0.195226 -0.463416 0.879176 -0.110888 211.596 21.4501 639.493 
0.225021 -0.0158654 -0.974225 -0.858635 -0.475845 -0.190573 -0.460556 0.879387 -0.120697 211.078 20.8456 638.679 
0.232303 -0.0231142 -0.972369 -0.854028 -0.483284 -0.192543 -0.46548 0.875159 -0.132009 209.915 20.2256 638.16 
0.2374 -0.0375208 -0.970687 -0.849862 -0.492014 -0.188832 -0.470506 0.869779 -0.148692 208.47 20.1551 637.233 
0.240469 -0.0411936 -0.969782 -0.847484 -0.496007 -0.189075 -0.47323 0.867341 -0.154185 206.885 19.1746 636.423 
0.236305 -0.0428056 -0.970736 -0.847702 -0.497384 -0.184422 -0.474934 0.866475 -0.15382 206.089 18.3487 635.928 
0.2272 -0.0458999 -0.972766 -0.850357 -0.496185 -0.175197 -0.474631 0.867003 -0.151764 205.134 17.1102 635.66 
0.231067 -0.0532933 -0.971477 -0.838271 -0.517754 -0.17098 -0.493874 0.853869 -0.16431 203.792 16.9355 635.971 
0.22868 -0.0461321 -0.972408 -0.843811 -0.507525 -0.17436 -0.485478 0.860402 -0.154987 202.394 15.3234 634.66 
0.227915 -0.0503624 -0.972378 -0.846454 -0.503812 -0.172306 -0.481218 0.862345 -0.157456 202.236 14.0875 633.913 
0.235659 -0.0612885 -0.969901 -0.843888 -0.507881 -0.172948 -0.481995 0.859245 -0.171407 201.228 13.4717 633.501 
0.234104 -0.0645316 -0.970068 -0.845626 -0.50584 -0.170422 -0.479701 0.860211 -0.172988 201.421 12.3451 632.703 
0.246281 -0.0647645 -0.967032 -0.842455 -0.507611 -0.180558 -0.479182 0.85915 -0.179576 199.899 12.7181 631.722 
0.244477 -0.0741494 -0.966816 -0.845053 -0.505256 -0.174936 -0.475518 0.859779 -0.186183 200.334 12.6886 631.173 
0.237706 -0.0738307 -0.968527 -0.849405 -0.499477 -0.170395 -0.471177 0.863176 -0.181441 201.501 11.482 630.266 
0.240473 -0.0745185 -0.967791 -0.851767 -0.494332 -0.173581 -0.465475 0.866074 -0.182346 201.42 11.4414 629.047 
0.240455 -0.084343 -0.966989 -0.85138 -0.496793 -0.168376 -0.466192 0.863762 -0.191264 202.341 11.3375 628.226 
0.246852 -0.0924289 -0.964635 -0.852769 -0.493524 -0.170937 -0.460271 0.864808 -0.200648 202.621 11.3943 627.081 
0.247815 -0.0991275 -0.963723 -0.853265 -0.493452 -0.168655 -0.458833 0.864106 -0.206866 203.105 11.8374 625.752 
0.243013 -0.104201 -0.96441 -0.856085 -0.490554 -0.162714 -0.45614 0.865159 -0.208415 204.394 11.6711 624.192 
0.256129 -0.109052 -0.960472 -0.847107 -0.503942 -0.168681 -0.465627 0.856826 -0.221452 203.698 12.8603 623.295 
0.257114 -0.107441 -0.96039 -0.851071 -0.495954 -0.172364 -0.45779 0.861677 -0.218957 203.305 12.2819 622.531 
0.259063 -0.102901 -0.960363 -0.849385 -0.497633 -0.175805 -0.459818 0.861263 -0.216321 202.724 12.564 622.242 
0.263345 -0.106073 -0.958852 -0.847784 -0.499736 -0.177557 -0.460339 0.859659 -0.221529 202.129 12.7731 621.671 
0.260027 -0.107133 -0.95964 -0.847107 -0.502318 -0.173456 -0.463462 0.858021 -0.221369 201.729 13.0935 620.899 
0.256253 -0.109636 -0.960372 -0.847647 -0.50301 -0.168752 -0.464576 0.857299 -0.22183 201.68 13.5037 620.068 
0.255384 -0.107362 -0.96086 -0.847818 -0.502575 -0.169184 -0.464741 0.857842 -0.219373 201.495 13.5709 619.739 
0.261918 -0.110381 -0.958757 -0.845998 -0.504322 -0.173052 -0.464421 0.856432 -0.225473 201.185 12.8633 619.458 
0.253755 -0.124039 -0.959282 -0.849422 -0.502984 -0.159656 -0.4627 0.85535 -0.232996 201.878 12.128 619.204 
