Bone001
1 0 0 0 1 0 0 0 1 -224.55 0 0 
0.99425 0.0870083 -0.0624367 -0.059382 0.933092 0.3547 0.089121 -0.348953 0.932893 -206.705 -37.8708 528.275 
0.993889 0.0876025 -0.0671631 -0.0645746 0.954879 0.289889 0.0895276 -0.28378 0.954701 -206.753 -37.8309 528.285 
0.993352 0.0992884 -0.0582604 -0.0778388 0.95216 0.295522 0.0848151 -0.289022 0.953558 -206.676 -36.9101 528.354 
0.99468 0.0853651 -0.0576723 -0.0620126 0.943159 0.326505 0.0822663 -0.321191 0.943435 -206.853 -38.1233 528.748 
0.994639 0.0843237 -0.0598635 -0.0655693 0.961886 0.265472 0.0799674 -0.260123 0.962259 -206.83 -37.8386 528.617 
0.993936 0.0896308 -0.0637014 -0.0739533 0.973591 0.215991 0.0813785 -0.20997 0.974316 -206.669 -37.5081 528.597 
0.994018 0.0855818 -0.0678523 -0.069932 0.975949 0.206476 0.0838911 -0.200496 0.976097 -206.591 -37.6457 528.533 
0.994338 0.0769063 -0.0733404 -0.0620326 0.980393 0.187033 0.0862864 -0.181425 0.979613 -206.658 -38.0675 528.376 
0.993794 0.0890623 -0.0666527 -0.0734982 0.975457 0.207561 0.0835027 -0.201373 0.975949 -206.708 -37.0747 528.586 
0.992617 0.100814 -0.0674496 -0.086001 0.977072 0.194768 0.0855385 -0.187529 0.978528 -206.687 -36.4894 528.479 
0.992434 0.101712 -0.0687702 -0.0871378 0.978084 0.189102 0.086497 -0.181679 0.979547 -206.583 -36.464 528.445 
0.993465 0.0913733 -0.0684083 -0.0768618 0.978598 0.190888 0.0843863 -0.184382 0.979226 -206.674 -37.2597 528.613 
0.991715 0.105205 -0.0737164 -0.0907804 0.979964 0.177284 0.0908905 -0.169123 0.981396 -206.718 -36.3249 528.137 
0.993043 0.0964134 -0.0676071 -0.0806811 0.975274 0.205744 0.0857719 -0.198858 0.976268 -206.904 -37.2544 528.592 
0.99283 0.0956723 -0.0716679 -0.0822293 0.981756 0.171446 0.086763 -0.164323 0.982584 -206.823 -36.9022 528.391 
0.992637 0.0990844 -0.0696846 -0.0854386 0.980478 0.177094 0.0858715 -0.169836 0.981724 -206.839 -36.885 528.563 
0.991179 0.109656 -0.0744375 -0.0993815 0.986526 0.129962 0.0876857 -0.121418 0.988721 -206.657 -35.8791 528.384 
0.992659 0.0938624 -0.0762841 -0.082656 0.986877 0.138713 0.0883029 -0.131389 0.987391 -206.736 -36.9651 528.208 
0.992773 0.089485 -0.0799753 -0.0807201 0.990997 0.106817 0.0888138 -0.0995895 0.991057 -206.891 -36.8424 528.516 
0.992188 0.0947661 -0.0811407 -0.0824768 0.986234 0.143321 0.0936056 -0.135509 0.986345 -206.931 -36.9269 528.221 
0.991305 0.10382 -0.0808458 -0.0902155 0.983503 0.156793 0.0957903 -0.148136 0.984317 -207.009 -36.4231 528.108 
0.991838 0.102886 -0.0753152 -0.0921144 0.986597 0.134689 0.0881633 -0.126652 0.988022 -207.064 -36.4202 528.625 
0.991726 0.100029 -0.0804639 -0.0866437 0.984041 0.155423 0.0947266 -0.147165 0.984566 -207.07 -36.8473 528.404 
0.989545 0.120024 -0.0799758 -0.10956 0.986164 0.124409 0.0938014 -0.114346 0.989003 -206.916 -35.3244 528.528 
0.989311 0.120005 -0.0828439 -0.107395 0.983913 0.142766 0.0986438 -0.132342 0.986284 -206.935 -35.4698 528.145 
0.990104 0.114613 -0.0809891 -0.10233 0.984525 0.142265 0.0960412 -0.132569 0.98651 -207.018 -36.1122 528.343 
0.989026 0.121539 -0.0840069 -0.110061 0.9854 0.129896 0.0985679 -0.119225 0.987963 -206.951 -35.7079 528.341 
0.988718 0.125361 -0.0819865 -0.114171 0.985014 0.129279 0.0969643 -0.11846 0.988214 -206.996 -35.5953 528.527 
0.988858 0.121966 -0.0853489 -0.108626 0.983227 0.14651 0.101787 -0.135607 0.985521 -207.077 -36.0679 528.251 
0.986346 0.142576 -0.0824237 -0.134183 0.985927 0.0997157 0.0954809 -0.0872943 0.991597 -206.937 -34.5895 528.62 
0.986028 0.14614 -0.0799596 -0.134235 0.981277 0.138121 0.0986474 -0.125457 0.987183 -206.908 -34.6579 528.441 
0.986123 0.146652 -0.0778192 -0.135291 0.981524 0.135303 0.0962238 -0.122897 0.987744 -206.996 -34.9138 528.597 
0.985861 0.148764 -0.077121 -0.135592 0.978648 0.154477 0.0984549 -0.141836 0.984982 -206.965 -34.899 528.415 
0.984263 0.158991 -0.0771289 -0.146813 0.97865 0.143844 0.0983521 -0.130256 0.986591 -206.936 -34.5292 528.38 
0.983708 0.160188 -0.081602 -0.150392 0.981957 0.114644 0.0984941 -0.100504 0.99005 -206.995 -34.5047 528.153 
0.982799 0.165192 -0.0825717 -0.153372 0.97913 0.133348 0.102876 -0.11839 0.987624 -207.099 -34.2693 527.827 
0.981736 0.173886 -0.0771969 -0.161962 0.976756 0.140417 0.099819 -0.125349 0.987079 -207.215 -33.7562 528.213 
0.981906 0.177111 -0.0670335 -0.163734 0.971853 0.169391 0.0951477 -0.15535 0.983267 -207.213 -33.6517 528.559 
0.984249 0.161943 -0.0709162 -0.145722 0.970273 0.193221 0.100099 -0.179844 0.978589 -207.337 -34.8398 528.232 
0.981428 0.179198 -0.0684734 -0.165675 0.971702 0.168367 0.0967068 -0.153896 0.983344 -207.166 -33.3825 528.441 
0.981277 0.177468 -0.0748476 -0.164774 0.974723 0.150877 0.0997314 -0.135718 0.985715 -207.127 -33.7044 528.198 
0.982181 0.168854 -0.0825216 -0.153673 0.974316 0.164598 0.108195 -0.148984 0.982903 -207.426 -34.4862 527.939 
0.979717 0.182399 -0.0829819 -0.167924 0.973264 0.156715 0.109348 -0.139602 0.984152 -207.473 -33.6473 527.894 
0.979414 0.184298 -0.0823642 -0.173131 0.976709 0.12675 0.103806 -0.10988 0.98851 -207.39 -33.6502 528.098 
0.980132 0.181906 -0.0790742 -0.168446 0.973858 0.152403 0.10473 -0.136055 0.985151 -207.395 -33.5464 528.012 
0.980863 0.177642 -0.079699 -0.164585 0.975189 0.148046 0.104021 -0.132096 0.985764 -207.334 -33.897 528.026 
0.979976 0.185967 -0.0711585 -0.170595 0.96846 0.181614 0.102688 -0.165838 0.980792 -207.483 -33.3175 528.304 
0.980896 0.181278 -0.0705888 -0.161265 0.960657 0.226124 0.108803 -0.21042 0.971538 -207.608 -33.8128 528.108 
0.980647 0.179533 -0.0781029 -0.155665 0.956913 0.245126 0.118746 -0.228224 0.966341 -207.412 -34.1299 527.698 
0.981662 0.174518 -0.0767057 -0.151302 0.958052 0.243401 0.115966 -0.227332 0.966888 -207.371 -34.4395 527.974 
0.98067 0.178987 -0.0790577 -0.163037 0.97086 0.175641 0.108191 -0.159357 0.981275 -207.276 -33.8868 528.359 
0.980363 0.175396 -0.0901443 -0.161014 0.975849 0.147627 0.11386 -0.130214 0.984927 -207.433 -34.3618 527.965 
0.979376 0.183771 -0.0839728 -0.173926 0.978312 0.112501 0.102826 -0.0955756 0.990097 -207.479 -33.7022 528.574 
0.979276 0.185793 -0.0806293 -0.17759 0.979092 0.0992034 0.0973747 -0.0828284 0.991796 -207.372 -33.9087 528.814 
0.977042 0.195176 -0.085419 -0.189638 0.979439 0.0688242 0.0970956 -0.0510453 0.993966 -207.264 -34.3021 528.815 
0.983609 0.162075 -0.0790307 -0.158417 0.986076 0.050587 0.0861291 -0.037238 0.995588 -207.587 -38.1065 528.981 
0.983016 0.158069 -0.0932501 -0.156103 0.987342 0.0280601 0.0965052 -0.0130269 0.995248 -207.58 -38.4122 527.906 
0.978512 0.179556 -0.101368 -0.190396 0.975535 -0.109912 0.0791524 0.12685 0.988759 -207.073 -35.1503 528.193 
0.978459 0.174078 -0.110975 -0.175495 0.984475 -0.00306027 0.108719 0.0224699 0.993819 -207.14 -36.2943 526.966 
0.980196 0.173197 -0.0960199 -0.169037 0.984343 0.0499483 0.103167 -0.0327281 0.994126 -206.941 -36.6363 528.169 
0.98145 0.173882 -0.0807529 -0.162549 0.978046 0.1304 0.101654 -0.114855 0.988168 -207.273 -36.5603 528.841 
0.980058 0.183968 -0.0751168 -0.172711 0.975559 0.13585 0.0982728 -0.120167 0.987878 -207.128 -35.4606 529.488 
0.98023 0.183901 -0.0730061 -0.177942 0.980688 0.081169 0.0865232 -0.0665734 0.994023 -207.329 -35.4657 530.252 
0.979805 0.186808 -0.0713175 -0.180149 0.979459 0.0905881 0.0867751 -0.0759108 0.993332 -207.451 -35.0278 530.153 
0.975086 0.206975 -0.0798127 -0.197324 0.973662 0.114215 0.10135 -0.0956205 0.990245 -207.088 -32.8409 528.956 
0.976656 0.195654 -0.0886791 -0.181648 0.972577 0.145252 0.114666 -0.125753 0.985413 -207.32 -34.3866 527.846 
0.97233 0.220194 -0.0780308 -0.2141 0.973575 0.079452 0.0934637 -0.0605471 0.99378 -207.225 -32.5074 529.173 
0.975086 0.211178 -0.0679145 -0.202323 0.972173 0.11809 0.0909627 -0.101407 0.990678 -207.656 -32.4965 529.775 
0.974982 0.206333 -0.0826855 -0.184258 0.958265 0.218581 0.124335 -0.197877 0.97231 -207.535 -32.1207 528.188 
0.974563 0.206522 -0.0870453 -0.193172 0.970983 0.140984 0.113636 -0.120583 0.986178 -207.412 -30.6575 528.284 
0.972737 0.212846 -0.0920878 -0.205346 0.975032 0.0845265 0.10778 -0.0633121 0.992157 -207.356 -30.0082 528.144 
0.977062 0.188292 -0.0994817 -0.176974 0.977766 0.11249 0.118451 -0.0923044 0.988661 -207.727 -33.1719 527.59 
0.980633 0.172183 -0.0933425 -0.166823 0.984002 0.0625289 0.102616 -0.0457462 0.993669 -208.105 -33.6502 528.703 
0.97757 0.184913 -0.100818 -0.179747 0.98199 0.0582022 0.109764 -0.038775 0.993201 -207.798 -32.1217 528.277 
0.979487 0.170587 -0.107269 -0.166115 0.984869 0.0493904 0.114071 -0.0305583 0.993003 -207.781 -34.0102 528.05 
0.979595 0.172171 -0.10369 -0.170109 0.985014 0.0284798 0.107039 -0.0102601 0.994202 -208.024 -33.6822 528.852 
0.974711 0.186683 -0.122833 -0.19173 0.980973 -0.0305335 0.114795 0.0533121 0.991958 -207.491 -32.1966 527.992 
0.976014 0.171444 -0.13418 -0.190389 0.971073 -0.144119 0.105591 0.166208 0.980422 -207.362 -32.3897 527.805 
0.976104 0.170018 -0.135336 -0.186382 0.975229 -0.119123 0.111731 0.141501 0.983613 -207.476 -32.5856 527.228 
0.973789 0.178493 -0.140985 -0.197654 0.970769 -0.136162 0.11256 0.160459 0.980604 -207.27 -31.4107 527.21 
0.973187 0.17688 -0.147044 -0.207544 0.950847 -0.229816 0.0991661 0.254172 0.962062 -207.194 -30.7648 527.171 
0.969451 0.186882 -0.158876 -0.219356 0.950381 -0.220586 0.10977 0.248697 0.962341 -206.793 -29.6228 526.071 
0.970184 0.172967 -0.169781 -0.219723 0.923342 -0.3149 0.102298 0.342815 0.933817 -206.998 -29.4919 525.746 
0.966132 0.18212 -0.18282 -0.23595 0.910321 -0.340064 0.104492 0.371682 0.922461 -206.849 -27.8517 525.221 
0.961292 0.207568 -0.181203 -0.251168 0.930519 -0.266548 0.113286 0.301743 0.946635 -206.654 -26.2586 524.499 
0.964039 0.19548 -0.180049 -0.243596 0.920821 -0.304547 0.10626 0.337454 0.935326 -206.799 -26.9421 523.914 
0.962408 0.21376 -0.167568 -0.255492 0.92184 -0.291436 0.0921738 0.323292 0.9418 -206.734 -25.8099 524.119 
0.955755 0.239373 -0.170977 -0.284803 0.898447 -0.334186 0.0736192 0.368094 0.92687 -206.027 -23.1697 523.628 
0.938578 0.28825 -0.189696 -0.33322 0.899931 -0.281227 0.0896497 0.327163 0.940706 -204.422 -18.641 521.166 
0.915665 0.348999 -0.199396 -0.391436 0.886956 -0.245126 0.0913068 0.302504 0.948765 -201.904 -13.1584 521.1 
0.911114 0.371961 -0.177529 -0.405925 0.884442 -0.230189 0.0713927 0.281791 0.956816 -200.532 -12.0511 521.601 
0.909412 0.3789 -0.171477 -0.40935 0.88834 -0.208049 0.0735004 0.259397 0.96297 -199.062 -13.0937 520.63 
0.915423 0.371724 -0.154345 -0.396958 0.897194 -0.193564 0.066525 0.238461 0.968871 -199.136 -15.7359 520.454 
0.919929 0.36364 -0.14662 -0.386739 0.903101 -0.186659 0.064536 0.228417 0.971423 -199.06 -18.4991 519.277 
0.92051 0.359445 -0.153171 -0.385974 0.89746 -0.213519 0.0607161 0.255666 0.964857 -198.716 -20.6428 518.724 
0.920092 0.364407 -0.143661 -0.38853 0.895632 -0.216535 0.0497608 0.255049 0.965647 -198.396 -22.6574 518.605 
0.906467 0.3922 -0.156515 -0.417971 0.886115 -0.200252 0.0601517 0.24694 0.967162 -196.97 -22.3882 517.104 
0.896023 0.411214 -0.16747 -0.438573 0.878523 -0.189347 0.0692641 0.243107 0.967524 -194.701 -22.6491 516.065 
0.877033 0.449893 -0.168554 -0.475504 0.862982 -0.170759 0.068636 0.229909 0.970789 -191.535 -21.881 515.46 
0.862793 0.469155 -0.188367 -0.497561 0.854009 -0.15199 0.0895604 0.22486 0.970267 -187.702 -21.9734 514.081 
0.841585 0.4995 -0.20551 -0.53013 0.836743 -0.137199 0.103428 0.224412 0.968991 -184.722 -21.2546 512.802 
0.819617 0.534704 -0.205718 -0.563178 0.817869 -0.117987 0.105162 0.21256 0.971473 -181.274 -21.0351 512.152 
0.803643 0.558977 -0.204214 -0.58627 0.802564 -0.110358 0.102207 0.208412 0.972686 -178.87 -21.3696 511.722 
0.793281 0.571114 -0.21103 -0.598792 0.794566 -0.100566 0.110243 0.20614 0.972293 -177.01 -22.0758 511.121 
0.775895 0.593909 -0.212743 -0.620616 0.779114 -0.0884181 0.113239 0.200635 0.9731 -175.041 -21.703 510.724 
0.758443 0.615277 -0.214939 -0.643037 0.760165 -0.0930224 0.106155 0.208766 0.972188 -173.27 -21.5492 510.527 
0.749759 0.625981 -0.214498 -0.652851 0.752647 -0.0854886 0.107927 0.204131 0.972976 -172.847 -21.6498 509.795 
0.73771 0.63787 -0.22115 -0.666534 0.740217 -0.0883825 0.107322 0.212604 0.971227 -171.466 -21.6895 509.402 
0.726177 0.648485 -0.228331 -0.678271 0.730015 -0.0838269 0.112325 0.215743 0.969969 -169.458 -21.8699 509.003 
0.711131 0.666713 -0.223129 -0.694218 0.716062 -0.072923 0.111155 0.206758 0.972058 -167.39 -22.0891 508.994 
0.695624 0.685073 -0.216295 -0.710973 0.699684 -0.070435 0.103085 0.202776 0.973785 -165.489 -21.4491 509.777 
0.681419 0.699382 -0.215715 -0.725512 0.68431 -0.0731663 0.0964444 0.20636 0.973712 -163.745 -21.0759 510.109 
0.676888 0.702176 -0.220843 -0.729532 0.679905 -0.0742488 0.0980163 0.21137 0.97248 -162.776 -21.6078 510.108 
0.662523 0.714795 -0.223904 -0.742634 0.66584 -0.0717804 0.0977761 0.213835 0.971965 -160.896 -20.8946 510.31 
0.642899 0.727986 -0.238154 -0.759462 0.646244 -0.0747465 0.0994912 0.228923 0.968347 -157.345 -20.423 510.767 
0.618612 0.74578 -0.247249 -0.780219 0.620184 -0.0814238 0.0926156 0.243278 0.965525 -154.001 -19.6322 511.477 
0.599419 0.757858 -0.257581 -0.795069 0.60093 -0.0821456 0.0925333 0.254034 0.962759 -151.401 -19.1355 510.976 
0.587888 0.766196 -0.259483 -0.804017 0.588778 -0.0830566 0.0891403 0.257456 0.96217 -149.883 -18.6371 510.865 
0.598718 0.759451 -0.254501 -0.796752 0.597237 -0.0921665 0.0820015 0.257956 0.962671 -150.733 -19.9038 510.938 
0.608297 0.749694 -0.26064 -0.789525 0.605211 -0.101836 0.0813961 0.267728 0.960051 -152.192 -20.8272 511.297 
0.613804 0.748464 -0.251092 -0.78649 0.607299 -0.112348 0.0683994 0.266441 0.961422 -153.193 -21.3051 511.891 
0.612777 0.748893 -0.252316 -0.788371 0.601361 -0.129759 0.0545571 0.278432 0.958906 -153.725 -21.3677 512.577 
0.619857 0.740628 -0.259324 -0.782944 0.605902 -0.141003 0.0526939 0.290437 0.955443 -154.756 -22.4634 512.568 
0.616472 0.742931 -0.260798 -0.785238 0.604495 -0.134121 0.0580082 0.28747 0.956032 -154.685 -23.6968 512.015 
0.621981 0.736908 -0.264778 -0.781243 0.606856 -0.146239 0.0529178 0.297814 0.953157 -154.997 -24.7768 512.265 
0.628601 0.72764 -0.274593 -0.775979 0.610461 -0.158724 0.0521343 0.312852 0.94837 -155.98 -25.5423 511.861 
0.646891 0.711434 -0.274582 -0.760479 0.628565 -0.163026 0.0566101 0.314273 0.947644 -158.588 -26.8544 511.527 
0.63974 0.71999 -0.268976 -0.767497 0.617105 -0.17358 0.0410107 0.317484 0.947377 -158.452 -27.205 512.207 
0.630336 0.725668 -0.275831 -0.774607 0.611514 -0.161354 0.0515851 0.315368 0.947567 -158.421 -27.914 511.756 
0.618459 0.73138 -0.287388 -0.783458 0.602209 -0.153423 0.0608575 0.320042 0.945447 -157.443 -28.9652 511.488 
0.600863 0.747287 -0.283771 -0.798436 0.578081 -0.168295 0.0382781 0.327695 0.944008 -155.175 -29.1064 512.814 
0.579489 0.763627 -0.284724 -0.814348 0.556316 -0.165379 0.0321086 0.3277 0.944237 -152.696 -28.6308 513.525 
0.551585 0.781515 -0.291529 -0.833501 0.529869 -0.156573 0.0321079 0.329353 0.943661 -149.55 -27.7791 513.967 
0.526341 0.796242 -0.298269 -0.849913 0.502901 -0.157286 0.024762 0.336288 0.941434 -145.72 -27.3509 514.827 
0.501463 0.811863 -0.299023 -0.864621 0.482677 -0.139481 0.0310922 0.328485 0.943998 -142.085 -26.9366 515.329 
0.495835 0.813307 -0.304435 -0.867933 0.475818 -0.142445 0.0290044 0.334858 0.941823 -140.219 -27.2021 516.187 
0.492735 0.813813 -0.308092 -0.869441 0.475009 -0.135791 0.0358383 0.334777 0.941616 -138.883 -27.7878 516.754 
0.486126 0.819415 -0.303713 -0.872875 0.472034 -0.123587 0.0420934 0.325182 0.944715 -137.531 -27.4753 517.096 
0.482644 0.823028 -0.299464 -0.874593 0.47099 -0.115136 0.0462847 0.317479 0.947136 -136.344 -26.9316 517.835 
0.465317 0.835862 -0.29123 -0.884233 0.453884 -0.1101 0.0401562 0.308746 0.950297 -134.259 -25.0014 519.1 
0.445397 0.845631 -0.29416 -0.893474 0.440964 -0.0851834 0.05768 0.300764 0.951953 -131.684 -23.3832 518.237 
0.443228 0.847787 -0.291216 -0.89454 0.439282 -0.0826464 0.0578593 0.297135 0.953081 -130.576 -21.9754 518.243 
0.431887 0.852161 -0.295459 -0.900047 0.428353 -0.0801871 0.0582284 0.300558 0.951985 -128.827 -20.5299 518.444 
0.440811 0.846641 -0.298135 -0.895372 0.438143 -0.0796294 0.0632081 0.302043 0.951197 -128.513 -19.4899 518.746 
0.429153 0.852052 -0.299725 -0.899322 0.433928 -0.0541091 0.0839554 0.29277 0.95249 -126.445 -17.9433 518.3 
0.430818 0.853309 -0.293701 -0.896977 0.440652 -0.0354833 0.0991416 0.278729 0.955239 -125.16 -17.2207 518.208 
0.423443 0.85751 -0.292186 -0.899121 0.437256 -0.019763 0.110813 0.271079 0.956158 -123.634 -15.967 518.081 
0.436971 0.851175 -0.290788 -0.891308 0.45322 -0.0127439 0.120944 0.26475 0.956703 -123.734 -15.3469 518.195 
0.452461 0.845289 -0.284194 -0.884114 0.466891 -0.0188907 0.116719 0.259807 0.958581 -124.012 -14.5262 519.185 
0.463169 0.841588 -0.277856 -0.87949 0.47516 -0.0268582 0.109423 0.256812 0.960248 -124.16 -13.1322 520.531 
0.463432 0.840707 -0.280076 -0.87844 0.477415 -0.020463 0.116509 0.255513 0.95976 -123.579 -11.761 520.874 
0.459907 0.842906 -0.279275 -0.879833 0.475042 -0.0151269 0.119917 0.252672 0.960092 -123.161 -10.2833 521.205 
0.453702 0.847462 -0.275614 -0.883215 0.468805 -0.0124151 0.118688 0.249059 0.961189 -122.454 -8.70447 521.867 
0.444859 0.853297 -0.272001 -0.888645 0.458334 -0.0155349 0.111412 0.248623 0.962172 -121.181 -5.79381 523.393 
0.439998 0.855369 -0.273398 -0.891971 0.451515 -0.02287 0.103881 0.253926 0.961629 -120.201 -3.16995 525.061 
0.440608 0.856601 -0.268514 -0.892711 0.44959 -0.0306001 0.0945093 0.253188 0.96279 -119.201 -1.05376 526.723 
0.43175 0.861066 -0.268622 -0.897568 0.439602 -0.0335005 0.0892406 0.25557 0.962663 -117.871 2.02508 527.461 
0.425471 0.865403 -0.264673 -0.900386 0.434214 -0.0276476 0.0909985 0.250071 0.963942 -116.634 4.18109 528.469 
0.420474 0.868285 -0.263218 -0.902598 0.429815 -0.0239967 0.0922991 0.24767 0.964438 -115.676 6.39591 529.229 
0.41771 0.871518 -0.256858 -0.904851 0.424614 -0.030781 0.0822392 0.245275 0.965959 -114.882 8.29298 530.582 
0.410437 0.875279 -0.255788 -0.907539 0.419448 -0.0209281 0.0889718 0.240727 0.966507 -113.407 9.89051 531.175 
0.412449 0.876639 -0.247769 -0.906801 0.421104 -0.0195882 0.0871647 0.232756 0.968622 -112.811 10.8679 532.379 
0.407822 0.879164 -0.24648 -0.909015 0.41633 -0.019043 0.085875 0.23182 0.968961 -112.069 12.3917 532.864 
0.409265 0.878364 -0.246938 -0.909443 0.414536 -0.0327609 0.0735888 0.237984 0.968478 -111.655 13.2253 533.933 
0.4162 0.875177 -0.246665 -0.906295 0.421219 -0.0346989 0.0735322 0.237992 0.96848 -111.832 13.5439 534.429 
0.429603 0.86947 -0.243853 -0.900041 0.434189 -0.0375047 0.0732689 0.235589 0.969087 -113.334 14.1498 534.852 
0.427208 0.869671 -0.247319 -0.900685 0.433275 -0.0322362 0.0791224 0.236528 0.968398 -113.344 14.7002 535.135 
0.426096 0.869969 -0.248186 -0.900577 0.433984 -0.0248959 0.0860499 0.234118 0.968393 -113.056 15.7144 534.995 
0.421872 0.874863 -0.23799 -0.9043 0.424931 -0.0409352 0.0653167 0.232484 0.970405 -112.888 16.5613 536.741 
0.429772 0.871776 -0.235168 -0.900806 0.431846 -0.0453626 0.0620103 0.231336 0.970896 -113.706 17.0008 537.281 
0.413091 0.878612 -0.239578 -0.908336 0.416412 -0.0390696 0.0654364 0.233757 0.970091 -112.51 17.7293 537.289 
0.417092 0.877749 -0.235778 -0.906634 0.419988 -0.0403179 0.0636348 0.23058 0.970971 -112.931 18.0845 537.716 
0.428892 0.871545 -0.237616 -0.901467 0.429927 -0.0502107 0.0583968 0.235738 0.970061 -113.921 17.5868 538.3 
0.429467 0.870109 -0.241803 -0.900739 0.431992 -0.045313 0.0650296 0.237261 0.969267 -113.525 18.3782 537.899 
0.424176 0.872991 -0.24075 -0.903801 0.424763 -0.052154 0.0567319 0.239713 0.969185 -112.656 18.7135 538.567 
0.428987 0.871501 -0.237607 -0.90177 0.428532 -0.0563162 0.0527428 0.238426 0.969728 -113.278 18.6126 539.164 
0.428047 0.8721 -0.237103 -0.902519 0.426214 -0.0616576 0.0472851 0.240382 0.969526 -112.948 18.7535 540.075 
0.424938 0.873419 -0.237839 -0.903705 0.424531 -0.0556025 0.052406 0.238564 0.969712 -112.53 19.2007 540.298 
0.425521 0.873357 -0.237022 -0.902894 0.427374 -0.046195 0.0609522 0.233662 0.970406 -112.177 19.8324 540.304 
0.422316 0.875201 -0.23595 -0.904095 0.425446 -0.0401049 0.0652841 0.230258 0.970938 -112.452 20.5417 540.719 
0.412771 0.88006 -0.234765 -0.90895 0.414572 -0.0440461 0.0585637 0.23157 0.971054 -111.738 21.7017 541.811 
0.417858 0.876399 -0.239415 -0.906681 0.419001 -0.0486677 0.0576627 0.237409 0.969697 -112.738 22.5916 541.851 
0.42865 0.87299 -0.232698 -0.901777 0.429177 -0.0510482 0.0553043 0.231724 0.971209 -113.503 23.5253 542.045 
0.419121 0.879117 -0.226917 -0.906373 0.419757 -0.0478747 0.0531626 0.225737 0.972737 -112.94 24.8814 542.623 
0.434521 0.871941 -0.225632 -0.899493 0.43288 -0.0593982 0.0458799 0.228764 0.972401 -114.093 25.5242 543.658 
0.434373 0.870902 -0.229892 -0.899713 0.431657 -0.0647242 0.0428661 0.234951 0.971062 -114.455 27.1304 544.631 
0.441185 0.865683 -0.236536 -0.895313 0.442622 -0.050006 0.0614065 0.233835 0.970336 -115.723 27.9393 544.464 
0.441796 0.866606 -0.231971 -0.894515 0.445209 -0.040405 0.0682602 0.225352 0.971884 -116.602 29.5103 544.268 
0.437729 0.868639 -0.232079 -0.896655 0.440793 -0.0413729 0.0663606 0.226205 0.971817 -116.477 30.4518 544.491 
0.440141 0.866338 -0.236082 -0.895536 0.442709 -0.0450073 0.0655242 0.231229 0.970691 -116.621 30.7861 544.866 
0.434228 0.872029 -0.225858 -0.899007 0.435347 -0.0475448 0.0568663 0.223693 0.973 -115.578 31.2208 545.27 
0.42711 0.875556 -0.225788 -0.902126 0.429536 -0.0408484 0.061219 0.221135 0.97332 -114.598 31.6377 545.085 
0.430334 0.875358 -0.220365 -0.900582 0.432945 -0.0388858 0.0613671 0.215191 0.974642 -115.024 32.2795 545.221 
0.433233 0.873895 -0.220494 -0.899883 0.433046 -0.0518019 0.0502145 0.220861 0.974012 -115.272 32.9485 545.79 
0.432047 0.874063 -0.222148 -0.900031 0.433531 -0.0446685 0.0572647 0.219239 0.97399 -115.168 33.0703 545.593 
0.441333 0.871291 -0.214656 -0.895532 0.442847 -0.0436918 0.0569915 0.211514 0.975712 -115.92 33.4281 545.072 
0.444905 0.868975 -0.216659 -0.893777 0.446156 -0.0459134 0.0567662 0.214072 0.975167 -116.729 33.7347 545.359 
0.453117 0.865266 -0.214476 -0.890384 0.451054 -0.061386 0.043625 0.218781 0.974799 -117.336 34.3849 545.609 
0.454312 0.863519 -0.218941 -0.888777 0.456084 -0.0454237 0.0606311 0.215226 0.974681 -117.531 34.4133 544.745 
0.452048 0.865548 -0.215592 -0.890404 0.452289 -0.0511472 0.0532395 0.215085 0.975144 -117.571 35.046 545.198 
0.444465 0.86938 -0.215939 -0.894428 0.44402 -0.0533485 0.0495012 0.216854 0.974949 -117.065 36.1021 545.501 
0.449845 0.865534 -0.220207 -0.89081 0.452508 -0.041169 0.0640121 0.214682 0.974585 -117.549 36.1666 544.545 
0.448225 0.86733 -0.216411 -0.891177 0.452512 -0.0322077 0.0699938 0.207296 0.975772 -117.992 36.5236 544.288 
0.443764 0.867583 -0.224439 -0.893693 0.446958 -0.0392736 0.066242 0.218008 0.973697 -117.337 36.9008 544.137 
0.437418 0.87047 -0.225718 -0.897635 0.437728 -0.0514437 0.0540228 0.225114 0.972834 -117.144 37.6691 545.15 
0.435935 0.872367 -0.221217 -0.898794 0.434614 -0.0572871 0.0461686 0.223802 0.973541 -116.696 37.6388 545.593 
0.43388 0.875428 -0.213012 -0.899353 0.434984 -0.0441973 0.0539654 0.21075 0.97605 -116.547 37.9004 545.647 
0.440506 0.869896 -0.22189 -0.896039 0.441278 -0.0488701 0.0554031 0.220349 0.973847 -117.175 37.7749 545.051 
0.42866 0.874366 -0.227452 -0.901799 0.429376 -0.0489456 0.0548661 0.226097 0.972559 -116.366 38.406 545.162 
0.441902 0.866693 -0.231445 -0.894722 0.444455 -0.043954 0.0647724 0.226502 0.971855 -117.288 38.2215 544.898 
0.433928 0.871064 -0.230117 -0.899271 0.434329 -0.051671 0.0549377 0.229359 0.971791 -116.751 38.7939 545.672 
0.440434 0.866874 -0.233554 -0.896106 0.44038 -0.0553237 0.0548937 0.233655 0.970769 -117.986 38.0808 545.847 
0.433175 0.870297 -0.234398 -0.899438 0.434155 -0.0502147 0.0580633 0.232578 0.970843 -117.722 38.2549 545.353 
0.439096 0.867811 -0.232593 -0.89672 0.43933 -0.0537023 0.0555814 0.232151 0.971091 -118.981 38.1001 545.295 
0.439333 0.866055 -0.238613 -0.895088 0.444552 -0.0345107 0.076188 0.228742 0.970502 -119.108 37.975 543.949 
0.428132 0.869317 -0.246964 -0.89917 0.437141 -0.0200375 0.0905391 0.230641 0.968818 -118.658 37.8945 543.333 
0.439832 0.864592 -0.242961 -0.892792 0.450254 -0.01396 0.0973243 0.223053 0.969936 -120.352 37.1812 542.829 
0.445898 0.86019 -0.247482 -0.890457 0.454378 -0.0250597 0.0908943 0.231546 0.968569 -121.035 36.4943 543.589 
0.450704 0.858235 -0.245556 -0.888431 0.458044 -0.029767 0.0869286 0.231576 0.968926 -121.429 36.6457 543.744 
0.453671 0.8578 -0.241584 -0.887622 0.45911 -0.036686 0.0794446 0.231079 0.969687 -122.21 35.4775 544.314 
0.445179 0.86203 -0.242324 -0.892605 0.448737 -0.0435137 0.0712295 0.235671 0.96922 -121.974 35.9459 544.873 
0.462428 0.853034 -0.241855 -0.884372 0.463317 -0.0567801 0.0636203 0.240147 0.96865 -123.902 34.6514 545.302 
0.460455 0.855172 -0.23804 -0.885784 0.460173 -0.060225 0.0580371 0.238583 0.969387 -124.048 34.6214 546.019 
0.469912 0.84956 -0.239648 -0.881165 0.467542 -0.0703745 0.0522583 0.244239 0.968306 -124.895 33.6877 546.249 
0.475329 0.846296 -0.240511 -0.878129 0.473234 -0.0702859 0.054335 0.244608 0.968099 -126.053 33.4058 546.206 
0.484122 0.839824 -0.245607 -0.873009 0.48253 -0.0708527 0.0590091 0.248718 0.966777 -127.663 33.1044 546.147 
0.483553 0.840281 -0.245164 -0.873347 0.481931 -0.0707775 0.0586789 0.248337 0.966895 -128.218 32.8125 546.265 
0.498366 0.831997 -0.243745 -0.864857 0.496704 -0.0728577 0.0604518 0.247114 0.967099 -129.527 31.764 546.815 
0.502474 0.831047 -0.238497 -0.863159 0.498057 -0.0830462 0.0497699 0.247589 0.967586 -130.488 30.8869 548.044 
0.521232 0.819118 -0.239506 -0.851909 0.516067 -0.089028 0.0506768 0.250442 0.966805 -132.792 29.7248 548.398 
0.528669 0.813829 -0.241232 -0.847613 0.521347 -0.0987395 0.0454087 0.256672 0.965432 -133.967 28.9868 548.731 
0.542574 0.805996 -0.236609 -0.839025 0.533623 -0.106226 0.040642 0.256156 0.965781 -136.097 27.5748 549.162 
0.559778 0.796709 -0.227823 -0.828148 0.547384 -0.120588 0.0286327 0.256173 0.966207 -138.606 26.5496 550.056 
0.569304 0.789496 -0.229325 -0.821587 0.556466 -0.123862 0.0298233 0.258926 0.965437 -140.475 24.2477 550.179 
0.574116 0.78585 -0.229848 -0.818451 0.558699 -0.134141 0.0230012 0.265131 0.963938 -141.456 23.4573 550.984 
0.57522 0.783891 -0.233747 -0.817797 0.557461 -0.142992 0.0182149 0.273409 0.961726 -141.829 23.1141 551.723 
0.589569 0.774097 -0.230614 -0.807481 0.571783 -0.145047 0.0195809 0.271732 0.962174 -143.477 22.3845 551.431 
0.577697 0.782687 -0.231662 -0.816204 0.556972 -0.153601 0.00880768 0.277818 0.960594 -143.212 22.3522 552.068 
0.58691 0.776868 -0.228064 -0.809606 0.566121 -0.155066 0.00864626 0.275651 0.961219 -144.179 21.1932 552.36 
0.592955 0.771892 -0.22932 -0.805195 0.571254 -0.159157 0.00814809 0.27902 0.960251 -144.735 20.7736 552.582 
0.598794 0.766962 -0.230686 -0.800867 0.576149 -0.163293 0.00766974 0.282527 0.959229 -145.231 20.3397 552.684 
0.59539 0.768646 -0.233868 -0.803397 0.572495 -0.163719 0.0080464 0.285365 0.958386 -145.486 20.5464 552.894 
0.608208 0.758201 -0.234978 -0.793708 0.584851 -0.167264 0.0106073 0.288235 0.957501 -146.704 19.2412 552.79 
0.615324 0.753347 -0.232047 -0.788164 0.592916 -0.16507 0.013229 0.284462 0.958596 -147.938 17.7076 552.633 
0.61857 0.747956 -0.240694 -0.785504 0.596005 -0.166618 0.0188316 0.292131 0.956193 -148.907 17.3575 552.574 
0.615113 0.750747 -0.240864 -0.788285 0.591639 -0.16903 0.0156053 0.293842 0.955727 -149.351 16.5581 552.794 
0.618004 0.749039 -0.238772 -0.785976 0.595493 -0.166221 0.0176811 0.290394 0.956744 -150.557 15.9105 552.662 
0.624544 0.745226 -0.23363 -0.780875 0.601002 -0.170386 0.0134362 0.288849 0.957281 -151.205 14.9027 552.769 
0.637722 0.735469 -0.228903 -0.770149 0.614036 -0.172718 0.0135261 0.286435 0.958005 -153.078 13.7224 552.666 
0.639208 0.73607 -0.222743 -0.76903 0.612782 -0.181909 0.00259527 0.287573 0.957756 -153.61 12.826 552.254 
0.644122 0.728998 -0.231667 -0.764793 0.619354 -0.177462 0.0141143 0.291484 0.956472 -154.581 12.1204 550.449 
0.641598 0.730838 -0.232869 -0.766824 0.618368 -0.172053 0.0182562 0.288958 0.957168 -154.742 12.6506 549.719 
0.649415 0.724704 -0.230357 -0.760293 0.624645 -0.178254 0.0147098 0.290899 0.956641 -155.94 11.8321 549.3 
0.652499 0.722324 -0.229115 -0.757554 0.629306 -0.173454 0.0188941 0.286745 0.957821 -156.213 11.7565 548.638 
0.653018 0.722529 -0.226981 -0.757197 0.628765 -0.176942 0.0148721 0.287415 0.957691 -156.372 12.2255 548.618 
0.652593 0.721581 -0.231181 -0.75756 0.627407 -0.180174 0.0150343 0.292713 0.956082 -155.97 12.0956 548.654 
0.649155 0.72622 -0.22628 -0.760479 0.626056 -0.172412 0.0164546 0.284003 0.958683 -156.153 12.4524 548.571 
0.646419 0.732526 -0.213421 -0.762922 0.624102 -0.168662 0.00964684 0.27185 0.962292 -155.671 12.5909 548.99 
0.645561 0.729375 -0.226415 -0.763703 0.617797 -0.187312 0.00325784 0.293834 0.955851 -155.427 12.7562 549.487 
0.653403 0.724751 -0.218634 -0.757007 0.626543 -0.185432 0.00259203 0.286669 0.958027 -155.334 12.1468 549.833 
0.652576 0.725842 -0.217481 -0.757724 0.625107 -0.187341 -3.10938e-05 0.287045 0.957918 -155.114 11.8802 550.109 
0.653346 0.725027 -0.217887 -0.757035 0.623365 -0.195739 -0.00609246 0.292833 0.956145 -155.373 11.0318 550.791 
0.645905 0.730825 -0.220686 -0.763353 0.614482 -0.19926 -0.0100169 0.297164 0.954774 -155.06 11.4204 551.435 
0.64187 0.734362 -0.220717 -0.766717 0.610049 -0.199962 -0.012196 0.297577 0.95462 -154.974 10.8533 552.075 
0.64389 0.734729 -0.213494 -0.764938 0.612112 -0.200472 -0.0166108 0.292391 0.956155 -155.312 10.8303 552.236 
0.641853 0.73696 -0.211933 -0.766629 0.610394 -0.199248 -0.0174747 0.290362 0.956758 -155.293 11.0079 552.341 
0.649355 0.730796 -0.210415 -0.760326 0.618198 -0.199341 -0.0155995 0.289427 0.957073 -155.924 10.9102 551.969 
0.648035 0.730979 -0.213822 -0.761491 0.616891 -0.19894 -0.0135164 0.291744 0.956401 -155.859 11.1314 551.559 
0.645106 0.732552 -0.21727 -0.764026 0.614635 -0.196186 -0.0101746 0.29256 0.956193 -155.99 11.6268 551.147 
0.634347 0.739569 -0.225037 -0.773045 0.60594 -0.187721 -0.00247364 0.293043 0.956096 -155.438 12.3415 550.153 
0.639751 0.738844 -0.211727 -0.768547 0.612294 -0.185561 -0.00746147 0.281434 0.959552 -155.575 12.246 550.056 
0.642893 0.735589 -0.213537 -0.765956 0.617579 -0.178626 0.000481183 0.278397 0.960466 -155.402 11.9676 549.4 
0.645211 0.734992 -0.208542 -0.764004 0.620155 -0.178065 -0.00154774 0.274216 0.961667 -156.014 12.0729 549.274 
0.646841 0.732561 -0.212017 -0.762621 0.622276 -0.176587 0.00257233 0.275912 0.96118 -156.204 12.0755 549.031 
0.640348 0.739576 -0.207322 -0.768059 0.614351 -0.180714 -0.00628313 0.274955 0.961437 -155.738 12.2013 549.326 
0.640991 0.73608 -0.217523 -0.767549 0.614837 -0.181232 0.000339919 0.283127 0.959083 -155.906 12.0002 549.182 
0.643787 0.734155 -0.215768 -0.765176 0.615166 -0.189939 -0.00671095 0.287381 0.957793 -156.519 12.0301 549.697 
0.65021 0.729019 -0.213911 -0.759734 0.62179 -0.190218 -0.00566493 0.286196 0.958155 -156.922 11.7246 549.757 
0.648736 0.730321 -0.213947 -0.760952 0.61891 -0.194688 -0.00977045 0.289104 0.957248 -156.704 11.6444 550.308 
0.647445 0.730522 -0.217149 -0.762081 0.617978 -0.193225 -0.00696196 0.290587 0.956824 -156.73 11.5558 550.393 
0.648962 0.730843 -0.211466 -0.760711 0.618561 -0.196728 -0.0129731 0.288533 0.957382 -156.702 11.4277 550.99 
0.644125 0.735012 -0.211805 -0.764709 0.612243 -0.200947 -0.0180225 0.291404 0.956431 -156.461 11.7633 551.62 
0.646078 0.735192 -0.205125 -0.762895 0.613557 -0.203814 -0.0239867 0.288168 0.95728 -156.7 11.6324 552.156 
0.644695 0.735296 -0.209067 -0.764178 0.612734 -0.20147 -0.0200378 0.289651 0.956923 -156.497 11.3537 551.934 
0.643731 0.73534 -0.211861 -0.765028 0.611677 -0.201456 -0.0185477 0.291763 0.956311 -156.27 11.8121 551.748 
0.639488 0.739274 -0.211018 -0.768572 0.608035 -0.198976 -0.0187911 0.289425 0.957017 -156.282 11.9682 551.525 
0.638323 0.738491 -0.217198 -0.769714 0.608972 -0.191557 -0.00919568 0.289456 0.957148 -156.177 11.6646 550.637 
0.637346 0.7394 -0.216975 -0.770528 0.608285 -0.190466 -0.0088476 0.288578 0.957416 -156.054 11.7992 550.364 
0.641599 0.736635 -0.213823 -0.767001 0.613294 -0.188629 -0.00781449 0.285026 0.958488 -156.564 11.5371 550.069 
0.641717 0.737035 -0.212084 -0.766899 0.613704 -0.187707 -0.00818982 0.283102 0.959055 -156.752 11.4212 549.798 
0.636315 0.743281 -0.206487 -0.771344 0.609035 -0.184678 -0.0115104 0.276785 0.960863 -156.546 11.8822 549.834 
0.637325 0.743213 -0.203599 -0.770467 0.609742 -0.185999 -0.0140942 0.275408 0.961225 -156.45 12.1521 549.815 
0.635999 0.74305 -0.208285 -0.771661 0.610006 -0.180089 -0.00676032 0.275262 0.961346 -156.172 12.2509 549.532 
0.636628 0.742538 -0.208189 -0.771133 0.610279 -0.181421 -0.00765886 0.276039 0.961116 -156.49 12.281 549.658 
0.631807 0.747449 -0.205282 -0.774945 0.603365 -0.188182 -0.016797 0.277977 0.960441 -156.296 12.4024 550.676 
0.638853 0.740585 -0.20833 -0.769296 0.612404 -0.182062 -0.00725065 0.276578 0.960965 -157.081 12.0422 549.952 
Bone002
1 0 0 0 1 0 0 0 1 -212.075 0 0 
0.994236 0.0870608 -0.0625839 -0.0593788 0.933089 0.354709 0.0892776 -0.348948 0.93288 -194.301 -38.6115 529.387 
0.993872 0.0876467 -0.0673626 -0.0645589 0.954876 0.289902 0.0897319 -0.283776 0.954683 -194.354 -38.6364 529.402 
0.993326 0.0992328 -0.0588012 -0.0776246 0.952164 0.295564 0.0853181 -0.289027 0.953512 -194.283 -37.8811 529.412 
0.99467 0.0851052 -0.0582184 -0.0615868 0.943175 0.326539 0.0827003 -0.321213 0.94339 -194.445 -38.8969 529.774 
0.994615 0.0842101 -0.0604121 -0.0653131 0.961894 0.265508 0.0804685 -0.260132 0.962215 -194.422 -38.6566 529.614 
0.993891 0.0898028 -0.0641664 -0.0740207 0.973578 0.216025 0.0818706 -0.209956 0.974277 -194.27 -38.4306 529.612 
0.993954 0.0860341 -0.0682279 -0.0702981 0.975917 0.206503 0.084351 -0.200458 0.976065 -194.191 -38.5181 529.58 
0.994229 0.0778033 -0.0738659 -0.0628182 0.980337 0.187066 0.0869678 -0.181346 0.979567 -194.253 -38.8414 529.453 
0.993656 0.0903216 -0.0670138 -0.0746589 0.975363 0.207587 0.0841124 -0.201266 0.975919 -194.31 -37.9915 529.628 
0.992455 0.101982 -0.0680749 -0.0870278 0.97697 0.194821 0.0863754 -0.187427 0.978474 -194.304 -37.5622 529.546 
0.992286 0.102486 -0.0697587 -0.0877118 0.978015 0.189189 0.0876143 -0.181611 0.97946 -194.202 -37.5511 529.525 
0.993327 0.0922438 -0.0692407 -0.0775593 0.97853 0.190952 0.0853683 -0.184308 0.979155 -194.28 -38.2185 529.666 
0.99161 0.105753 -0.0743364 -0.0912116 0.979914 0.177341 0.0915977 -0.169073 0.981338 -194.346 -37.4573 529.271 
0.992983 0.0966579 -0.068143 -0.0808102 0.975254 0.205788 0.0863478 -0.198837 0.976222 -194.515 -38.2609 529.662 
0.992803 0.0957143 -0.0719882 -0.0822156 0.981752 0.171472 0.0870869 -0.16432 0.982556 -194.437 -37.928 529.473 
0.992658 0.0988813 -0.0696687 -0.0852408 0.980496 0.177093 0.085821 -0.169854 0.981726 -194.455 -37.9508 529.635 
0.991268 0.109131 -0.0740228 -0.0989125 0.986578 0.129921 0.0872077 -0.121465 0.988758 -194.292 -37.1189 529.478 
0.99276 0.0933553 -0.0755847 -0.0822494 0.986919 0.138655 0.0875402 -0.131435 0.987453 -194.352 -37.9962 529.31 
0.992938 0.0887862 -0.0786924 -0.0801605 0.991053 0.106714 0.0874631 -0.0996519 0.991171 -194.506 -37.8494 529.624 
0.992402 0.0939225 -0.0794819 -0.0818778 0.986303 0.143183 0.0918415 -0.135588 0.9865 -194.553 -37.9558 529.389 
0.991561 0.102826 -0.0789656 -0.0895265 0.983593 0.156622 0.0937748 -0.148231 0.984497 -194.642 -37.5485 529.303 
0.992107 0.101715 -0.0733366 -0.091219 0.986705 0.134506 0.0860429 -0.126754 0.988196 -194.691 -37.5693 529.725 
0.992037 0.0986605 -0.0782922 -0.0856261 0.98416 0.155233 0.0923674 -0.147293 0.984771 -194.698 -37.9281 529.585 
0.989935 0.11822 -0.0778064 -0.108034 0.986363 0.124168 0.0914244 -0.114512 0.989206 -194.571 -36.6912 529.699 
0.989726 0.118171 -0.0804953 -0.10591 0.984111 0.14251 0.0960568 -0.13252 0.986515 -194.594 -36.8095 529.376 
0.990556 0.112349 -0.0786027 -0.100422 0.984757 0.142017 0.09336 -0.132782 0.986739 -194.666 -37.3888 529.541 
0.989565 0.118926 -0.0813605 -0.107804 0.985689 0.1296 0.0956088 -0.119476 0.988223 -194.613 -37.0809 529.571 
0.98934 0.122213 -0.0791854 -0.111402 0.985374 0.128952 0.0937868 -0.118756 0.988485 -194.662 -37.0196 529.737 
0.989499 0.118736 -0.0824301 -0.105848 0.983578 0.146187 0.0984341 -0.135926 0.985817 -194.741 -37.423 529.521 
0.987068 0.139287 -0.0793499 -0.131206 0.98637 0.099295 0.0920988 -0.0875997 0.99189 -194.633 -36.2634 529.811 
0.986775 0.142789 -0.0767264 -0.131354 0.981729 0.137678 0.0949835 -0.125779 0.987501 -194.607 -36.3325 529.672 
0.986929 0.143009 -0.0743059 -0.132147 0.982019 0.134818 0.09225 -0.123237 0.988081 -194.694 -36.6016 529.797 
0.986691 0.144983 -0.0736306 -0.132385 0.979163 0.153993 0.0944228 -0.142196 0.985325 -194.667 -36.5905 529.644 
0.985173 0.154983 -0.0735929 -0.143344 0.979242 0.143312 0.0942761 -0.130638 0.986938 -194.657 -36.3607 529.607 
0.984708 0.155872 -0.0778193 -0.146526 0.982609 0.114062 0.094245 -0.100915 0.990422 -194.723 -36.3808 529.382 
0.983804 0.160965 -0.0788708 -0.149663 0.979783 0.132766 0.0986469 -0.118812 0.988005 -194.839 -36.1826 529.11 
0.982785 0.16942 -0.0736918 -0.158022 0.977484 0.139833 0.0957231 -0.125781 0.98743 -194.968 -35.7767 529.459 
0.982972 0.172543 -0.0632104 -0.159872 0.972607 0.168748 0.0905952 -0.155769 0.983631 -194.963 -35.6942 529.747 
0.985252 0.157498 -0.0668857 -0.142131 0.970925 0.192621 0.0952783 -0.180274 0.978992 -195.058 -36.6576 529.481 
0.982578 0.174299 -0.0645093 -0.161506 0.97252 0.167692 0.0919652 -0.154352 0.983727 -194.923 -35.4493 529.647 
0.982407 0.172888 -0.0706167 -0.160876 0.975485 0.150163 0.0948468 -0.136161 0.986137 -194.886 -35.76 529.442 
0.983385 0.163962 -0.0779195 -0.149591 0.975073 0.163875 0.102846 -0.149496 0.983399 -195.174 -36.4033 529.289 
0.981036 0.177448 -0.0779846 -0.163805 0.974103 0.155857 0.103622 -0.140127 0.984697 -195.251 -35.7421 529.258 
0.980765 0.17926 -0.0772426 -0.168769 0.977589 0.125843 0.0980702 -0.110386 0.989039 -195.172 -35.81 529.393 
0.981454 0.176905 -0.0738494 -0.164289 0.974708 0.151504 0.0987835 -0.136562 0.985694 -195.167 -35.6477 529.319 
0.98221 0.172365 -0.0745348 -0.160119 0.976064 0.147178 0.098119 -0.132625 0.986298 -195.097 -35.9502 529.324 
0.981322 0.180752 -0.0658482 -0.166424 0.969358 0.180688 0.0964901 -0.166354 0.981334 -195.258 -35.4456 529.585 
0.982176 0.17628 -0.0652455 -0.157601 0.961471 0.225244 0.102438 -0.210946 0.972116 -195.371 -35.8246 529.466 
0.981967 0.174565 -0.0725816 -0.152196 0.957695 0.244249 0.112148 -0.228797 0.966993 -195.178 -36.0718 529.179 
0.983005 0.169316 -0.0709513 -0.147651 0.958847 0.242513 0.109093 -0.227915 0.967551 -195.125 -36.327 529.421 
0.982112 0.173557 -0.0730417 -0.158738 0.971752 0.174641 0.101289 -0.159923 0.98192 -195.042 -35.9207 529.709 
0.981876 0.169916 -0.0839546 -0.156491 0.976737 0.146612 0.106913 -0.130816 0.985625 -195.203 -36.3704 529.386 
0.980906 0.178363 -0.0775281 -0.169263 0.979259 0.11136 0.0957827 -0.096111 0.990752 -195.261 -35.8719 529.857 
0.980766 0.180483 -0.0743281 -0.172918 0.980042 0.0980645 0.0905437 -0.0833256 0.992401 -195.155 -36.1241 530.029 
0.978721 0.189353 -0.0790667 -0.184248 0.980553 0.0675926 0.090328 -0.0515864 0.994576 -195.076 -36.6679 530.027 
0.985089 0.155804 -0.0729746 -0.152442 0.987067 0.0496085 0.07976 -0.0377444 0.9961 -195.316 -40.0828 530.055 
0.984512 0.152024 -0.0873244 -0.150202 0.988283 0.0271171 0.0904238 -0.0135809 0.995811 -195.316 -40.3596 529.11 
0.980042 0.174226 -0.0957282 -0.184449 0.976553 -0.111006 0.0741435 0.126448 0.989199 -194.866 -37.5255 529.181 
0.980033 0.168793 -0.105098 -0.17016 0.985408 -0.0041115 0.102871 0.0219129 0.994454 -194.934 -38.4836 528.322 
0.981668 0.167932 -0.0901539 -0.164048 0.985238 0.0489385 0.0970414 -0.0332517 0.994725 -194.713 -38.745 529.456 
0.982715 0.169158 -0.0752178 -0.158576 0.978819 0.129486 0.0955282 -0.11532 0.988725 -195.029 -38.5881 530.109 
0.981292 0.179496 -0.069631 -0.169019 0.976339 0.134886 0.0921951 -0.120594 0.988412 -194.901 -37.6151 530.715 
