Lower Arm R
-0.0148834 -0.327094 -0.944875 0.327094 0.891393 -0.313732 0.944875 -0.313732 0.0937236 43.3573 -12.3442 -85.718 
0.323116 -0.410292 -0.852794 -0.881338 -0.458717 -0.113236 -0.344731 0.788187 -0.509825 -217.468 35.8542 652.387 
0.323592 -0.404412 -0.855419 -0.879934 -0.460987 -0.114928 -0.347859 0.7899 -0.505026 -217.728 36.2423 652.525 
0.314732 -0.408564 -0.85675 -0.880908 -0.461866 -0.103354 -0.353477 0.787245 -0.50527 -217.138 38.096 653.398 
0.313775 -0.404619 -0.85897 -0.880774 -0.461945 -0.10414 -0.35466 0.789234 -0.501324 -217.234 38.933 653.885 
0.30803 -0.398556 -0.86387 -0.882249 -0.459467 -0.102604 -0.356026 0.793753 -0.493155 -216.919 38.8813 654.409 
0.303574 -0.393998 -0.867531 -0.883878 -0.456465 -0.101986 -0.355815 0.79775 -0.486816 -216.433 38.894 654.803 
0.315321 -0.389408 -0.865411 -0.882002 -0.456792 -0.115824 -0.35021 0.799814 -0.487494 -217.729 36.7226 653.916 
0.313476 -0.394645 -0.863707 -0.882403 -0.457119 -0.111395 -0.350855 0.797056 -0.491531 -218.111 37.911 653.959 
0.305188 -0.385375 -0.870832 -0.88508 -0.452243 -0.110048 -0.351418 0.804339 -0.479107 -216.679 38.6965 654.1 
0.317733 -0.376858 -0.870072 -0.882898 -0.45219 -0.126558 -0.345743 0.808395 -0.476402 -217.81 37.6698 652.962 
0.329052 -0.357007 -0.874227 -0.878476 -0.455348 -0.144703 -0.346418 0.815601 -0.463455 -218.058 36.5755 652.664 
0.327857 -0.349582 -0.87767 -0.879686 -0.451713 -0.148691 -0.344475 0.820822 -0.455619 -217.536 36.2819 651.911 
0.312834 -0.335471 -0.888592 -0.883175 -0.446975 -0.14218 -0.349481 0.82926 -0.436108 -215.186 37.3582 652.388 
0.299436 -0.317241 -0.899832 -0.890104 -0.432506 -0.143717 -0.34359 0.843977 -0.411884 -212.774 38.7601 651.893 
0.293584 -0.307733 -0.905047 -0.89116 -0.430684 -0.142639 -0.345894 0.848417 -0.400681 -211.277 37.1571 651.272 
0.29561 -0.302735 -0.906073 -0.891267 -0.428821 -0.147503 -0.343889 0.851154 -0.396581 -210.742 37.0095 650.923 
0.304036 -0.288818 -0.907826 -0.891283 -0.422751 -0.164001 -0.336418 0.858991 -0.385949 -210.611 37.4292 650.221 
0.296935 -0.286641 -0.910861 -0.892813 -0.421676 -0.158354 -0.338697 0.860248 -0.381126 -208.955 37.9833 650.322 
0.297111 -0.289859 -0.909785 -0.893176 -0.421233 -0.157482 -0.337584 0.859386 -0.384047 -208.172 38.3014 649.597 
0.298961 -0.288497 -0.909612 -0.891633 -0.424094 -0.158545 -0.340021 0.858437 -0.38402 -207.343 37.1867 648.831 
0.302091 -0.292789 -0.907203 -0.891528 -0.423721 -0.160121 -0.337519 0.857167 -0.389031 -205.918 36.4981 647.642 
0.311402 -0.293835 -0.90371 -0.889122 -0.425743 -0.167948 -0.335399 0.855806 -0.393832 -205.667 34.9742 646.505 
0.304808 -0.294998 -0.905577 -0.889609 -0.427747 -0.160093 -0.340131 0.854406 -0.392813 -204.472 34.8902 645.888 
0.296395 -0.299364 -0.906936 -0.892356 -0.425229 -0.15127 -0.340371 0.854144 -0.393174 -202.896 34.3163 645.058 
0.30065 -0.292381 -0.907813 -0.889796 -0.428638 -0.156632 -0.343327 0.854858 -0.389029 -201.763 33.0751 644.342 
0.299553 -0.28082 -0.911817 -0.889354 -0.428199 -0.160297 -0.345425 0.858944 -0.378016 -200.452 33.0618 643.463 
0.295468 -0.288074 -0.910886 -0.889724 -0.430262 -0.152531 -0.347979 0.855504 -0.383435 -199.13 31.6907 642.216 
0.298572 -0.275741 -0.913687 -0.888822 -0.429055 -0.160962 -0.347638 0.860162 -0.373188 -197.77 30.9198 640.62 
0.302604 -0.269621 -0.914186 -0.882387 -0.441843 -0.161766 -0.360311 0.855616 -0.371613 -196.905 30.3016 640.249 
0.301529 -0.261466 -0.916906 -0.880072 -0.446297 -0.16215 -0.366816 0.855835 -0.36468 -195.058 30.0059 639.514 
0.299793 -0.241792 -0.922855 -0.879898 -0.44389 -0.169538 -0.368653 0.862843 -0.345827 -192.727 29.9192 638.171 
0.292929 -0.239085 -0.925761 -0.881545 -0.442451 -0.164672 -0.370233 0.864335 -0.34037 -191.072 29.443 637.017 
0.290568 -0.235506 -0.927421 -0.879756 -0.446922 -0.162145 -0.376298 0.863017 -0.337048 -189.414 27.6581 636.274 
0.291684 -0.227425 -0.929085 -0.880378 -0.443594 -0.167809 -0.373973 0.866892 -0.329608 -187.713 26.3857 635.162 
0.288703 -0.224247 -0.930788 -0.881225 -0.442302 -0.16677 -0.374291 0.868379 -0.325305 -186.494 24.1698 634.149 
0.293751 -0.218672 -0.930534 -0.879934 -0.442136 -0.173878 -0.3734 0.869884 -0.322294 -185.506 23.1229 632.882 
0.294917 -0.208749 -0.932443 -0.877355 -0.445722 -0.177709 -0.378513 0.870492 -0.314597 -184.468 22.0703 631.893 
0.298295 -0.204446 -0.932322 -0.872934 -0.453475 -0.179853 -0.386014 0.867503 -0.313737 -184.263 20.4776 631.104 
0.304504 -0.204612 -0.930276 -0.8697 -0.458029 -0.183934 -0.388458 0.865068 -0.317422 -184.111 19.6664 630.257 
0.28442 -0.206651 -0.936164 -0.878359 -0.447477 -0.168082 -0.384177 0.870092 -0.308784 -180.801 20.267 628.902 
0.292856 -0.209604 -0.9329 -0.879502 -0.441826 -0.176824 -0.375117 0.87227 -0.313738 -181.655 20.4353 627.347 
0.302337 -0.207199 -0.93041 -0.876498 -0.444052 -0.185931 -0.374626 0.871715 -0.315862 -182.536 19.5516 626.239 
0.301948 -0.202805 -0.931504 -0.879452 -0.436395 -0.190065 -0.367957 0.876601 -0.310125 -182.247 20.1451 624.456 
0.309723 -0.196226 -0.930359 -0.877122 -0.436691 -0.199896 -0.367055 0.87795 -0.307367 -183.271 20.0824 623.182 
0.31676 -0.192481 -0.928771 -0.874593 -0.438231 -0.207463 -0.367083 0.878012 -0.307156 -184.663 20.0527 622.311 
0.309534 -0.184065 -0.932904 -0.878866 -0.429927 -0.206779 -0.36302 0.883902 -0.294845 -183.759 19.8038 620.76 
0.306762 -0.175651 -0.935438 -0.878303 -0.430917 -0.207111 -0.366717 0.885131 -0.286463 -183.568 19.9693 619.981 
0.310096 -0.165812 -0.936135 -0.87828 -0.426926 -0.215313 -0.363959 0.888955 -0.278017 -184.238 20.5096 618.772 
0.310214 -0.158798 -0.937311 -0.877957 -0.426024 -0.218394 -0.364637 0.890666 -0.271575 -184.57 20.3517 617.495 
0.298214 -0.145582 -0.943332 -0.879761 -0.42529 -0.212484 -0.370255 0.893272 -0.254904 -182.389 20.2592 617.073 
0.298932 -0.148207 -0.942696 -0.882339 -0.419203 -0.213887 -0.363481 0.895714 -0.256081 -182.439 20.6222 616.002 
0.291315 -0.148441 -0.945041 -0.885272 -0.416212 -0.207515 -0.362534 0.897069 -0.252659 -180.914 20.1444 615.31 
0.299534 -0.136006 -0.944343 -0.884118 -0.411618 -0.22115 -0.358631 0.901151 -0.243538 -181.194 20.0851 614.261 
0.302947 -0.140004 -0.942668 -0.88394 -0.410981 -0.223036 -0.356193 0.900829 -0.24826 -181.908 19.6257 613.581 
0.30172 -0.138184 -0.94333 -0.882303 -0.415384 -0.221353 -0.361257 0.899089 -0.247249 -181.557 18.2953 613.399 
0.310651 -0.143286 -0.939663 -0.881578 -0.413071 -0.228461 -0.355412 0.899356 -0.254638 -183.095 17.286 612.271 
0.310602 -0.134244 -0.941013 -0.879798 -0.415368 -0.231141 -0.359837 0.899693 -0.247121 -183.134 17.6036 612.086 
0.30353 -0.133633 -0.943405 -0.881196 -0.415999 -0.224589 -0.362443 0.899493 -0.244024 -181.894 18.3715 611.892 
0.303606 -0.130465 -0.943824 -0.876996 -0.425461 -0.223298 -0.372428 0.895523 -0.243589 -182.104 18.2146 612.172 
0.298946 -0.122586 -0.946364 -0.875236 -0.430398 -0.220727 -0.380255 0.894276 -0.235957 -180.566 18.625 612.405 
0.304981 -0.117386 -0.945097 -0.871035 -0.435639 -0.226973 -0.385078 0.892434 -0.235108 -181.237 19.0734 612.491 
0.306337 -0.106173 -0.945984 -0.867591 -0.440076 -0.23156 -0.39172 0.891661 -0.226926 -180.917 19.1244 612.917 
0.302066 -0.10064 -0.947961 -0.867152 -0.442077 -0.229384 -0.395987 0.891313 -0.220805 -178.922 19.3246 612.918 
0.310766 -0.100676 -0.94514 -0.862942 -0.446725 -0.236154 -0.398443 0.888989 -0.225703 -180.343 19.3078 612.55 
0.298072 -0.0894019 -0.950348 -0.862265 -0.452285 -0.227898 -0.409454 0.887381 -0.211901 -178.157 18.9255 612.928 
0.306188 -0.0953038 -0.947189 -0.859752 -0.454899 -0.232153 -0.40875 0.885429 -0.221221 -179.934 19.0925 612.632 
0.292535 -0.0879803 -0.9522 -0.860669 -0.458181 -0.222081 -0.416741 0.884494 -0.209755 -177.293 18.8789 612.717 
0.294658 -0.0886239 -0.951485 -0.860404 -0.457837 -0.223808 -0.415791 0.884608 -0.211157 -178.295 20.411 612.504 
0.294622 -0.0941165 -0.950968 -0.859411 -0.461244 -0.220608 -0.417866 0.882267 -0.216777 -178.822 20.1351 612.234 
0.300346 -0.0937725 -0.94921 -0.853981 -0.469708 -0.223812 -0.424864 0.877828 -0.221154 -180.114 19.9069 612.619 
0.295278 -0.0911657 -0.951052 -0.856324 -0.466703 -0.221131 -0.423699 0.879703 -0.215874 -179.607 20.5063 611.767 
0.298858 -0.0946653 -0.949591 -0.854667 -0.469222 -0.222207 -0.424534 0.877992 -0.221137 -180.674 19.7498 611.543 
0.294488 -0.101509 -0.95025 -0.855334 -0.471494 -0.214707 -0.426242 0.876008 -0.225672 -180.2 20.4733 611.388 
0.293534 -0.103951 -0.950281 -0.856125 -0.470856 -0.212944 -0.42531 0.876064 -0.227207 -180.025 21.1482 611.585 
0.295474 -0.0959578 -0.95052 -0.855823 -0.468756 -0.218716 -0.424574 0.8781 -0.220628 -179.304 20.5574 611.122 
0.30875 -0.103819 -0.945461 -0.852302 -0.471437 -0.226561 -0.422204 0.875768 -0.23404 -181.141 19.8222 611.009 
0.30303 -0.112556 -0.946311 -0.855536 -0.469559 -0.218112 -0.419799 0.875697 -0.238586 -180.641 20.7104 610.649 
0.296737 -0.117985 -0.947643 -0.85514 -0.474536 -0.20869 -0.425068 0.872293 -0.241706 -179.561 20.1818 610.505 
0.309768 -0.125678 -0.94247 -0.852341 -0.475993 -0.216672 -0.421379 0.870423 -0.254567 -181.322 19.7297 609.571 
0.296522 -0.129128 -0.946257 -0.854728 -0.477895 -0.202627 -0.426046 0.868874 -0.252076 -179.185 20.0614 610.109 
0.288971 -0.136159 -0.947606 -0.853696 -0.484599 -0.190703 -0.433243 0.864074 -0.256273 -178.889 20.043 610.419 
0.296459 -0.129931 -0.946167 -0.849992 -0.487615 -0.199365 -0.435462 0.863336 -0.254997 -179.449 19.2685 609.915 
0.280708 -0.129705 -0.95099 -0.854693 -0.484597 -0.18619 -0.436697 0.865068 -0.246887 -176.938 19.8809 610.088 
0.278999 -0.133136 -0.951018 -0.85581 -0.483706 -0.183353 -0.435602 0.865045 -0.248891 -177.363 20.0478 609.593 
0.272511 -0.125316 -0.953957 -0.849866 -0.496173 -0.177597 -0.451072 0.859132 -0.241714 -176.462 18.6385 609.981 
0.267648 -0.119207 -0.956115 -0.848851 -0.498668 -0.175449 -0.455869 0.858557 -0.234656 -175.491 18.0317 609.383 
0.249659 -0.111115 -0.961938 -0.8496 -0.501757 -0.162545 -0.464598 0.857842 -0.219671 -172.078 17.5223 609.269 
0.239822 -0.105508 -0.965067 -0.84762 -0.507411 -0.155163 -0.473314 0.855221 -0.211118 -170.44 16.7057 608.772 
0.22925 -0.109606 -0.967178 -0.841796 -0.5212 -0.140466 -0.488697 0.846367 -0.21175 -169.257 15.4409 608.66 
0.220473 -0.111447 -0.969006 -0.841216 -0.524573 -0.131066 -0.493708 0.844039 -0.209405 -167.675 15.0001 608.234 
0.228199 -0.103479 -0.968101 -0.835873 -0.53069 -0.140306 -0.499242 0.841226 -0.207597 -167.316 13.4476 607.996 
0.217826 -0.110021 -0.969767 -0.838478 -0.529629 -0.12825 -0.499507 0.841064 -0.207616 -165.365 12.5873 607.417 
0.205574 -0.102225 -0.973289 -0.835043 -0.536944 -0.119979 -0.510337 0.837401 -0.195743 -164.244 9.51108 607.056 
0.200069 -0.111248 -0.973446 -0.83789 -0.534406 -0.111135 -0.507852 0.837874 -0.200131 -164.225 8.05258 606.052 
0.190649 -0.104473 -0.976084 -0.840188 -0.531594 -0.107209 -0.507679 0.840532 -0.189124 -162.231 5.62576 604.713 
0.172367 -0.0999571 -0.979949 -0.844727 -0.526725 -0.0948558 -0.506682 0.844138 -0.175226 -158.933 4.33088 603.623 
0.15825 -0.119952 -0.980087 -0.849335 -0.522761 -0.0731588 -0.503575 0.843998 -0.184605 -158.174 2.85663 602.603 
0.141315 -0.12548 -0.981981 -0.847788 -0.527518 -0.0545963 -0.511162 0.840226 -0.180926 -156.563 0.937316 602.297 
0.137549 -0.121414 -0.983026 -0.851369 -0.521709 -0.0546909 -0.506213 0.84444 -0.175128 -154.766 -0.363075 601.521 
0.126858 -0.119594 -0.984686 -0.850837 -0.523409 -0.0460446 -0.509886 0.843647 -0.168153 -152.195 -2.47118 601.027 
0.121269 -0.121718 -0.985129 -0.856368 -0.51467 -0.0418292 -0.501925 0.848705 -0.166648 -150.285 -3.33434 600.159 
0.114796 -0.13456 -0.984234 -0.858364 -0.512159 -0.0300963 -0.500034 0.848285 -0.174294 -149.053 -4.8236 598.865 
0.114421 -0.123356 -0.985745 -0.861422 -0.506571 -0.0365982 -0.494835 0.853328 -0.164223 -147.219 -5.45094 598.123 
0.113937 -0.124198 -0.985695 -0.866751 -0.497327 -0.0375259 -0.485552 0.858627 -0.164312 -145.307 -6.37709 597.166 
0.111527 -0.12196 -0.98625 -0.869282 -0.492905 -0.0373473 -0.481572 0.861493 -0.160989 -143.812 -7.15214 596.685 
0.111566 -0.114024 -0.987195 -0.867481 -0.495797 -0.0407714 -0.484799 0.86092 -0.154227 -143.259 -8.13876 596.064 
0.116569 -0.10392 -0.987732 -0.867145 -0.495519 -0.0502043 -0.484223 0.862358 -0.147875 -142.792 -9.96984 594.845 
0.108115 -0.114615 -0.98751 -0.867292 -0.496399 -0.0373395 -0.485919 0.860495 -0.153072 -142.259 -9.65627 595.131 
0.103273 -0.109528 -0.988605 -0.863909 -0.50246 -0.03458 -0.492947 0.857635 -0.146512 -141.085 -10.948 595.244 
0.0936796 -0.122156 -0.988081 -0.868463 -0.495305 -0.0211051 -0.486823 0.860088 -0.152487 -139.775 -11.3128 595.272 
0.0871826 -0.130825 -0.987565 -0.868252 -0.496004 -0.0109432 -0.488405 0.858408 -0.156831 -139.105 -11.4407 595.909 
0.0875825 -0.123867 -0.988427 -0.866384 -0.499177 -0.0142136 -0.491639 0.857601 -0.151035 -138.115 -13.1277 595.967 
0.0813888 -0.129248 -0.988267 -0.868284 -0.496023 -0.00663716 -0.489346 0.858636 -0.152594 -136.309 -14.5382 595.726 
0.0779011 -0.134539 -0.987842 -0.869545 -0.493852 -0.00131256 -0.487671 0.859075 -0.155459 -135.245 -14.7362 595.817 
0.0654397 -0.13002 -0.98935 -0.869368 -0.494109 0.00743134 -0.489813 0.859622 -0.145369 -132.426 -15.3128 596.227 
0.067764 -0.1563 -0.985383 -0.871496 -0.490079 0.0178029 -0.485698 0.857551 -0.169424 -131.179 -16.756 596.481 
0.0605475 -0.162058 -0.984923 -0.868069 -0.495643 0.0281879 -0.492738 0.853273 -0.170687 -129.636 -18.0426 596.788 
0.0497999 -0.170716 -0.984062 -0.864648 -0.500529 0.043075 -0.499905 0.84872 -0.172535 -127.993 -19.2263 596.743 
0.0393428 -0.195181 -0.979979 -0.862756 -0.501397 0.0652253 -0.504089 0.842915 -0.188119 -128.042 -19.161 597.029 
0.0361291 -0.198299 -0.979476 -0.860054 -0.505299 0.0705753 -0.508923 0.839852 -0.188803 -128.342 -20.0168 597.22 
0.018718 -0.202742 -0.979054 -0.859796 -0.503045 0.0877318 -0.510295 0.840144 -0.183732 -126.853 -19.5054 597.714 
0.0136801 -0.201829 -0.979326 -0.855532 -0.509327 0.0930159 -0.51757 0.836571 -0.179639 -126.68 -20.2882 598.103 
0.0217602 -0.20354 -0.978826 -0.854677 -0.511749 0.0874138 -0.518705 0.834676 -0.185096 -128.179 -20.4449 598.313 
0.00897982 -0.212687 -0.97708 -0.854717 -0.508795 0.102897 -0.519018 0.834202 -0.186355 -127.425 -21.3126 598.03 
0.0011704 -0.214715 -0.976677 -0.85046 -0.513984 0.111976 -0.526039 0.830493 -0.183207 -127.669 -21.769 597.886 
0.00553077 -0.21817 -0.975896 -0.848724 -0.5171 0.110792 -0.528807 0.827653 -0.188026 -128.849 -22.096 597.572 
-0.0113233 -0.221034 -0.975201 -0.846946 -0.516322 0.126861 -0.531559 0.827378 -0.181357 -128.22 -22.3834 597.423 
-0.00342651 -0.224336 -0.974507 -0.845421 -0.51983 0.12264 -0.534091 0.824287 -0.187877 -129.71 -22.6242 597.795 
-0.00764662 -0.227501 -0.973749 -0.842614 -0.522893 0.128782 -0.538464 0.821478 -0.187696 -130.403 -24.268 597.524 
-0.0116515 -0.228379 -0.973503 -0.845166 -0.518039 0.131645 -0.534378 0.824305 -0.186982 -130.506 -24.3742 597.406 
-0.00922264 -0.224389 -0.974457 -0.843498 -0.521634 0.1281 -0.537054 0.823133 -0.18446 -130.454 -25.311 597.587 
-0.0285376 -0.234177 -0.971776 -0.844541 -0.514413 0.148763 -0.534731 0.824949 -0.183091 -128.439 -25.573 597.649 
-0.0330439 -0.234885 -0.971462 -0.84194 -0.517219 0.153693 -0.538559 0.822991 -0.180667 -127.259 -26.4365 598.112 
-0.0570284 -0.257143 -0.96469 -0.842889 -0.505448 0.184557 -0.535058 0.82365 -0.187917 -124.53 -25.3775 598.585 
-0.068277 -0.285425 -0.955967 -0.847461 -0.489032 0.206539 -0.52645 0.824245 -0.208496 -122.091 -25.978 598.957 
-0.0700381 -0.289689 -0.954556 -0.845802 -0.490088 0.210791 -0.52888 0.822128 -0.210695 -121.62 -26.3132 599.337 
-0.0622585 -0.294844 -0.953516 -0.851697 -0.482373 0.204768 -0.520325 0.824854 -0.221085 -121.717 -27.2136 599.132 
-0.070781 -0.288688 -0.954804 -0.851234 -0.481509 0.208688 -0.519992 0.827532 -0.211658 -119.977 -27.48 599.715 
-0.0750141 -0.295405 -0.952424 -0.849022 -0.482021 0.216374 -0.523006 0.824859 -0.214646 -119.267 -27.581 600.309 
-0.0932237 -0.309265 -0.946396 -0.846347 -0.476037 0.238928 -0.524412 0.823252 -0.217367 -116.719 -26.6715 601.261 
-0.0955917 -0.313126 -0.94489 -0.84825 -0.471105 0.241934 -0.520898 0.824629 -0.220575 -115.379 -25.8657 601.394 
-0.081719 -0.312658 -0.946345 -0.848573 -0.476181 0.230599 -0.52273 0.821886 -0.226399 -115.913 -25.1051 601.608 
-0.0671961 -0.319054 -0.945352 -0.851134 -0.476082 0.221175 -0.520632 0.819482 -0.239566 -116.648 -24.262 601.813 
-0.0595789 -0.326314 -0.943383 -0.856657 -0.46843 0.21613 -0.512435 0.821032 -0.25163 -116.263 -22.9656 602.129 
-0.0470546 -0.314858 -0.947972 -0.853918 -0.479722 0.20172 -0.518276 0.818982 -0.24629 -116.328 -23.2174 602.794 
-0.0442764 -0.319144 -0.946672 -0.862114 -0.466591 0.197619 -0.504777 0.824888 -0.254478 -115.866 -20.2004 603.764 
-0.034497 -0.319903 -0.946823 -0.858589 -0.475392 0.191903 -0.511503 0.819551 -0.258265 -116.265 -19.9395 604.457 
-0.0421441 -0.299023 -0.953316 -0.85222 -0.487263 0.190513 -0.521484 0.820463 -0.234298 -113.927 -20.2252 605.497 
-0.0191351 -0.295865 -0.955039 -0.857153 -0.486889 0.168009 -0.514706 0.821829 -0.244285 -115.529 -18.3422 605.881 
-0.00653083 -0.279904 -0.960007 -0.855392 -0.495684 0.150343 -0.517941 0.822163 -0.23619 -115.976 -17.3727 606.601 
0.00341184 -0.288291 -0.957538 -0.859059 -0.490981 0.144761 -0.511866 0.822087 -0.249333 -116.325 -15.7077 607.08 
0.0134569 -0.2846 -0.958553 -0.861689 -0.489623 0.133274 -0.507259 0.82418 -0.251825 -117.223 -13.6594 607.438 
0.00853949 -0.283297 -0.958995 -0.856406 -0.497172 0.139243 -0.516233 0.820099 -0.246862 -116.669 -12.5052 608.325 
0.0276128 -0.292162 -0.955971 -0.855346 -0.501826 0.12866 -0.517321 0.814133 -0.263756 -118.425 -10.4573 609.099 
0.0339616 -0.299342 -0.953542 -0.852995 -0.505872 0.128426 -0.520814 0.809004 -0.272517 -119.01 -7.90519 610.251 
0.0382423 -0.301852 -0.952588 -0.852726 -0.506842 0.126372 -0.520957 0.807463 -0.276779 -118.391 -6.42839 610.691 
0.0519124 -0.315119 -0.947632 -0.85005 -0.511975 0.123682 -0.524139 0.799113 -0.294444 -119.765 -3.91894 611.804 
0.0519157 -0.32329 -0.944876 -0.847931 -0.514094 0.129308 -0.527559 0.794475 -0.300816 -119.464 -2.16089 612.815 
0.0630722 -0.320812 -0.945041 -0.844559 -0.521676 0.120726 -0.531736 0.790528 -0.303847 -120.32 -0.347895 613.835 
0.0654473 -0.322052 -0.944458 -0.841779 -0.526074 0.121054 -0.53584 0.787101 -0.305527 -120.033 0.984829 614.745 
0.0728262 -0.332106 -0.940427 -0.844167 -0.52266 0.119202 -0.531112 0.785195 -0.318416 -120.407 2.71391 615.225 
0.063519 -0.332711 -0.940888 -0.839338 -0.52784 0.129988 -0.539887 0.781465 -0.312784 -119.147 3.88229 616.616 
0.0772192 -0.323777 -0.942978 -0.83934 -0.531565 0.113783 -0.538094 0.782692 -0.312806 -119.986 5.02163 616.986 
0.0779057 -0.315881 -0.945596 -0.837718 -0.534973 0.109692 -0.540518 0.783596 -0.306296 -120.238 5.86268 617.693 
0.0708328 -0.323715 -0.943501 -0.835581 -0.53585 0.121119 -0.544783 0.77979 -0.308445 -119.836 6.4055 618.644 
0.0757507 -0.322372 -0.943578 -0.836486 -0.535606 0.115835 -0.542728 0.780514 -0.310231 -120.501 7.33576 618.778 
0.0714696 -0.329211 -0.941549 -0.835376 -0.535547 0.123843 -0.545014 0.777695 -0.31329 -120.461 7.86688 619.279 
0.077217 -0.331651 -0.940238 -0.835219 -0.536518 0.120654 -0.544469 0.775987 -0.318429 -120.908 8.71477 619.466 
0.0744739 -0.338486 -0.938021 -0.833664 -0.537306 0.127698 -0.547228 0.772483 -0.322198 -121.162 9.76771 620.018 
0.0681109 -0.342235 -0.937143 -0.833315 -0.536015 0.135182 -0.548587 0.771727 -0.321698 -120.332 10.047 620.428 
0.0633501 -0.34514 -0.936412 -0.827965 -0.542038 0.143769 -0.557191 0.766207 -0.320101 -120.556 9.98365 621.009 
0.0667401 -0.348149 -0.935061 -0.832479 -0.536035 0.140162 -0.550023 0.769063 -0.325601 -120.548 11.479 620.958 
0.0639262 -0.349409 -0.934788 -0.830551 -0.537932 0.144272 -0.553262 0.767166 -0.324589 -120.296 10.955 621.372 
0.0632273 -0.357267 -0.931861 -0.826408 -0.54222 0.15181 -0.559511 0.760498 -0.329531 -120.159 10.6771 621.869 
0.0601286 -0.359909 -0.931049 -0.824001 -0.544342 0.157207 -0.563389 0.757731 -0.329296 -119.875 10.4204 622.122 
0.0603811 -0.36243 -0.930054 -0.825556 -0.541877 0.157565 -0.561081 0.758297 -0.331925 -119.674 10.4935 622.244 
0.0611911 -0.368001 -0.927811 -0.825929 -0.540608 0.159951 -0.560444 0.756517 -0.337022 -119.974 10.6261 622.377 
0.0593769 -0.366377 -0.928571 -0.824518 -0.542367 0.161273 -0.562713 0.756046 -0.334288 -119.11 11.0864 623.37 
0.0597459 -0.375332 -0.924964 -0.828233 -0.535866 0.163946 -0.557191 0.756289 -0.342877 -119.422 12.067 623.724 
0.0556601 -0.372407 -0.9264 -0.821515 -0.544414 0.169492 -0.567465 0.751616 -0.336239 -119.269 12.2936 624.875 
0.0604248 -0.376252 -0.924546 -0.823446 -0.5423 0.166876 -0.564169 0.751229 -0.342591 -120.551 13.9287 625.055 
0.0593023 -0.375036 -0.925112 -0.821506 -0.544825 0.168208 -0.567108 0.750009 -0.340403 -120.696 14.7889 625.445 
0.0646438 -0.405462 -0.911824 -0.825017 -0.53576 0.179747 -0.5614 0.74065 -0.369146 -121.567 16.7116 625.915 
0.0665432 -0.403653 -0.91249 -0.82295 -0.539323 0.178564 -0.564205 0.73905 -0.368074 -122.287 17.9948 626.454 
0.0706717 -0.402735 -0.912585 -0.821704 -0.542177 0.175635 -0.565517 0.737461 -0.369245 -123.089 19.1176 626.9 
0.07062 -0.39428 -0.916274 -0.818129 -0.548416 0.172932 -0.570683 0.737417 -0.3613 -123.262 20.0444 627.364 
0.0683929 -0.390863 -0.917905 -0.814878 -0.5527 0.174634 -0.575584 0.736036 -0.356306 -123.744 21.2626 628.127 
0.0692808 -0.383415 -0.920975 -0.80883 -0.561983 0.173116 -0.583947 0.732918 -0.349052 -124.318 21.7498 628.461 
0.072222 -0.381332 -0.921613 -0.811613 -0.559543 0.167918 -0.579715 0.735865 -0.349905 -125.054 23.0607 627.93 
0.0699326 -0.388909 -0.918619 -0.811806 -0.55735 0.17416 -0.579725 0.73356 -0.354696 -125.204 24.0209 628.293 
0.0714797 -0.397399 -0.914859 -0.811407 -0.556597 0.178379 -0.580095 0.729571 -0.362237 -125.339 24.7795 629.1 
0.063743 -0.395922 -0.91607 -0.813735 -0.552021 0.181959 -0.577731 0.733838 -0.357363 -124.052 25.6704 629.023 
0.0762805 -0.39717 -0.91457 -0.812864 -0.555968 0.173642 -0.577438 0.730174 -0.365254 -125.557 26.2062 629.249 
0.0740842 -0.401453 -0.912879 -0.814455 -0.552597 0.176917 -0.575478 0.730391 -0.367904 -125.439 27.2456 629.236 
0.0615857 -0.401896 -0.913613 -0.809869 -0.555124 0.189604 -0.583369 0.728229 -0.35967 -124.013 27.0338 629.641 
0.067058 -0.397656 -0.915082 -0.807296 -0.560583 0.184446 -0.586325 0.726372 -0.358617 -124.852 27.7295 629.73 
0.0700937 -0.398022 -0.914695 -0.806871 -0.561789 0.182627 -0.586555 0.725239 -0.36053 -125.171 27.7135 629.681 
0.0683298 -0.404386 -0.912034 -0.812996 -0.552424 0.184028 -0.578247 0.728903 -0.36651 -125.106 29.0536 629.52 
0.0679165 -0.396219 -0.915642 -0.809955 -0.557772 0.181283 -0.582547 0.729315 -0.358801 -124.864 29.1267 629.61 
0.0629724 -0.408269 -0.910688 -0.805564 -0.559463 0.195109 -0.589153 0.72133 -0.364117 -124.455 28.7141 629.879 
0.0601922 -0.406773 -0.911545 -0.80454 -0.560307 0.196908 -0.590842 0.72152 -0.360991 -124.206 28.9169 629.771 
0.0679556 -0.407689 -0.91059 -0.802698 -0.56437 0.192776 -0.592502 0.717827 -0.365603 -125.036 28.8888 629.705 
0.0713351 -0.409235 -0.909637 -0.804056 -0.56326 0.190348 -0.590259 0.71782 -0.369227 -125.931 29.9153 629.385 
0.0740902 -0.41128 -0.908494 -0.802202 -0.565777 0.190708 -0.592439 0.714665 -0.371847 -126.302 30.2278 629.396 
0.0731726 -0.411178 -0.908614 -0.799492 -0.568818 0.193024 -0.596204 0.712305 -0.370355 -126.396 30.5747 629.716 
0.0683751 -0.414968 -0.907264 -0.801069 -0.564878 0.197994 -0.594654 0.713243 -0.371041 -125.861 31.2499 629.856 
0.0632702 -0.416288 -0.90703 -0.798917 -0.565805 0.203951 -0.598104 0.711737 -0.368378 -124.925 30.4303 629.851 
0.0588548 -0.422915 -0.904257 -0.798678 -0.563366 0.211499 -0.598874 0.709762 -0.37093 -124.746 30.6626 629.735 
0.0613053 -0.423104 -0.904006 -0.80144 -0.560711 0.208081 -0.594925 0.711749 -0.373467 -124.979 31.3433 629.252 
0.0643057 -0.425001 -0.902907 -0.800732 -0.561944 0.20748 -0.595562 0.709643 -0.376447 -125.292 31.5151 629.416 
0.0614802 -0.433204 -0.899198 -0.801147 -0.558743 0.214407 -0.595302 0.707206 -0.381411 -125.176 31.2538 629.321 
0.0703114 -0.428092 -0.900997 -0.802667 -0.560563 0.203703 -0.592269 0.708877 -0.383029 -126.379 30.9744 629.048 
0.0649722 -0.43173 -0.899661 -0.799817 -0.561649 0.211763 -0.596718 0.705804 -0.381796 -126.355 30.4528 629.159 
0.0599411 -0.436393 -0.897758 -0.800413 -0.558406 0.217995 -0.596445 0.70551 -0.382766 -125.958 30.3755 629.13 
0.0624492 -0.432296 -0.899568 -0.800635 -0.55984 0.213455 -0.59589 0.706894 -0.381072 -126.582 30.2909 628.72 
0.0586079 -0.433115 -0.899432 -0.801319 -0.557742 0.216361 -0.59536 0.708051 -0.379751 -126.049 30.4158 628.822 
0.0503504 -0.434977 -0.899034 -0.801326 -0.554876 0.223585 -0.596106 0.70916 -0.376496 -125.427 30.3234 628.929 
0.0529534 -0.429486 -0.90152 -0.798151 -0.56075 0.220261 -0.600126 0.707885 -0.372488 -125.532 29.5334 629.337 
0.0540237 -0.431345 -0.900569 -0.799572 -0.558925 0.219743 -0.598136 0.708198 -0.375087 -125.921 29.9219 629.396 
0.0495473 -0.43602 -0.898573 -0.7959 -0.560767 0.228218 -0.603398 0.703866 -0.374812 -126.255 29.171 629.747 
0.0426529 -0.444158 -0.894934 -0.794555 -0.558121 0.239128 -0.605692 0.700874 -0.376713 -126.208 28.9695 630.208 
0.0453415 -0.439285 -0.897204 -0.793659 -0.561269 0.234697 -0.606671 0.701432 -0.374091 -126.499 28.4671 630.31 
0.0480152 -0.441345 -0.896053 -0.797508 -0.557066 0.231644 -0.601395 0.703486 -0.378723 -127.423 28.8806 630.077 
0.0391827 -0.437507 -0.898362 -0.796256 -0.556836 0.236453 -0.60369 0.70606 -0.370185 -126.557 28.4789 630.432 
0.0413245 -0.434255 -0.899843 -0.799226 -0.554843 0.231058 -0.599609 0.709628 -0.369996 -126.935 28.6152 630.294 
0.0392966 -0.428486 -0.902694 -0.796471 -0.558959 0.230651 -0.6034 0.709905 -0.363241 -126.935 28.3839 630.812 
0.0336556 -0.430236 -0.90209 -0.800704 -0.551772 0.233284 -0.598115 0.714455 -0.363061 -126.596 28.5203 630.743 
0.0361326 -0.422384 -0.905697 -0.797321 -0.558556 0.228681 -0.602473 0.713868 -0.356957 -127.125 26.9029 630.812 
0.0380453 -0.429954 -0.90205 -0.800279 -0.553696 0.230161 -0.59842 0.713134 -0.365148 -127.958 27.3098 630.922 
0.028522 -0.434078 -0.900424 -0.803051 -0.546344 0.237945 -0.595228 0.716299 -0.364169 -127.594 26.8148 630.914 
0.0212432 -0.442898 -0.896321 -0.803018 -0.541627 0.248601 -0.595577 0.71448 -0.36716 -127.72 25.9268 631.261 
0.0152982 -0.443657 -0.896067 -0.801819 -0.540853 0.254095 -0.597371 0.714596 -0.364006 -127.831 24.9121 631.439 
0.00810903 -0.4419 -0.897029 -0.805993 -0.533848 0.255701 -0.591871 0.720924 -0.360496 -127.452 25.5497 632.111 
-0.00342102 -0.451247 -0.892393 -0.805086 -0.528085 0.270117 -0.593149 0.719376 -0.361486 -126.946 24.5418 632.806 
-0.00561864 -0.450018 -0.893003 -0.804393 -0.52849 0.271387 -0.594072 0.719849 -0.359021 -127.424 23.9549 633.045 
0.000209587 -0.444833 -0.895615 -0.809506 -0.525901 0.261014 -0.587113 0.724949 -0.360204 -127.926 24.0523 632.924 
-9.47831e-05 -0.450037 -0.893011 -0.808854 -0.525064 0.264695 -0.58801 0.722339 -0.363964 -129.017 23.7158 632.873 
-0.00676023 -0.456076 -0.889916 -0.808983 -0.520616 0.272957 -0.587794 0.721771 -0.365438 -128.211 23.2784 632.939 
-0.00252644 -0.453019 -0.891498 -0.808814 -0.523331 0.268225 -0.58806 0.721733 -0.365086 -128.922 22.3265 632.819 
-0.00961701 -0.452303 -0.891813 -0.810615 -0.518679 0.271801 -0.585501 0.72553 -0.361655 -128.088 22.6514 633.012 
-0.0131391 -0.458972 -0.888354 -0.812709 -0.512673 0.276895 -0.582522 0.725611 -0.366274 -128.136 22.5699 633.22 
-0.0146469 -0.453479 -0.891147 -0.813026 -0.513396 0.274615 -0.582044 0.728547 -0.36117 -127.644 22.2517 633.47 
-0.0298786 -0.446837 -0.894118 -0.816953 -0.504492 0.279421 -0.575931 0.738799 -0.34997 -125.761 23.3661 634.249 
-0.016378 -0.45983 -0.887857 -0.81708 -0.505646 0.276952 -0.576292 0.729985 -0.367436 -128.373 21.9691 633.907 
-0.0176799 -0.461494 -0.886968 -0.815352 -0.50679 0.279938 -0.578696 0.728139 -0.36732 -128.66 21.1434 634.09 
-0.0202921 -0.468024 -0.883484 -0.819167 -0.498834 0.283072 -0.573196 0.729464 -0.373267 -128.653 21.1402 634.311 
-0.0103035 -0.471884 -0.881602 -0.822026 -0.498002 0.276166 -0.569358 0.727544 -0.382769 -129.739 20.6713 634.451 
-0.0112753 -0.470974 -0.882076 -0.82178 -0.498212 0.276519 -0.569694 0.727989 -0.381419 -129.642 19.8832 634.96 
-0.0185519 -0.477014 -0.878701 -0.823173 -0.491536 0.284216 -0.567488 0.728595 -0.383546 -129.027 18.4505 635.211 
-0.0196307 -0.487515 -0.872895 -0.829192 -0.479865 0.286654 -0.55862 0.729424 -0.394823 -129.409 17.1664 635.998 
-0.0149878 -0.483396 -0.875274 -0.831632 -0.479969 0.279318 -0.555126 0.732091 -0.394813 -130.153 15.6519 635.788 
-0.0190945 -0.486723 -0.873349 -0.831653 -0.477125 0.284087 -0.554968 0.731746 -0.395673 -129.619 14.1981 635.63 
-0.0181534 -0.49285 -0.869926 -0.834943 -0.471176 0.284365 -0.550038 0.7315 -0.402948 -130.232 14.5652 635.562 
-0.0163837 -0.49242 -0.870204 -0.835173 -0.471778 0.282688 -0.549744 0.731401 -0.403526 -130.966 13.2342 635.413 
-0.0126937 -0.490394 -0.87141 -0.834821 -0.474482 0.27918 -0.550376 0.731014 -0.403368 -131.592 12.4948 635.302 
-0.0209138 -0.49518 -0.86854 -0.833337 -0.471331 0.288785 -0.55237 0.729825 -0.402794 -131.126 12.1127 635.78 
-0.0176642 -0.499918 -0.865893 -0.837133 -0.46615 0.286206 -0.546716 0.729922 -0.410263 -131.731 11.3665 635.683 
-0.0220288 -0.509769 -0.86003 -0.837806 -0.459982 0.294106 -0.545525 0.727016 -0.416954 -132.19 10.1491 635.895 
-0.0222667 -0.515607 -0.856537 -0.838525 -0.456905 0.296841 -0.544409 0.724836 -0.422175 -132.395 8.45872 636.058 
-0.0269072 -0.517902 -0.855018 -0.840187 -0.451721 0.300057 -0.541629 0.726448 -0.422979 -132.176 6.71992 636.532 
-0.0218145 -0.513725 -0.857678 -0.843197 -0.451477 0.291868 -0.537162 0.729558 -0.423322 -133.215 4.48444 636.121 
-0.0303008 -0.51495 -0.856685 -0.846439 -0.442633 0.296003 -0.531624 0.7341 -0.422461 -132.599 4.04224 636.581 
-0.0375177 -0.511702 -0.858344 -0.847743 -0.438474 0.298451 -0.52908 0.738851 -0.417341 -132.573 1.63288 636.293 
-0.0311069 -0.513633 -0.857447 -0.851586 -0.43551 0.291776 -0.523293 0.739265 -0.423854 -133.62 0.16118 635.976 
-0.0317646 -0.509935 -0.859627 -0.851647 -0.436361 0.290321 -0.523153 0.74132 -0.420424 -134.005 -1.84329 636.055 
-0.0286385 -0.514816 -0.856823 -0.854867 -0.431633 0.287917 -0.518057 0.740714 -0.427738 -135.123 -2.80465 635.849 
-0.0385585 -0.520842 -0.852783 -0.855017 -0.424489 0.297919 -0.517166 0.74063 -0.428961 -134.96 -4.70948 635.881 
-0.0392024 -0.524039 -0.850793 -0.857406 -0.41961 0.297963 -0.513145 0.741155 -0.432864 -135.849 -5.52392 635.875 
-0.0527701 -0.530544 -0.846014 -0.85365 -0.415634 0.313895 -0.518168 0.738763 -0.430965 -134.897 -8.3446 636.342 
-0.0524595 -0.535753 -0.842744 -0.860569 -0.403881 0.310326 -0.506627 0.741518 -0.439865 -135.632 -9.28482 635.916 
-0.0594034 -0.542859 -0.837722 -0.864009 -0.39235 0.315517 -0.499961 0.74254 -0.445727 -135.736 -10.669 635.984 
-0.0679467 -0.549571 -0.83268 -0.86643 -0.381294 0.322356 -0.494654 0.743361 -0.450257 -135.002 -11.7847 636.835 
-0.0659998 -0.558676 -0.826757 -0.870581 -0.372631 0.321302 -0.487579 0.740963 -0.461779 -135.466 -14.0324 636.699 
-0.0536772 -0.56028 -0.826563 -0.877411 -0.368719 0.306913 -0.476727 0.741709 -0.471804 -137.247 -14.6865 636.574 
-0.0453212 -0.563682 -0.824748 -0.884039 -0.361841 0.295883 -0.465212 0.742518 -0.481917 -138.394 -16.1202 635.772 
-0.0532043 -0.569872 -0.82001 -0.886977 -0.35027 0.300972 -0.45874 0.743342 -0.486827 -137.687 -17.9346 635.312 
-0.0490692 -0.570508 -0.819826 -0.892235 -0.343868 0.292697 -0.448897 0.745839 -0.492153 -138.244 -18.8194 634.432 
-0.0513597 -0.571458 -0.819024 -0.896621 -0.334783 0.289814 -0.439811 0.749237 -0.495186 -138.036 -19.6874 633.783 
-0.0337759 -0.563759 -0.82525 -0.906537 -0.330359 0.262783 -0.420774 0.756994 -0.499909 -140.623 -21.4009 631.646 
-0.0475556 -0.567689 -0.82187 -0.908164 -0.318022 0.272216 -0.415906 0.759336 -0.50043 -138.829 -22.6601 632.057 
-0.0376078 -0.559413 -0.828037 -0.916219 -0.311476 0.252042 -0.398909 0.768141 -0.50083 -140.116 -25.0118 630.298 
-0.0401085 -0.557887 -0.828948 -0.918682 -0.305676 0.250172 -0.392958 0.771573 -0.50026 -140.295 -26.1804 629.831 
-0.042549 -0.556605 -0.829688 -0.921489 -0.299034 0.247867 -0.386069 0.775093 -0.500181 -140.999 -28.3192 628.713 
-0.046758 -0.553233 -0.831714 -0.922747 -0.294956 0.248072 -0.382561 0.77906 -0.496702 -140.72 -29.9728 628.245 
-0.0505586 -0.550354 -0.8334 -0.925057 -0.28873 0.246788 -0.376449 0.783419 -0.494511 -141.228 -31.7646 627.358 
-0.0628215 -0.549873 -0.832883 -0.927581 -0.275801 0.252049 -0.368305 0.788399 -0.492725 -140.453 -32.1301 626.854 
-0.0542313 -0.547209 -0.835238 -0.930878 -0.274941 0.240569 -0.361283 0.79055 -0.494474 -142.645 -32.9051 626.122 
-0.0645186 -0.542986 -0.837261 -0.931382 -0.268463 0.245877 -0.358281 0.795672 -0.488406 -142.3 -34.6759 625.852 
-0.0316028 -0.528058 -0.848621 -0.93881 -0.27567 0.206498 -0.342983 0.803219 -0.487034 -147.525 -35.5428 624.078 
-0.0722776 -0.535805 -0.841244 -0.93415 -0.259179 0.245336 -0.349485 0.803579 -0.481789 -143.382 -36.9285 625.295 
-0.0555171 -0.525849 -0.848765 -0.937263 -0.26558 0.225845 -0.344176 0.808053 -0.478114 -147.111 -40.6128 623.772 
-0.059601 -0.520799 -0.851597 -0.938924 -0.260408 0.224966 -0.338925 0.812992 -0.473469 -147.159 -40.7446 623.378 
-0.0656774 -0.522529 -0.850089 -0.937347 -0.259812 0.232119 -0.342152 0.812072 -0.472726 -147.719 -41.2622 623.673 
-0.0632316 -0.519884 -0.851894 -0.93919 -0.257692 0.226973 -0.337526 0.814441 -0.471976 -148.589 -41.2089 623.699 
-0.0806704 -0.526016 -0.846641 -0.93791 -0.247442 0.243102 -0.33737 0.813683 -0.473394 -148.16 -41.3456 623.885 
-0.0724534 -0.524152 -0.848538 -0.938727 -0.251595 0.235567 -0.336961 0.813612 -0.473806 -151.891 -43.1881 623.286 
RFing.0_Hand
-0.461729 0.0039796 -0.887012 -0.0039796 0.999971 0.00655795 0.887012 0.00655795 -0.4617 32.7108 -9.73219 -73.4609 
-0.0725032 0.00260332 -0.997365 -0.725081 -0.686779 0.050917 -0.684837 0.726862 0.051681 -223.064 22.6764 644.297 
-0.0699392 0.0142171 -0.99745 -0.721069 -0.691667 0.0407013 -0.689325 0.722077 0.0586259 -223.334 23.0602 644.449 
-0.0755306 0.00630095 -0.997123 -0.714016 -0.698365 0.0496726 -0.696043 0.715714 0.0572467 -222.878 25.0201 645.243 
-0.0621376 0.011934 -0.997996 -0.715743 -0.697423 0.0362242 -0.695594 0.71656 0.0518777 -223.001 25.8506 645.761 
-0.0549078 0.0147587 -0.998382 -0.715325 -0.698189 0.0290195 -0.696632 0.715761 0.0488931 -222.797 25.8011 646.361 
-0.0702451 0.0137324 -0.997435 -0.71694 -0.695934 0.0409097 -0.693587 0.717975 0.058731 -222.397 25.8056 646.832 
-0.072874 0.0178049 -0.997182 -0.717389 -0.695524 0.040008 -0.692851 0.718283 0.0634584 -223.514 23.5134 646.012 
-0.078055 0.01901 -0.996768 -0.716617 -0.69615 0.0428402 -0.693086 0.717645 0.0679607 -223.912 24.7421 646 
-0.0808386 0.0244257 -0.996428 -0.723697 -0.688849 0.0418265 -0.685367 0.724493 0.0733622 -222.639 25.5174 646.276 
-0.0830124 0.0382926 -0.995812 -0.727254 -0.685513 0.0342645 -0.681331 0.727052 0.0847544 -223.588 24.3468 645.246 
-0.0683794 0.059926 -0.995858 -0.725183 -0.688505 0.00836298 -0.685152 0.722751 0.0905367 -223.698 23.1135 645.089 
-0.083418 0.0701175 -0.994045 -0.732409 -0.680733 0.0134449 -0.675736 0.729168 0.10814 -223.212 22.7703 644.451 
-0.0977479 0.0824988 -0.991786 -0.730802 -0.682419 0.015261 -0.675555 0.726291 0.126995 -221.137 23.8797 645.085 
-0.120115 0.0962057 -0.988087 -0.738958 -0.673314 0.0242728 -0.662958 0.733071 0.151967 -218.975 25.2068 644.944 
-0.137995 0.104054 -0.984952 -0.733602 -0.67887 0.0310618 -0.665422 0.726849 0.170014 -217.587 23.6052 644.42 
-0.133909 0.110629 -0.984799 -0.739228 -0.672995 0.0249156 -0.660008 0.731327 0.1719 -217.027 23.4094 644.144 
-0.119105 0.12288 -0.985248 -0.74739 -0.664344 0.00749408 -0.653623 0.737257 0.170966 -216.781 23.6695 643.663 
-0.13891 0.121372 -0.982839 -0.742729 -0.66922 0.0223307 -0.655025 0.733085 0.183108 -215.241 24.2651 643.787 
-0.137291 0.118905 -0.983368 -0.742806 -0.669118 0.0227979 -0.655279 0.733582 0.180187 -214.451 24.5885 643.044 
-0.126987 0.11889 -0.984753 -0.748204 -0.663267 0.0164068 -0.651203 0.738879 0.17318 -213.595 23.4766 642.245 
-0.128423 0.114427 -0.985096 -0.749733 -0.66141 0.0209112 -0.64916 0.741244 0.170729 -212.114 22.7737 641.034 
-0.126442 0.115628 -0.985212 -0.750302 -0.66083 0.0187364 -0.648891 0.741576 0.170312 -211.711 21.1948 639.871 
-0.128534 0.116406 -0.984849 -0.745942 -0.66575 0.0186641 -0.653491 0.737039 0.172403 -210.621 21.1823 639.202 
-0.132408 0.106511 -0.985456 -0.745538 -0.665866 0.0282035 -0.653178 0.738429 0.167574 -209.173 20.6705 638.364 
-0.125003 0.116888 -0.985247 -0.739459 -0.673057 0.0139683 -0.661495 0.730296 0.170568 -207.982 19.3991 637.656 
-0.140681 0.126991 -0.981877 -0.740959 -0.671271 0.0193442 -0.656649 0.730252 0.18853 -206.705 19.3541 636.873 
-0.140884 0.121417 -0.982552 -0.739119 -0.673189 0.022791 -0.658677 0.729434 0.184583 -205.438 18.055 635.531 
-0.133288 0.133316 -0.98207 -0.744217 -0.667858 0.0103443 -0.654504 0.732252 0.188233 -204.044 17.2102 634.055 
-0.14364 0.140094 -0.979664 -0.731627 -0.681635 0.00979673 -0.6664 0.718156 0.200406 -203.122 16.6395 633.531 
-0.144652 0.144244 -0.978912 -0.727317 -0.686273 0.00635113 -0.670885 0.712898 0.204182 -201.301 16.3603 632.787 
-0.142285 0.162858 -0.976336 -0.733738 -0.679402 -0.00639785 -0.664367 0.715465 0.216163 -199.014 16.2038 631.63 
-0.160442 0.164688 -0.973209 -0.730478 -0.682919 0.00486144 -0.663822 0.711688 0.22987 -197.47 15.7602 630.516 
-0.17093 0.165775 -0.971237 -0.723532 -0.690226 0.00952482 -0.668794 0.704349 0.237923 -195.853 14.0153 629.729 
-0.17572 0.171742 -0.969344 -0.725453 -0.688206 0.00957611 -0.665463 0.704896 0.245522 -194.139 12.6828 628.731 
-0.175337 0.172691 -0.969244 -0.725868 -0.687779 0.00876799 -0.665112 0.70508 0.245944 -192.969 10.4695 627.761 
-0.182499 0.181113 -0.966381 -0.723321 -0.690474 0.00719317 -0.665959 0.700316 0.257014 -191.903 9.36543 626.539 
-0.178092 0.186773 -0.966126 -0.723402 -0.690428 -0.000126027 -0.667064 0.698874 0.258071 -190.851 8.29838 625.568 
-0.172272 0.189289 -0.966691 -0.721929 -0.691934 -0.00683543 -0.67018 0.696705 0.255854 -190.594 6.72386 624.687 
-0.168808 0.19493 -0.966181 -0.718392 -0.695482 -0.0148006 -0.674847 0.691598 0.257439 -190.343 5.90206 623.767 
-0.17949 0.185236 -0.966163 -0.722884 -0.690967 0.00182004 -0.66725 0.69875 0.257926 -187.351 6.57901 622.565 
-0.175661 0.188854 -0.966166 -0.730003 -0.683443 -0.000867041 -0.660484 0.705152 0.257918 -188.071 6.65324 621.077 
-0.172744 0.197539 -0.964955 -0.730501 -0.682852 -0.00901677 -0.660703 0.703343 0.262261 -188.802 5.70835 619.952 
-0.172807 0.20021 -0.964393 -0.73715 -0.67568 -0.00818416 -0.653259 0.709488 0.264347 -188.52 6.23671 618.322 
-0.176062 0.209645 -0.961796 -0.739694 -0.67285 -0.0112577 -0.649504 0.709452 0.273536 -189.422 6.10069 617.091 
-0.162301 0.208288 -0.964507 -0.745859 -0.665853 -0.0182851 -0.646029 0.716418 0.263422 -190.701 6.02118 616.221 
-0.192927 0.222077 -0.955751 -0.746219 -0.665689 -0.00404775 -0.637132 0.712419 0.294147 -189.914 5.74188 614.862 
-0.193145 0.225922 -0.954806 -0.745468 -0.666506 -0.00690681 -0.637944 0.710443 0.297149 -189.768 5.90912 614.126 
-0.189002 0.234626 -0.953535 -0.751034 -0.660124 -0.0135656 -0.632634 0.713574 0.300976 -190.384 6.37231 613.046 
-0.206613 0.242341 -0.947935 -0.748358 -0.663264 -0.00645179 -0.630295 0.708062 0.318397 -190.713 6.18823 611.831 
-0.218294 0.246433 -0.944255 -0.744733 -0.66736 -0.00200096 -0.630652 0.702781 0.329207 -188.72 6.13591 611.516 
-0.20755 0.244359 -0.947213 -0.75306 -0.657935 -0.00472412 -0.624359 0.712327 0.320571 -188.759 6.46377 610.524 
-0.217851 0.240896 -0.945785 -0.753393 -0.657543 0.00605575 -0.620436 0.713867 0.324735 -187.355 6.02113 609.882 
-0.216876 0.254676 -0.942393 -0.757867 -0.652406 -0.00189801 -0.615307 0.713797 0.334502 -187.5 5.84376 608.984 
