Lower Arm R
-0.0148834 -0.327094 -0.944875 0.327094 0.891393 -0.313732 0.944875 -0.313732 0.0937236 43.3573 -12.3442 -85.718 
-0.860812 -0.339873 -0.378799 -0.443518 0.135965 0.885892 -0.249587 0.930591 -0.267781 -7.00105 -11.8605 665.749 
-0.870097 -0.328344 -0.367589 -0.428057 0.133693 0.893808 -0.244331 0.935049 -0.256876 -4.58521 -12.2824 665.784 
-0.869518 -0.332369 -0.365334 -0.429382 0.143174 0.891702 -0.244067 0.932219 -0.267206 -6.33875 -12.2156 665.388 
-0.877237 -0.323777 -0.354433 -0.412919 0.132336 0.901103 -0.244851 0.936832 -0.249784 -3.15149 -13.2726 665.963 
-0.877631 -0.321541 -0.355495 -0.412851 0.130228 0.901441 -0.243554 0.937898 -0.24704 -1.85678 -12.7193 666.079 
-0.870384 -0.325406 -0.369518 -0.427056 0.125392 0.895489 -0.245061 0.937223 -0.248106 -5.25495 -11.9408 665.458 
-0.882795 -0.318224 -0.345552 -0.403583 0.137335 0.904577 -0.240401 0.938015 -0.249669 -1.01298 -14.0796 665.467 
-0.872702 -0.323286 -0.365893 -0.425417 0.135716 0.894763 -0.239606 0.936518 -0.255971 -4.12818 -12.025 664.837 
-0.869195 -0.330543 -0.367753 -0.430644 0.140553 0.89151 -0.242993 0.933266 -0.264515 -3.74057 -11.9285 664.765 
-0.871773 -0.327211 -0.364616 -0.427337 0.143941 0.89256 -0.239571 0.933924 -0.265314 -3.32112 -12.0874 664.158 
-0.870247 -0.328369 -0.367212 -0.429565 0.140958 0.891967 -0.241132 0.933972 -0.263724 -1.14128 -11.921 664.43 
-0.868762 -0.324775 -0.373865 -0.434499 0.137637 0.890094 -0.237622 0.935723 -0.260688 -0.144253 -11.9048 664.233 
-0.867355 -0.325079 -0.376855 -0.436891 0.134652 0.889379 -0.238373 0.936051 -0.258815 0.772086 -11.9497 664.483 
-0.874077 -0.328381 -0.357988 -0.42272 0.151038 0.893586 -0.239366 0.932391 -0.270832 1.04939 -13.5227 664.585 
-0.875106 -0.326434 -0.357256 -0.421924 0.153113 0.893609 -0.237003 0.932736 -0.27172 2.07445 -14.1799 664.782 
-0.867913 -0.330785 -0.370553 -0.435516 0.148031 0.887926 -0.238858 0.932024 -0.27254 2.03391 -13.5575 665.388 
-0.863456 -0.332472 -0.379351 -0.445377 0.149421 0.882787 -0.236819 0.931201 -0.277094 2.23798 -13.0483 665.705 
-0.860475 -0.3359 -0.383085 -0.451928 0.15602 0.878305 -0.235253 0.928885 -0.286054 1.68215 -13.0507 665.812 
-0.859149 -0.343491 -0.379312 -0.454665 0.172243 0.873849 -0.234824 0.923226 -0.304156 2.02655 -13.4646 666.074 
-0.853819 -0.347504 -0.3876 -0.466013 0.1784 0.866606 -0.232 0.920551 -0.314263 2.0009 -13.0662 666.239 
-0.855468 -0.342914 -0.388052 -0.464634 0.177367 0.867558 -0.228669 0.92247 -0.311062 2.27767 -13.8693 666.341 
-0.853032 -0.35265 -0.384674 -0.468149 0.191407 0.86267 -0.23059 0.91597 -0.328369 2.48408 -14.7977 666.701 
-0.850154 -0.361294 -0.383022 -0.472856 0.20389 0.857226 -0.231616 0.909887 -0.344178 2.49664 -14.3707 666.943 
-0.84576 -0.365215 -0.388983 -0.478307 0.195876 0.85607 -0.236456 0.910082 -0.340349 2.82764 -14.0154 667.797 
-0.846395 -0.365322 -0.387498 -0.478847 0.203622 0.853958 -0.233066 0.908338 -0.347278 2.8472 -14.4713 667.926 
-0.846997 -0.356467 -0.39437 -0.481153 0.198639 0.853835 -0.226026 0.912947 -0.339762 3.04563 -14.9317 668.186 
-0.848361 -0.354443 -0.39326 -0.478125 0.193982 0.856602 -0.227331 0.914735 -0.334035 3.03431 -15.4343 668.73 
-0.847495 -0.358912 -0.391069 -0.479589 0.202018 0.853922 -0.227479 0.911247 -0.343339 2.61743 -15.1739 669.136 
-0.849087 -0.355784 -0.390472 -0.478571 0.205134 0.85375 -0.223651 0.911777 -0.344445 2.76638 -15.7438 669.276 
-0.850816 -0.353475 -0.388802 -0.474379 0.19846 0.857659 -0.225999 0.914149 -0.336534 2.95953 -16.9642 669.835 
-0.848881 -0.356386 -0.390372 -0.476664 0.19693 0.856744 -0.228455 0.913349 -0.337047 2.63236 -17.1407 669.798 
-0.851633 -0.352886 -0.387547 -0.47211 0.195292 0.859635 -0.227667 0.915058 -0.332918 3.17162 -17.9592 669.974 
-0.848321 -0.351743 -0.395764 -0.479364 0.192781 0.856181 -0.224859 0.916031 -0.332153 2.83783 -17.9634 669.8 
-0.848458 -0.354694 -0.392826 -0.476194 0.187657 0.859083 -0.230994 0.915957 -0.328122 2.99575 -18.7425 669.816 
-0.843563 -0.356961 -0.401224 -0.484257 0.182636 0.855651 -0.232156 0.916091 -0.326926 2.50478 -19.1717 669.47 
-0.842761 -0.356066 -0.403698 -0.486382 0.182399 0.854496 -0.230622 0.916486 -0.326903 3.11283 -18.9787 669.068 
-0.840592 -0.357174 -0.407225 -0.489835 0.180312 0.852965 -0.231229 0.916468 -0.326525 3.65264 -19.3326 668.707 
-0.846874 -0.353601 -0.397204 -0.478798 0.181953 0.858863 -0.231422 0.917529 -0.323395 3.76244 -20.743 668.172 
-0.839524 -0.358633 -0.408144 -0.493234 0.188024 0.849334 -0.227857 0.914346 -0.334741 3.7341 -19.3668 667.708 
-0.840784 -0.356392 -0.407513 -0.491561 0.187187 0.850488 -0.226825 0.915394 -0.332572 4.20399 -20.5062 667.312 
-0.844566 -0.359295 -0.397008 -0.484311 0.196368 0.852574 -0.228366 0.91233 -0.339857 5.0827 -20.9772 666.809 
-0.840849 -0.364671 -0.399985 -0.488555 0.193236 0.850867 -0.232994 0.910865 -0.340644 4.58633 -20.694 666.944 
-0.835315 -0.367685 -0.408726 -0.498183 0.191808 0.845591 -0.232513 0.909954 -0.343394 4.18493 -20.4439 666.759 
-0.839249 -0.366794 -0.401402 -0.486715 0.177627 0.855311 -0.242422 0.913187 -0.327598 5.08229 -21.566 667.276 
-0.835115 -0.372929 -0.40436 -0.493142 0.181892 0.850721 -0.243708 0.909856 -0.335808 4.79543 -21.409 667.23 
-0.835727 -0.367719 -0.407851 -0.493681 0.177834 0.851266 -0.240496 0.912775 -0.330157 5.22033 -21.3346 666.988 
-0.837373 -0.369981 -0.402394 -0.492548 0.191433 0.84897 -0.23707 0.909102 -0.342534 5.5148 -21.3927 666.584 
-0.836281 -0.36874 -0.405789 -0.494975 0.189344 0.848026 -0.235867 0.910043 -0.340862 5.27905 -21.2152 666.602 
-0.839743 -0.363041 -0.403774 -0.48954 0.184485 0.852242 -0.234908 0.913327 -0.332643 5.33512 -21.934 666.769 
-0.837939 -0.359486 -0.410644 -0.490915 0.167719 0.854911 -0.238455 0.917954 -0.317015 5.95821 -22.2067 667.388 
-0.830034 -0.358823 -0.426954 -0.504314 0.156015 0.84931 -0.23814 0.920274 -0.310457 5.03926 -21.713 667.336 
-0.82274 -0.388507 -0.414924 -0.512224 0.190282 0.837508 -0.246424 0.901585 -0.355555 4.3267 -19.617 667.411 
-0.823411 -0.388457 -0.413638 -0.510728 0.189672 0.838559 -0.247287 0.901735 -0.354574 4.34878 -20.3951 667.384 
-0.827881 -0.384822 -0.408074 -0.502755 0.186532 0.844063 -0.248694 0.903945 -0.347898 5.37201 -21.6148 667.584 
-0.824859 -0.385702 -0.413331 -0.510674 0.194694 0.83744 -0.242528 0.901847 -0.357563 4.38129 -21.0343 666.953 
-0.81858 -0.396946 -0.415164 -0.515321 0.188257 0.836065 -0.253714 0.898328 -0.358658 4.07302 -19.8777 667.643 
-0.821697 -0.40186 -0.404133 -0.507041 0.191672 0.84034 -0.260237 0.895416 -0.361255 4.23413 -19.3863 668.016 
-0.818016 -0.400711 -0.412651 -0.51433 0.188384 0.836646 -0.257515 0.896628 -0.360198 4.25996 -19.3719 667.576 
-0.818331 -0.39327 -0.419134 -0.517285 0.186123 0.835329 -0.250498 0.900387 -0.355743 4.67381 -20.068 666.761 
-0.817209 -0.397278 -0.417541 -0.51783 0.188064 0.834557 -0.253025 0.898221 -0.35941 4.57593 -19.6484 666.709 
-0.817037 -0.397953 -0.417234 -0.519092 0.192688 0.832715 -0.250985 0.896942 -0.364007 4.97189 -19.6117 666.258 
-0.820178 -0.39587 -0.413032 -0.513627 0.19153 0.836363 -0.251982 0.898111 -0.360418 5.14396 -19.7485 666.046 
-0.824593 -0.385087 -0.414433 -0.51056 0.191029 0.838354 -0.243669 0.902893 -0.354131 5.41578 -19.9676 665.506 
-0.823613 -0.384265 -0.417136 -0.51369 0.19369 0.835827 -0.240383 0.902676 -0.356919 5.46414 -19.4362 665.549 
-0.819936 -0.381119 -0.427145 -0.519976 0.18375 0.834183 -0.239434 0.906081 -0.348836 5.21973 -19.1314 665.627 
-0.819401 -0.379373 -0.42972 -0.521647 0.182739 0.833361 -0.237627 0.907018 -0.347635 5.47232 -19.6603 665.936 
-0.822076 -0.382445 -0.421813 -0.516417 0.188809 0.835264 -0.2398 0.904481 -0.352717 5.50734 -19.0386 666.457 
-0.816359 -0.394861 -0.421478 -0.52426 0.200476 0.827624 -0.242299 0.896602 -0.37067 4.8149 -17.5463 666.821 
-0.823344 -0.38404 -0.417874 -0.514503 0.194272 0.835191 -0.239565 0.902647 -0.357543 5.40212 -18.7209 666.926 
-0.821696 -0.385825 -0.41947 -0.51722 0.195695 0.833179 -0.239372 0.901578 -0.360358 5.00215 -18.712 666.928 
-0.81924 -0.396323 -0.414458 -0.517475 0.199476 0.832123 -0.247114 0.896179 -0.368506 4.27894 -17.967 667.372 
-0.825647 -0.396812 -0.401057 -0.507761 0.212753 0.834815 -0.245938 0.892903 -0.377145 4.45423 -18.9026 667.077 
-0.829746 -0.397854 -0.391451 -0.500957 0.221623 0.836615 -0.246095 0.890278 -0.383199 4.42193 -19.7732 666.959 
-0.833996 -0.397443 -0.38274 -0.491214 0.218861 0.843095 -0.251315 0.891144 -0.377759 4.01472 -20.4362 667.282 
-0.831363 -0.402859 -0.382807 -0.494432 0.221708 0.840466 -0.253717 0.888003 -0.383506 3.07238 -20.8573 667.343 
-0.842476 -0.395487 -0.365822 -0.470869 0.210626 0.856691 -0.261757 0.893995 -0.36367 5.28741 -22.0286 668.503 
-0.841612 -0.39354 -0.369887 -0.474208 0.210667 0.854837 -0.258489 0.894844 -0.36392 4.73397 -21.8876 668.542 
-0.85307 -0.382923 -0.354459 -0.455403 0.214773 0.863991 -0.254713 0.898467 -0.357601 5.09779 -23.4926 668.349 
-0.848498 -0.386298 -0.361698 -0.464529 0.216275 0.858742 -0.253504 0.89666 -0.362955 4.59579 -23.2146 668.554 
-0.858342 -0.383899 -0.340397 -0.44298 0.219747 0.869184 -0.258876 0.896846 -0.358678 7.90628 -24.3541 669.71 
-0.856574 -0.379382 -0.349787 -0.449175 0.214499 0.867313 -0.254013 0.900033 -0.354143 6.97253 -24.3319 669.822 
-0.85064 -0.392159 -0.350176 -0.458206 0.226393 0.859531 -0.257794 0.891604 -0.372269 5.27449 -23.2518 669.984 
-0.845607 -0.39979 -0.35372 -0.465588 0.22825 0.855062 -0.261108 0.887733 -0.379147 4.00578 -23.2009 669.949 
-0.846606 -0.401361 -0.349526 -0.464532 0.236733 0.853328 -0.259747 0.884797 -0.386864 3.80357 -22.9375 669.91 
-0.849634 -0.394076 -0.350466 -0.462091 0.236029 0.854847 -0.254154 0.888253 -0.382637 3.42258 -24.1233 669.485 
-0.845201 -0.395292 -0.359693 -0.461824 0.201459 0.86379 -0.268985 0.896191 -0.352829 2.91311 -24.6195 670.312 
-0.849418 -0.399754 -0.344508 -0.456503 0.229094 0.859721 -0.264751 0.887531 -0.377086 2.75064 -23.8195 670.115 
-0.851804 -0.396767 -0.342063 -0.453294 0.230933 0.860927 -0.262592 0.888395 -0.376562 2.6201 -24.1192 670.123 
-0.846075 -0.401472 -0.350683 -0.462498 0.225753 0.857398 -0.265052 0.887612 -0.376684 1.27268 -23.406 670.106 
-0.84337 -0.405219 -0.35288 -0.455821 0.191786 0.869164 -0.284524 0.893877 -0.346454 1.18051 -24.6623 671.101 
-0.850212 -0.400616 -0.341537 -0.446037 0.203585 0.871553 -0.279625 0.893342 -0.35178 2.15592 -25.2337 670.962 
-0.851316 -0.4003 -0.339148 -0.443718 0.204404 0.872545 -0.279956 0.893297 -0.351632 2.29282 -25.1423 671.08 
-0.851399 -0.404926 -0.333398 -0.439232 0.202977 0.875143 -0.286695 0.891535 -0.350671 1.96317 -25.3851 671.368 
-0.848237 -0.406915 -0.33899 -0.44512 0.200904 0.872643 -0.286986 0.891099 -0.351541 1.64131 -24.4411 671.564 
-0.849978 -0.406007 -0.335702 -0.441183 0.200323 0.874773 -0.287914 0.891644 -0.349394 1.78917 -24.7989 671.612 
-0.852723 -0.408461 -0.325612 -0.43559 0.211972 0.874831 -0.288313 0.887821 -0.358676 2.07705 -24.1029 671.63 
-0.853801 -0.408201 -0.323104 -0.432707 0.211352 0.876411 -0.289462 0.888089 -0.357084 1.97834 -24.3438 671.677 
-0.853756 -0.408149 -0.32329 -0.433718 0.213942 0.875281 -0.288079 0.887493 -0.359676 1.58495 -23.6043 671.658 
-0.851059 -0.409265 -0.328939 -0.440475 0.215493 0.871519 -0.285797 0.886603 -0.363669 1.34067 -21.9621 671.577 
-0.854641 -0.406715 -0.322758 -0.434104 0.218677 0.873919 -0.284855 0.886997 -0.363447 1.81227 -22.564 671.578 
-0.856406 -0.401595 -0.324484 -0.43178 0.212503 0.876589 -0.283079 0.890822 -0.35539 1.66627 -22.5279 671.433 
-0.858231 -0.398736 -0.323186 -0.428702 0.210645 0.878546 -0.28223 0.892546 -0.351721 2.06418 -22.7061 671.231 
-0.859773 -0.397533 -0.320558 -0.424895 0.208648 0.880869 -0.28329 0.893551 -0.3483 2.17194 -23.338 671.19 
-0.857918 -0.399695 -0.322832 -0.426807 0.204623 0.880889 -0.286027 0.893517 -0.346143 1.5951 -22.7001 671 
-0.85677 -0.402497 -0.322399 -0.428999 0.209337 0.878714 -0.286188 0.891164 -0.352025 1.11163 -22.1961 670.665 
-0.856832 -0.40801 -0.315225 -0.424034 0.20983 0.881003 -0.293314 0.888538 -0.352799 1.80201 -22.5169 671.086 
RFing.0_Hand
-0.461729 0.0039796 -0.887012 -0.0039796 0.999971 0.00655795 0.887012 0.00655795 -0.4617 32.7108 -9.73219 -73.4609 
-0.883179 -0.467573 -0.0370342 0.139673 -0.337553 0.930886 -0.447758 0.816966 0.363427 -22.4456 -7.97563 661.652 
-0.886593 -0.461172 -0.0356927 0.143593 -0.347764 0.926521 -0.439697 0.816322 0.374546 -20.0076 -8.12504 661.875 
-0.88496 -0.464739 -0.0294085 0.148162 -0.340878 0.928359 -0.441469 0.817203 0.37052 -21.7384 -8.07817 661.369 
-0.883071 -0.468336 -0.0291306 0.1555 -0.350646 0.923508 -0.442726 0.810993 0.382471 -18.5182 -8.85146 662.125 
-0.882974 -0.468135 -0.0347413 0.150739 -0.35285 0.923458 -0.444561 0.810153 0.382124 -17.2351 -8.29797 662.287 
-0.879057 -0.475381 -0.0356591 0.159009 -0.362906 0.918159 -0.449416 0.801444 0.394605 -20.6952 -7.76972 661.636 
-0.879763 -0.475359 -0.00725882 0.178851 -0.345077 0.921377 -0.440489 0.809294 0.388604 -16.3465 -9.49497 661.689 
-0.881682 -0.470801 -0.0313786 0.153522 -0.349117 0.924418 -0.446171 0.810225 0.380088 -19.5558 -7.82045 661 
-0.879785 -0.474532 -0.0282446 0.157922 -0.347797 0.924175 -0.448373 0.808615 0.380925 -19.1576 -7.81416 660.79 
-0.882896 -0.468898 -0.0251169 0.152227 -0.336412 0.92933 -0.44421 0.816678 0.368395 -18.7315 -7.91378 660.219 
-0.88186 -0.470266 -0.034267 0.145212 -0.340011 0.929143 -0.448595 0.814397 0.36813 -16.5617 -7.78748 660.489 
-0.880844 -0.472242 -0.0331957 0.14882 -0.342786 0.927551 -0.449407 0.812088 0.37222 -15.608 -7.85939 660.37 
-0.874334 -0.484585 -0.026816 0.163756 -0.346575 0.923618 -0.456864 0.803159 0.382376 -14.7056 -7.94775 660.631 
-0.864165 -0.503209 3.30676e-05 0.192456 -0.330447 0.923995 -0.464951 0.79849 0.382406 -14.3235 -9.26634 660.589 
-0.863156 -0.504926 0.00353189 0.191723 -0.321259 0.927381 -0.467124 0.801151 0.374102 -13.2999 -9.90923 660.807 
-0.86279 -0.505216 -0.0187355 0.174056 -0.331633 0.927213 -0.474656 0.796729 0.374065 -13.3966 -9.52703 661.379 
-0.863374 -0.503405 -0.034209 0.157688 -0.333605 0.929431 -0.479292 0.797052 0.367407 -13.2311 -9.19271 661.674 
-0.865405 -0.499882 -0.0345485 0.146616 -0.31855 0.936499 -0.479144 0.805385 0.348965 -13.7949 -9.31114 661.702 
-0.862791 -0.504356 -0.0348967 0.141908 -0.307853 0.940792 -0.485236 0.806754 0.337185 -13.4095 -9.77396 661.771 
-0.861975 -0.505283 -0.0411005 0.130231 -0.299058 0.945307 -0.489938 0.809478 0.323583 -13.462 -9.58165 661.861 
-0.864659 -0.501161 -0.0347009 0.134383 -0.297305 0.945278 -0.484053 0.81268 0.324415 -13.2017 -10.3596 662.041 
-0.860763 -0.508019 -0.0316897 0.131322 -0.281794 0.950446 -0.491774 0.813947 0.309272 -12.9487 -11.3554 662.185 
-0.859597 -0.509309 -0.0412109 0.116611 -0.274057 0.954618 -0.497489 0.815781 0.294969 -12.8997 -11.0197 662.238 
-0.855242 -0.515783 -0.0503091 0.113864 -0.281731 0.952714 -0.505566 0.809072 0.299677 -12.583 -10.7608 663.071 
-0.856521 -0.513948 -0.0472131 0.114011 -0.277635 0.953898 -0.503362 0.811651 0.296396 -12.5562 -11.2302 663.168 
-0.86154 -0.505662 -0.0453413 0.11797 -0.286257 0.950863 -0.493794 0.813857 0.306275 -12.4193 -11.7307 663.603 
-0.864136 -0.500966 -0.0479964 0.112765 -0.28569 0.951665 -0.490463 0.816955 0.303366 -12.4323 -12.1756 664.194 
-0.862962 -0.50366 -0.0402991 0.112601 -0.269454 0.956408 -0.492562 0.820806 0.289241 -12.8243 -11.9457 664.494 
-0.86821 -0.49431 -0.0432297 0.10771 -0.272792 0.956025 -0.484365 0.825374 0.290083 -12.6831 -12.4984 664.673 
-0.869838 -0.49088 -0.0491811 0.11197 -0.293529 0.94937 -0.480463 0.820292 0.310286 -12.4898 -13.6385 665.289 
-0.871366 -0.488962 -0.0404725 0.12081 -0.293778 0.948209 -0.475528 0.821347 0.315059 -12.8146 -13.8563 665.214 
-0.872023 -0.487312 -0.0458659 0.115557 -0.296027 0.948164 -0.475629 0.821521 0.314454 -12.2738 -14.5907 665.445 
-0.872104 -0.486204 -0.0551374 0.106954 -0.299365 0.948126 -0.477489 0.820967 0.313078 -12.649 -14.7271 665.317 
-0.869926 -0.490277 -0.0534533 0.109498 -0.297686 0.948364 -0.480873 0.819153 0.312649 -12.4681 -15.4461 665.297 
-0.869139 -0.491965 -0.0506911 0.11438 -0.299665 0.947163 -0.481161 0.817418 0.316721 -12.9891 -16.0224 664.95 
-0.87105 -0.487928 -0.0565505 0.108745 -0.303831 0.9465 -0.479005 0.818299 0.317712 -12.3949 -15.8687 664.568 
-0.873313 -0.482981 -0.0636755 0.103509 -0.311687 0.94453 -0.476037 0.818279 0.322193 -11.8666 -16.2861 664.203 
-0.875617 -0.480548 -0.0486626 0.115973 -0.306976 0.944625 -0.468876 0.821486 0.324524 -11.7248 -17.4929 663.701 
-0.884424 -0.462248 -0.0641995 0.0947429 -0.312544 0.945167 -0.456966 0.829846 0.320216 -11.7841 -16.3856 663.158 
-0.886785 -0.458559 -0.0577608 0.101087 -0.314382 0.943899 -0.450992 0.831197 0.325144 -11.3191 -17.4936 662.799 
-0.893204 -0.448061 -0.0377954 0.10318 -0.286046 0.952645 -0.437654 0.847006 0.301728 -10.3846 -17.8335 662.194 
-0.880915 -0.470394 -0.0521407 0.1064 -0.304189 0.946651 -0.461159 0.828371 0.318015 -10.8756 -17.6278 662.26 
-0.884623 -0.462179 -0.0619189 0.0983642 -0.314751 0.944064 -0.455815 0.82905 0.323897 -11.3041 -17.5565 662.051 
-0.872747 -0.483881 -0.0646026 0.109132 -0.322374 0.940301 -0.475819 0.813594 0.334157 -10.3784 -18.461 662.614 
-0.872473 -0.484999 -0.0597358 0.110122 -0.314239 0.942936 -0.476094 0.816107 0.327574 -10.656 -18.4243 662.459 
-0.881345 -0.46678 -0.0731264 0.0877773 -0.313845 0.945408 -0.464248 0.826812 0.317579 -10.2649 -18.359 662.323 
-0.888576 -0.456635 -0.0438035 0.104007 -0.293546 0.95027 -0.446784 0.839831 0.308331 -9.93886 -18.4 661.826 
-0.886251 -0.46033 -0.0515382 0.0936483 -0.287031 0.953333 -0.453641 0.840065 0.297491 -10.1937 -18.2669 661.879 
-0.886471 -0.460816 -0.0426488 0.112223 -0.303457 0.946214 -0.448972 0.834004 0.32072 -10.1491 -18.883 662.149 
-0.87987 -0.466332 -0.0914601 0.0804728 -0.335893 0.938457 -0.468352 0.818359 0.333069 -9.56767 -19.1782 662.895 
-0.881268 -0.463692 -0.0914202 0.0879503 -0.350955 0.932253 -0.464362 0.813524 0.350067 -10.5552 -18.9345 662.92 
-0.881242 -0.466258 -0.0775675 0.0663458 -0.284501 0.956378 -0.467987 0.837653 0.281648 -11.1092 -16.9934 662.385 
-0.885256 -0.457572 -0.0833736 0.0647734 -0.298801 0.952115 -0.460573 0.837465 0.294153 -11.0821 -17.743 662.357 
-0.879658 -0.47033 -0.070657 0.0810353 -0.294606 0.952177 -0.468653 0.831864 0.297265 -10.0503 -18.8112 662.614 
-0.885798 -0.458426 -0.072171 0.0731736 -0.291543 0.953755 -0.458267 0.839553 0.291792 -11.0593 -18.3832 661.956 
-0.880865 -0.469154 -0.0630279 0.0840086 -0.28597 0.954549 -0.465854 0.835534 0.291314 -11.3296 -17.3121 662.486 
-0.873105 -0.475943 -0.105676 0.0417051 -0.288874 0.956458 -0.485746 0.830681 0.272067 -11.1028 -16.6652 662.745 
-0.872514 -0.47557 -0.112042 0.038567 -0.295638 0.954521 -0.487065 0.828512 0.27629 -11.1169 -16.7875 662.352 
-0.879259 -0.466312 -0.0972493 0.0559721 -0.303884 0.951064 -0.473045 0.830788 0.293293 -10.7597 -17.539 661.68 
-0.874918 -0.474029 -0.0990732 0.056937 -0.303855 0.951016 -0.480912 0.82642 0.292838 -10.8348 -17.1304 661.554 
-0.879567 -0.466772 -0.0921197 0.0575992 -0.296665 0.953243 -0.472276 0.833135 0.287823 -10.4348 -17.1197 661.078 
-0.878321 -0.469381 -0.0907433 0.0600042 -0.296547 0.953132 -0.474291 0.83171 0.288628 -10.2545 -17.1521 660.893 
-0.88399 -0.459995 -0.0834671 0.0666311 -0.300681 0.951394 -0.462733 0.835462 0.296449 -10.0317 -17.3128 660.532 
-0.883037 -0.461777 -0.0837181 0.0619507 -0.291523 0.954556 -0.465197 0.837721 0.286033 -9.99744 -16.8419 660.587 
-0.882841 -0.458409 -0.102239 0.0493042 -0.306935 0.950453 -0.467077 0.834058 0.293576 -10.2934 -16.6528 660.767 
-0.880836 -0.465102 -0.0883624 0.0693968 -0.31148 0.947716 -0.468307 0.82865 0.306639 -10.0573 -17.2133 661.113 
-0.882287 -0.462559 -0.0872303 0.0700828 -0.312337 0.947383 -0.465465 0.829751 0.307988 -9.97991 -16.494 661.549 
-0.881852 -0.461482 -0.0968146 0.0480993 -0.29229 0.95512 -0.469068 0.837617 0.279953 -10.6212 -15.1569 661.68 
-0.88201 -0.464288 -0.0805964 0.0710322 -0.300073 0.951268 -0.465846 0.833303 0.297647 -10.0633 -16.1422 661.967 
-0.881649 -0.46393 -0.0863995 0.0655234 -0.30166 0.951162 -0.467335 0.832929 0.296356 -10.4626 -16.1857 661.941 
-0.875801 -0.473623 -0.0930302 0.0598099 -0.297744 0.952771 -0.478953 0.828873 0.289091 -11.1234 -15.4474 662.192 
-0.874387 -0.478382 -0.0812361 0.0622725 -0.276666 0.958947 -0.481217 0.833431 0.271703 -10.8906 -16.2066 661.816 
-0.87332 -0.484691 -0.048861 0.0931004 -0.264514 0.959878 -0.478168 0.833731 0.27613 -10.8768 -16.9554 661.627 
-0.866822 -0.496541 -0.0454689 0.0988725 -0.260548 0.960385 -0.488717 0.827987 0.274943 -11.2462 -17.4339 661.944 
-0.861505 -0.506029 -0.0417737 0.1047 -0.257547 0.960577 -0.496838 0.823168 0.274859 -12.1667 -17.9172 661.908 
-0.853519 -0.519231 -0.0436509 0.123139 -0.282398 0.951362 -0.506303 0.80663 0.304969 -9.90068 -18.6449 663.184 
-0.852987 -0.520026 -0.0445863 0.123209 -0.283634 0.950985 -0.507182 0.805684 0.306008 -10.4816 -18.5651 663.264 
-0.855015 -0.517867 -0.027635 0.141147 -0.283653 0.948482 -0.499026 0.807066 0.315623 -10.081 -19.8301 663.191 
-0.852883 -0.521134 -0.0317941 0.140684 -0.288033 0.94723 -0.502791 0.803403 0.318974 -10.6072 -19.7187 663.353 
-0.860057 -0.508856 -0.0369789 0.129835 -0.288386 0.948671 -0.493401 0.81111 0.314096 -7.19474 -20.4714 664.485 
-0.84186 -0.537548 -0.048109 0.134724 -0.295636 0.945753 -0.52261 0.78971 0.321304 -8.19489 -20.557 664.712 
-0.840926 -0.539716 -0.0393829 0.129792 -0.27181 0.953559 -0.525355 0.796761 0.298623 -9.84734 -19.6481 664.621 
-0.838945 -0.542003 -0.0490341 0.121656 -0.274599 0.953832 -0.530444 0.794247 0.296312 -11.1045 -19.733 664.465 
-0.844685 -0.533269 -0.0461795 0.109933 -0.257271 0.960066 -0.523854 0.805876 0.275936 -11.2788 -19.4576 664.358 
-0.842351 -0.537909 -0.0331639 0.125827 -0.256131 0.958418 -0.524035 0.803151 0.283436 -11.6934 -20.5983 664.054 
-0.830654 -0.553815 -0.0574802 0.126814 -0.2887 0.948984 -0.542156 0.780988 0.310041 -12.2453 -21.0662 665.02 
-0.834049 -0.549828 -0.0453149 0.116918 -0.256432 0.959465 -0.53916 0.794942 0.278161 -12.3118 -20.1872 664.606 
-0.83368 -0.550858 -0.0391521 0.125143 -0.257495 0.958142 -0.537881 0.793884 0.283605 -12.4412 -20.4303 664.649 
-0.831519 -0.553911 -0.0419434 0.126532 -0.262387 0.956631 -0.540894 0.79015 0.288267 -13.8152 -19.8799 664.598 
-0.821041 -0.567743 -0.0596614 0.135943 -0.295951 0.94548 -0.554446 0.768168 0.320169 -13.9035 -20.9965 665.675 
-0.822539 -0.567095 -0.0428252 0.146984 -0.284728 0.947273 -0.549386 0.772874 0.317554 -12.8874 -21.3967 665.541 
-0.822639 -0.56733 -0.0374509 0.15344 -0.284952 0.946181 -0.547468 0.772619 0.321463 -12.739 -21.2642 665.656 
-0.822177 -0.568007 -0.0373309 0.150641 -0.280355 0.948002 -0.548938 0.773802 0.316067 -13.019 -21.4262 665.866 
-0.820527 -0.569523 -0.0487821 0.145997 -0.291322 0.945419 -0.552648 0.76862 0.322186 -13.363 -20.5865 666.049 
-0.821103 -0.569146 -0.0431837 0.147261 -0.284333 0.947349 -0.551457 0.771511 0.31728 -13.2012 -20.8737 666.108 
-0.823695 -0.565718 -0.0385967 0.141803 -0.271416 0.951959 -0.549016 0.778651 0.303785 -12.8478 -20.0838 666.017 
-0.8197 -0.571944 -0.0312014 0.153398 -0.271677 0.950085 -0.551871 0.773998 0.310429 -12.9336 -20.2732 666.066 
-0.822603 -0.567568 -0.0345265 0.145146 -0.268301 0.952338 -0.54978 0.778384 0.303085 -13.3282 -19.5531 666.037 
-0.826483 -0.56142 -0.0416512 0.139463 -0.275864 0.951026 -0.545415 0.780197 0.306294 -13.5994 -18.032 665.941 
-0.825703 -0.563273 -0.0306309 0.147264 -0.267656 0.952194 -0.544543 0.781719 0.303954 -13.1037 -18.5224 665.958 
-0.825854 -0.563163 -0.0285214 0.153734 -0.273533 0.949498 -0.542523 0.779762 0.312476 -13.2798 -18.4415 665.926 
-0.826463 -0.562427 -0.0252234 0.157981 -0.274683 0.948468 -0.540372 0.779889 0.315868 -12.8858 -18.5642 665.776 
-0.826455 -0.56254 -0.0228655 0.162247 -0.276863 0.947113 -0.539119 0.779036 0.320085 -12.7678 -19.128 665.759 
-0.826515 -0.562387 -0.0243763 0.16534 -0.283932 0.944482 -0.538085 0.776598 0.327659 -13.3491 -18.5218 665.557 
-0.827365 -0.561107 -0.0250553 0.156376 -0.272967 0.949229 -0.539458 0.78144 0.313587 -13.8191 -18.0588 665.154 
-0.823052 -0.567544 -0.0219342 0.157496 -0.265165 0.951253 -0.545694 0.779476 0.30763 -13.0658 -18.2923 665.472 
RFing.0_0
-0.546612 -0.125744 -0.827891 0.125744 0.965126 -0.229609 0.827891 -0.229609 -0.511738 0.327304 -10.0113 -11.2501 
-0.911694 -0.397847 -0.102624 -0.0621572 -0.113348 0.991609 -0.40614 0.910423 0.07861 -84.3875 1.82035 630.249 
-0.91159 -0.398108 -0.102542 -0.0549001 -0.129309 0.990083 -0.407418 0.90818 0.0960217 -82.189 1.94588 631.037 
-0.909788 -0.403139 -0.0988195 -0.0542357 -0.120577 0.991221 -0.411515 0.907161 0.0878362 -83.8051 2.31321 630.407 
-0.907109 -0.409003 -0.0993489 -0.047601 -0.134838 0.989724 -0.418195 0.902516 0.102845 -80.4525 2.05455 631.074 
-0.909967 -0.40118 -0.104954 -0.0549861 -0.13413 0.989437 -0.411019 0.906126 0.0999953 -79.1626 2.27417 631.108 
-0.906202 -0.402821 -0.128581 -0.0756622 -0.144707 0.986578 -0.41602 0.903768 0.100656 -82.3481 3.38238 630.116 
-0.911923 -0.399087 -0.0955338 -0.0465909 -0.130608 0.990339 -0.407708 0.907563 0.100511 -78.0488 3.04882 630.795 
-0.910483 -0.397878 -0.112761 -0.0661468 -0.129046 0.98943 -0.408223 0.908318 0.0911764 -81.3927 2.94682 629.708 
-0.909397 -0.402006 -0.106716 -0.059454 -0.128299 0.989952 -0.411657 0.906604 0.0927747 -80.8615 3.26172 629.344 
-0.910625 -0.399613 -0.105218 -0.0646133 -0.113798 0.991401 -0.40815 0.909593 0.0778082 -80.6535 2.76268 629.064 
-0.908109 -0.40621 -0.101642 -0.0574797 -0.119511 0.991168 -0.414769 0.905931 0.0851813 -78.4111 2.39698 629.026 
-0.908633 -0.409697 -0.0808398 -0.0305143 -0.127929 0.991314 -0.416479 0.903207 0.103739 -77.3862 2.57811 628.851 
-0.90431 -0.424665 -0.0433979 0.0155975 -0.134468 0.990795 -0.426591 0.895309 0.128226 -76.0272 3.53729 628.588 
-0.897794 -0.439427 0.0295078 0.0939426 -0.125616 0.987621 -0.43028 0.889452 0.154059 -74.9318 4.23163 627.979 
-0.893012 -0.444968 0.0673296 0.132956 -0.117927 0.984081 -0.429944 0.887748 0.164472 -73.8375 3.53733 628.045 
-0.888748 -0.452017 0.0762094 0.150254 -0.130195 0.980037 -0.433071 0.882457 0.183629 -73.9085 2.68046 628.089 
-0.889135 -0.45146 0.0749896 0.148844 -0.130323 0.980235 -0.432763 0.882723 0.183073 -73.7839 1.86675 628.058 
-0.883253 -0.454442 0.11553 0.185127 -0.111602 0.976357 -0.430803 0.883758 0.182703 -74.4902 0.971816 628.097 
-0.873483 -0.46718 0.137006 0.207183 -0.102036 0.972966 -0.44057 0.878255 0.185919 -73.9215 0.178789 627.739 
-0.865056 -0.478307 0.151329 0.221478 -0.093453 0.970677 -0.450139 0.873206 0.186777 -73.9168 -0.447861 627.499 
-0.85598 -0.486342 0.175415 0.248973 -0.0904031 0.964282 -0.453111 0.86908 0.19847 -73.8447 -0.934593 628.092 
-0.846161 -0.498259 0.189077 0.260503 -0.0771965 0.962382 -0.464918 0.863585 0.195119 -73.3184 -2.14508 627.694 
-0.845794 -0.501299 0.182571 0.248541 -0.0674288 0.966271 -0.472079 0.862643 0.181625 -73.1876 -2.84117 627.347 
-0.838629 -0.510934 0.188808 0.266058 -0.0817679 0.960483 -0.475304 0.855723 0.204512 -72.5655 -2.77494 627.613 
-0.835491 -0.516895 0.186482 0.26005 -0.072972 0.962834 -0.484075 0.852933 0.195387 -72.6285 -3.23398 627.865 
-0.830617 -0.525597 0.183911 0.262002 -0.0774541 0.961954 -0.491355 0.847201 0.202043 -72.8436 -3.45687 628.971 
-0.823846 -0.538301 0.177513 0.255637 -0.0733533 0.963986 -0.505892 0.839555 0.198042 -73.0386 -4.2668 629.795 
-0.802718 -0.564813 0.191393 0.261674 -0.0451991 0.964097 -0.535883 0.823981 0.18408 -73.3483 -4.04836 629.948 
-0.796715 -0.576606 0.18103 0.250106 -0.0418851 0.967312 -0.550175 0.815948 0.177584 -73.5751 -4.94417 630.702 
-0.787215 -0.594842 0.162654 0.244764 -0.059295 0.967768 -0.566023 0.801653 0.192275 -73.4961 -5.78546 631.592 
-0.772513 -0.610662 0.174117 0.257685 -0.050865 0.964889 -0.580364 0.790256 0.196653 -73.928 -5.38327 631.863 
-0.764547 -0.625104 0.157206 0.238774 -0.0481257 0.969882 -0.59871 0.779057 0.186054 -73.4333 -6.48607 632.087 
-0.751995 -0.641486 0.151656 0.237466 -0.0490155 0.970158 -0.614909 0.765567 0.189192 -73.8142 -7.22584 631.828 
-0.741789 -0.654325 0.146999 0.234711 -0.0479698 0.970881 -0.628219 0.754691 0.189161 -73.4805 -7.76644 631.571 
-0.7277 -0.670311 0.145383 0.22627 -0.0345112 0.973453 -0.647498 0.741278 0.176786 -73.9463 -8.0004 631.204 
-0.723568 -0.678186 0.128505 0.208542 -0.037315 0.977301 -0.657996 0.733943 0.168431 -73.4862 -8.2418 630.973 
-0.727517 -0.676547 0.114038 0.19302 -0.0423272 0.980281 -0.658379 0.735183 0.161382 -73.1165 -9.02644 630.816 
-0.720113 -0.68071 0.134429 0.216469 -0.0363319 0.975613 -0.659225 0.731652 0.173517 -73.1363 -9.35911 630.816 
-0.636695 -0.763471 0.108321 0.211857 -0.0381237 0.976557 -0.741442 0.644717 0.18602 -73.8133 -9.74078 631.108 
-0.637509 -0.762038 0.113497 0.22047 -0.0392853 0.974602 -0.738224 0.64634 0.193052 -73.5139 -10.4039 631.168 
-0.721876 -0.676802 0.14434 0.15637 0.0436539 0.986733 -0.674124 0.73487 0.0743201 -73.0296 -10.597 631.499 
-0.66725 -0.734735 0.12224 0.175242 0.00465007 0.984514 -0.723925 0.678339 0.125654 -72.6588 -10.1653 629.916 
-0.710554 -0.694741 0.111571 0.18175 -0.0280331 0.982945 -0.679764 0.718714 0.146189 -73.3473 -10.6577 630.082 
-0.633269 -0.766321 0.10828 0.197708 -0.0249169 0.979944 -0.748252 0.641976 0.167288 -71.5887 -10.807 629.242 
-0.609824 -0.782516 0.125639 0.203787 -0.0016253 0.979014 -0.765889 0.622629 0.160458 -71.847 -10.7009 629.069 
-0.747459 -0.653032 0.121878 0.150368 0.0123859 0.988552 -0.647065 0.757229 0.0889382 -72.0781 -12.2027 629.763 
-0.81251 -0.561061 0.158236 0.17485 0.0243873 0.984293 -0.556107 0.827415 0.0782876 -72.2593 -11.1054 630.49 
-0.854509 -0.491834 0.167076 0.179174 0.0228171 0.983553 -0.487556 0.87039 0.0686273 -72.351 -11.6988 630.062 
-0.885156 -0.415061 0.210292 0.248325 -0.0391954 0.967883 -0.393488 0.908949 0.137765 -72.3219 -11.0122 630.66 
-0.91604 -0.367617 0.160401 0.209472 -0.0974492 0.972946 -0.34204 0.924858 0.166274 -71.2775 -13.5342 630.047 
-0.915369 -0.344968 0.207599 0.273348 -0.153912 0.949522 -0.295602 0.92591 0.235184 -72.3631 -12.7661 630.351 
-0.902699 -0.346383 0.255252 0.287319 -0.043672 0.956839 -0.320285 0.937076 0.138946 -72.9153 -12.3402 629.562 
-0.912351 -0.335986 0.233942 0.271167 -0.0678087 0.96014 -0.306729 0.939423 0.152974 -73.1697 -13.2 630.055 
-0.898133 -0.369811 0.237904 0.276014 -0.0529537 0.959693 -0.342306 0.927597 0.149633 -71.7452 -13.1278 629.745 
-0.902409 -0.371883 0.217626 0.253981 -0.0510907 0.965859 -0.348067 0.926873 0.140557 -73.1848 -13.2511 629.815 
-0.87777 -0.395382 0.270544 0.307374 -0.0316138 0.951063 -0.36748 0.917973 0.149281 -73.1092 -11.4201 629.813 
-0.871512 -0.448743 0.197728 0.235528 -0.0293887 0.971423 -0.430107 0.893178 0.131305 -72.3381 -13.7402 628.677 
-0.855939 -0.489697 0.166033 0.200127 -0.0176623 0.979611 -0.476779 0.871714 0.11312 -72.3108 -14.0826 628.192 
-0.853909 -0.49485 0.161134 0.19877 -0.0239674 0.979753 -0.480968 0.868648 0.118828 -72.4267 -13.6133 628.503 
-0.846083 -0.512162 0.147761 0.184254 -0.0208838 0.982657 -0.500193 0.858635 0.112038 -72.1973 -13.1371 627.825 
-0.835977 -0.529346 0.144697 0.175864 -0.00865727 0.984376 -0.519822 0.848363 0.100331 -72.1234 -13.0799 627.955 
-0.822034 -0.552117 0.139384 0.169069 -0.00290427 0.9856 -0.543761 0.833762 0.095734 -71.8557 -12.9436 627.628 
-0.82363 -0.549854 0.138907 0.166227 0.000118614 0.986087 -0.54222 0.835261 0.0913037 -72.0305 -12.6396 628.079 
-0.815837 -0.561473 0.138414 0.164422 0.00425251 0.986381 -0.554414 0.827484 0.0888498 -71.9294 -12.4969 627.96 
-0.808685 -0.575405 0.122224 0.161683 -0.0176477 0.986685 -0.565586 0.817679 0.107306 -72.2116 -13.1948 628.009 
-0.798915 -0.586824 0.131807 0.171758 -0.0125811 0.985059 -0.576397 0.809617 0.110844 -71.8349 -12.3461 628.269 
-0.799935 -0.58548 0.131601 0.169586 -0.0101975 0.985463 -0.575626 0.810623 0.107447 -71.8593 -11.5787 628.904 
-0.797501 -0.591486 0.118901 0.141413 0.00832593 0.989916 -0.58651 0.806273 0.077005 -72.47 -11.7835 628.782 
-0.793606 -0.593796 0.132653 0.163411 0.00199538 0.986556 -0.586076 0.804614 0.0954503 -71.9232 -11.1604 629.295 
-0.790645 -0.598921 0.127181 0.156288 0.00342046 0.987705 -0.591992 0.800801 0.0909008 -72.2972 -11.5901 629.165 
-0.774938 -0.619919 0.123174 0.147086 0.012649 0.989043 -0.614683 0.784564 0.0813803 -72.5479 -11.2526 628.601 
-0.772904 -0.618496 0.141713 0.157629 0.0291812 0.987067 -0.614631 0.785247 0.0749395 -72.2158 -11.8391 628.065 
-0.787249 -0.595701 0.15931 0.152369 0.0624194 0.986351 -0.597513 0.800778 0.0416277 -72.1272 -10.4258 628.091 
-0.779409 -0.604076 0.166176 0.166165 0.0564274 0.984482 -0.604078 0.794927 0.0563972 -72.0409 -10.4994 627.667 
-0.780062 -0.600119 0.177092 0.176096 0.0610261 0.982479 -0.600411 0.79758 0.0580754 -72.5885 -10.5741 627.062 
-0.667378 -0.725775 0.166908 0.195612 0.0454146 0.979629 -0.71857 0.686432 0.111663 -69.7624 -10.0085 627.675 
-0.626914 -0.761978 0.162386 0.186961 0.0552013 0.980815 -0.756323 0.645246 0.107855 -70.306 -9.92384 627.693 
-0.624462 -0.760966 0.17601 0.204093 0.0585418 0.977199 -0.753918 0.646146 0.118752 -70.0476 -9.93072 628.192 
-0.628224 -0.757668 0.176847 0.214238 0.0500543 0.975498 -0.747955 0.650718 0.130877 -70.4243 -9.85173 628.089 
-0.835565 -0.510196 0.203793 0.220799 0.0278145 0.974923 -0.503069 0.859609 0.0894107 -67.515 -11.3654 629.881 
-0.829574 -0.524778 0.19083 0.242696 -0.0310693 0.969605 -0.502897 0.850672 0.153137 -67.2389 -11.1081 628.059 
-0.820039 -0.535719 0.201351 0.23852 -0.000106039 0.971137 -0.520234 0.844397 0.127868 -68.8258 -10.5451 627.776 
-0.809444 -0.544674 0.21939 0.268884 -0.0116608 0.963102 -0.522017 0.838567 0.155893 -69.944 -11.2006 627.263 
-0.803854 -0.544392 0.239702 0.283353 0.0038604 0.959008 -0.523 0.838823 0.151153 -70.5209 -11.7474 627.617 
-0.794304 -0.549279 0.259565 0.303806 0.0108602 0.952672 -0.5261 0.835569 0.158249 -70.7718 -11.7734 627.301 
-0.792911 -0.562337 0.23467 0.300337 -0.0255802 0.95349 -0.530179 0.826513 0.189174 -70.5033 -12.1721 626.996 
-0.79031 -0.556974 0.255326 0.306078 0.00210771 0.952004 -0.530779 0.830528 0.168813 -70.808 -11.9871 626.792 
-0.784318 -0.562836 0.260884 0.309327 0.00971067 0.950906 -0.537737 0.826512 0.166485 -70.9115 -11.6533 626.925 
-0.780246 -0.571394 0.254413 0.304695 0.00799778 0.952416 -0.546239 0.820637 0.167861 -72.1339 -11.0055 626.662 
-0.776657 -0.583404 0.237581 0.311092 -0.0272761 0.949988 -0.547746 0.811724 0.202678 -71.4874 -11.4621 626.788 
-0.78252 -0.574999 0.23883 0.301249 -0.0139523 0.953443 -0.544896 0.818036 0.184137 -70.5763 -11.0879 627.01 
-0.778138 -0.576985 0.248174 0.312647 -0.0131254 0.949778 -0.544749 0.81665 0.190607 -70.4349 -10.5026 627.259 
-0.780221 -0.571997 0.253132 0.315479 -0.0104079 0.948875 -0.540118 0.82019 0.188574 -70.6825 -10.861 627.366 
-0.777837 -0.57705 0.248964 0.321796 -0.0254198 0.946467 -0.539829 0.816314 0.205466 -70.9109 -10.3469 627.289 
-0.779856 -0.570261 0.258124 0.326676 -0.0190219 0.944945 -0.533955 0.821244 0.201126 -70.7893 -10.5455 627.431 
-0.785021 -0.565473 0.252948 0.307208 -0.000793819 0.951642 -0.537926 0.824767 0.174342 -70.6179 -10.1384 627.511 
-0.77506 -0.572619 0.26719 0.329257 -0.00507423 0.944227 -0.539326 0.819806 0.192472 -70.4233 -9.5146 627.361 
-0.780538 -0.565872 0.265612 0.325228 -0.00474292 0.945623 -0.533842 0.82448 0.187741 -71.0216 -9.3732 627.478 
-0.786529 -0.561211 0.25771 0.31444 -0.00477745 0.949265 -0.531506 0.827659 0.180226 -71.5649 -8.25075 627.689 
-0.784933 -0.555056 0.275306 0.332185 -0.0019314 0.943212 -0.523003 0.831811 0.185898 -71.0145 -8.19405 627.766 
-0.788259 -0.55248 0.270951 0.330548 -0.00877465 0.943748 -0.519023 0.833481 0.189538 -71.2012 -7.65934 627.876 
-0.789945 -0.549122 0.272861 0.333128 -0.0107342 0.94282 -0.514793 0.835674 0.191408 -70.8499 -7.48423 627.877 
-0.790754 -0.546371 0.27602 0.337435 -0.0128502 0.941261 -0.51073 0.837445 0.194527 -70.7313 -7.74875 627.948 
-0.790903 -0.541864 0.284355 0.35103 -0.0211098 0.936126 -0.501249 0.840202 0.206907 -71.3169 -6.92566 627.819 
-0.798883 -0.531147 0.282257 0.341621 -0.0144438 0.939726 -0.495055 0.847157 0.192991 -71.8465 -7.09136 627.319 
-0.794002 -0.534636 0.289355 0.347245 -0.00818149 0.937739 -0.498981 0.845043 0.192146 -70.7907 -7.2463 627.2 
RFing.0_1
-0.569149 -0.152693 -0.807932 0.152693 0.945886 -0.28633 0.807932 -0.28633 -0.515035 -15.2298 -6.43251 12.3125 
-0.913023 -0.402873 -0.0638916 -0.0445626 -0.0571808 0.997369 -0.405467 0.913468 0.0342542 -110.336 0.0511936 618.689 
-0.912901 -0.403164 -0.0637999 -0.0373207 -0.0732057 0.996618 -0.406471 0.912196 0.0517832 -108.134 0.383262 619.441 
-0.912565 -0.404576 -0.0595248 -0.0365482 -0.0642871 0.997262 -0.407295 0.912243 0.0438797 -109.699 0.769509 618.695 
-0.911433 -0.407129 -0.0594687 -0.02994 -0.078525 0.996462 -0.410358 0.90999 0.0593808 -106.27 0.699674 619.172 
-0.916639 -0.394399 -0.0649822 -0.0372545 -0.0775663 0.996291 -0.397976 0.91566 0.0564072 -105.062 0.709109 619.41 
-0.91368 -0.396687 -0.0884803 -0.0581076 -0.0879668 0.994427 -0.40226 0.91373 0.0573228 -108.14 1.22885 618.276 
-0.917331 -0.394185 -0.0558795 -0.0288432 -0.0741867 0.996827 -0.39708 0.916033 0.0566841 -104.003 1.72269 619.191 
-0.9173 -0.391459 -0.0729456 -0.0483493 -0.0723396 0.996207 -0.395252 0.917348 0.0474303 -107.306 1.06411 618.09 
-0.917818 -0.391418 -0.0663519 -0.0415617 -0.0714796 0.996576 -0.394821 0.917433 0.0493372 -106.744 1.5695 617.627 
-0.919794 -0.387015 -0.0647958 -0.0463838 -0.0567364 0.997311 -0.389651 0.920327 0.0342345 -106.571 0.923621 617.448 
-0.918209 -0.391416 -0.0607186 -0.039302 -0.0625044 0.997271 -0.394143 0.918089 0.0420087 -104.257 0.760943 617.222 
-0.918615 -0.393155 -0.0396958 -0.0125072 -0.0714772 0.997364 -0.394956 0.91669 0.0607427 -103.247 1.70955 616.998 
-0.911987 -0.410214 -0.00193268 0.0333849 -0.0789148 0.996322 -0.408858 0.908569 0.0856642 -101.765 3.98114 616.447 
-0.906791 -0.415376 0.0720569 0.111895 -0.0723468 0.991083 -0.406459 0.906769 0.112082 -100.484 6.90529 615.733 
-0.901773 -0.417947 0.110115 0.151015 -0.0659687 0.986328 -0.404969 0.906073 0.122605 -99.2539 7.32136 615.808 
-0.897789 -0.423947 0.119351 0.167932 -0.078995 0.982628 -0.407154 0.902236 0.142115 -99.2035 6.95682 615.763 
-0.898024 -0.423805 0.118077 0.16652 -0.0790092 0.982868 -0.407215 0.902302 0.141524 -99.09 6.10299 615.741 
-0.889975 -0.427641 0.158327 0.203065 -0.0607831 0.977277 -0.4083 0.901903 0.140934 -99.6289 6.24072 615.836 
-0.878871 -0.441767 0.180076 0.225142 -0.0512976 0.972975 -0.42059 0.895663 0.144544 -98.7821 6.07544 615.2 
-0.867798 -0.457321 0.194379 0.239276 -0.0417335 0.970054 -0.435515 0.888322 0.145642 -98.5376 5.85563 614.687 
-0.855832 -0.468947 0.218267 0.266404 -0.0379157 0.963116 -0.443374 0.882413 0.157379 -98.2071 6.15144 615.196 
-0.843326 -0.484754 0.231982 0.277646 -0.0234146 0.960398 -0.460125 0.874338 0.154336 -97.4014 5.26912 614.462 
-0.8421 -0.489918 0.225493 0.265614 -0.0128586 0.963994 -0.469379 0.871674 0.140958 -97.2602 4.23258 613.911 
-0.836873 -0.495586 0.232462 0.283288 -0.0287278 0.958605 -0.468393 0.868084 0.164435 -96.4341 4.79737 614.085 
-0.829788 -0.508571 0.229798 0.276792 -0.0174915 0.960771 -0.4846 0.860843 0.155282 -96.4078 4.16734 614.087 
-0.819649 -0.526034 0.226858 0.278053 -0.0190812 0.960376 -0.500862 0.85025 0.161905 -96.4842 4 614.986 
-0.806008 -0.549448 0.220132 0.270707 -0.011456 0.962594 -0.526373 0.83545 0.157973 -96.4865 3.00892 615.397 
-0.770974 -0.5925 0.233543 0.27349 0.0231566 0.961596 -0.575154 0.805238 0.14419 -96.1948 3.39918 614.696 
-0.754506 -0.617381 0.222626 0.259852 0.0304705 0.965168 -0.602659 0.786075 0.137438 -96.2508 2.17413 615.043 
-0.733501 -0.648324 0.204088 0.253992 0.0170614 0.967056 -0.630447 0.761174 0.152154 -95.9014 1.1808 615.482 
-0.702173 -0.67884 0.214777 0.263406 0.0325809 0.964135 -0.661491 0.733564 0.155933 -95.9149 1.95073 615.345 
-0.678696 -0.707399 0.197379 0.241777 0.0385617 0.969565 -0.693481 0.705762 0.144861 -95.1934 0.309704 615.047 
-0.646359 -0.738684 0.191222 0.237397 0.0434913 0.970439 -0.725164 0.672648 0.14725 -95.2171 -0.467293 614.327 
