Bone001
1 0 0 0 1 0 0 0 1 -147.205 0 0 
0.0699686 0.779217 0.622839 0.916295 -0.297022 0.268665 0.394345 0.551904 -0.734775 50.3635 -83.7018 513.878 
0.0539083 0.776483 0.62783 0.913055 -0.292873 0.283822 0.404257 0.557942 -0.724761 52.8827 -82.8722 512.496 
0.0678555 0.784346 0.616603 0.903445 -0.310518 0.295574 0.423299 0.53701 -0.729685 51.1862 -81.7417 509.56 
0.0875433 0.785692 0.612394 0.902316 -0.323023 0.285449 0.422092 0.527583 -0.737222 48.0035 -82.4799 509.939 
0.112079 0.793139 0.598641 0.904748 -0.33058 0.2686 0.410936 0.511514 -0.754643 43.9903 -81.4146 511.506 
0.102463 0.779268 0.618259 0.907685 -0.327513 0.262379 0.406951 0.534299 -0.740889 45.6939 -82.423 512.141 
0.132515 0.774841 0.618113 0.88629 -0.371828 0.276103 0.443768 0.511239 -0.736007 41.367 -78.9798 506.777 
0.0999327 0.772431 0.627189 0.897178 -0.342498 0.278865 0.430214 0.534831 -0.727236 46.2672 -81.2485 508.72 
0.0869911 0.782485 0.616565 0.90591 -0.319609 0.277805 0.414437 0.534385 -0.736665 48.0639 -82.5998 510.955 
0.131754 0.781667 0.609622 0.891435 -0.36241 0.272031 0.433571 0.507597 -0.744555 41.0884 -79.9915 508.22 
0.10662 0.764543 0.635696 0.897869 -0.348694 0.268781 0.427157 0.542113 -0.723637 45.3821 -81.6411 509.31 
0.0773397 0.770143 0.633167 0.911452 -0.311997 0.268165 0.404071 0.55636 -0.726079 48.8952 -83.0886 512.56 
0.0578863 0.75479 0.653409 0.909167 -0.310219 0.277811 0.412389 0.577975 -0.704188 51.9301 -82.1729 511.204 
0.0632682 0.78158 0.62059 0.916512 -0.291601 0.273813 0.394971 0.551454 -0.734777 51.1669 -83.894 513.762 
0.0505522 0.775761 0.629001 0.895257 -0.314351 0.315749 0.442673 0.547155 -0.710397 52.8534 -81.3881 506.931 
0.104128 0.77711 0.620693 0.899323 -0.340069 0.2749 0.424705 0.529577 -0.734285 45.8863 -81.448 509.488 
0.0909693 0.778328 0.621234 0.902532 -0.328095 0.278905 0.420903 0.535311 -0.732314 47.6647 -82.4851 510.143 
0.0836968 0.772517 0.629456 0.896347 -0.334348 0.291156 0.43538 0.539842 -0.720428 48.7305 -81.2456 507.973 
0.0694862 0.77722 0.625382 0.913755 -0.301127 0.272715 0.400279 0.552494 -0.731114 50.3476 -83.7048 513.147 
0.0681464 0.783739 0.617342 0.910453 -0.301877 0.282746 0.40796 0.542792 -0.73413 50.5772 -83.6778 511.965 
0.106341 0.77579 0.621968 0.912321 -0.324878 0.249245 0.395426 0.540929 -0.742318 45.2906 -83.3845 513.86 
0.0928493 0.799716 0.593157 0.91807 -0.299346 0.259883 0.385391 0.520429 -0.76199 48.0128 -84.1057 515.374 
0.0768308 0.774488 0.627907 0.913764 -0.306662 0.266446 0.398914 0.553286 -0.731261 49.728 -83.5348 513.314 
0.0783858 0.800374 0.594356 0.915884 -0.293267 0.274134 0.393715 0.522872 -0.756039 49.4544 -83.8363 514.096 
0.0791933 0.800194 0.594491 0.909935 -0.30158 0.284722 0.407119 0.518399 -0.752009 49.6617 -82.6169 512.139 
0.028907 0.793209 0.608264 0.910823 -0.271582 0.310876 0.411784 0.545033 -0.730325 56.6633 -82.3194 511.243 
0.0183793 0.806254 0.591285 0.9232 -0.240742 0.299574 0.383879 0.540367 -0.748759 58.6337 -84.4609 515.409 
-0.00257407 0.800347 0.599533 0.926444 -0.223768 0.302701 0.376422 0.556212 -0.740902 61.7048 -84.8863 516.653 
-0.0523039 0.788435 0.612892 0.931059 -0.183419 0.315413 0.361099 0.587135 -0.724487 69.4064 -84.9685 519.037 
-0.0337959 0.796302 0.603956 0.930085 -0.19611 0.310615 0.365785 0.572227 -0.734002 66.4063 -85.052 518.442 
-0.0288276 0.7997 0.599708 0.914774 -0.220736 0.338324 0.402935 0.55835 -0.725183 66.4225 -83.3046 513.051 
-0.0339787 0.793515 0.607602 0.912917 -0.222768 0.341988 0.406727 0.56631 -0.716845 67.4702 -82.7258 512.559 
-0.0134013 0.791144 0.611485 0.921021 -0.228314 0.315584 0.389283 0.567418 -0.725601 63.9767 -84.123 515.092 
-0.0341687 0.826268 0.56224 0.932879 -0.175465 0.314561 0.358566 0.535249 -0.764814 67.4835 -85.5702 519.592 
0.00878705 0.810189 0.586105 0.932152 -0.218798 0.288479 0.361961 0.543803 -0.757142 59.8646 -85.2972 518.843 
-0.0546047 0.804903 0.590891 0.921427 -0.187371 0.340388 0.384695 0.563048 -0.731428 71.1299 -83.6738 516.124 
-0.0542807 0.805242 0.590458 0.920748 -0.188439 0.341634 0.386363 0.562206 -0.731197 71.1674 -83.5556 515.998 
-0.0538578 0.784684 0.617553 0.924459 -0.194593 0.327885 0.377457 0.58856 -0.714929 71.5195 -84.4684 517.615 
-0.0299845 0.788594 0.614185 0.911032 -0.231242 0.341389 0.411242 0.569778 -0.711501 66.6629 -82.8628 512.06 
0.0292753 0.805945 0.591267 0.92442 -0.246849 0.290709 0.380249 0.538068 -0.75226 57.2421 -84.6538 516.376 
0.0401796 0.806495 0.589876 0.924661 -0.253736 0.283936 0.378665 0.534026 -0.75593 56.3754 -83.8407 516.893 
0.0497145 0.80348 0.593253 0.92823 -0.256423 0.269508 0.368668 0.537276 -0.758564 55.1856 -84.5044 518.162 
0.0822101 0.761337 0.643124 0.924482 -0.29929 0.23613 0.372255 0.575144 -0.728448 49.4324 -82.6977 517.808 
0.0689385 0.765474 0.639764 0.921106 -0.29514 0.253882 0.38316 0.571787 -0.72543 52.2852 -82.5746 516.442 
0.0673423 0.772415 0.63154 0.93494 -0.269854 0.230358 0.348355 0.574938 -0.740335 52.5705 -84.8307 521.726 
0.0498506 0.79397 0.605911 0.924889 -0.265666 0.272031 0.376955 0.546838 -0.747579 55.4052 -84.7012 517.231 
-0.000405253 0.776731 0.629833 0.921693 -0.244031 0.301545 0.387918 0.580634 -0.71581 62.5216 -84.5585 515.596 
-0.0226637 0.802895 0.595691 0.927615 -0.205326 0.312043 0.372849 0.559643 -0.740125 66.0079 -85.0056 518.07 
-0.0388495 0.772505 0.63382 0.920514 -0.219114 0.323484 0.388772 0.596006 -0.702591 68.0274 -83.6776 515.754 
0.00603196 0.788242 0.615337 0.932602 -0.226488 0.280991 0.360855 0.572168 -0.736483 61.3128 -85.3494 519.65 
-0.0256416 0.798429 0.601544 0.926812 -0.206527 0.313634 0.374649 0.565559 -0.734699 66.2828 -85.0111 517.885 
-0.0482982 0.811202 0.58277 0.924071 -0.185186 0.334363 0.379156 0.554669 -0.740665 69.3758 -84.4874 517.035 
-0.0555263 0.799196 0.598501 0.92584 -0.183204 0.330538 0.373813 0.572469 -0.729756 70.7784 -84.704 517.936 
-0.0246426 0.806527 0.590684 0.920167 -0.212648 0.328745 0.39075 0.551628 -0.7369 65.7506 -84.2723 515.1 
-0.0367192 0.808001 0.588037 0.930961 -0.186243 0.314047 0.363267 0.55897 -0.745379 68.3307 -84.945 520.032 
-0.0557917 0.815678 0.575811 0.924868 -0.175058 0.337599 0.376172 0.551384 -0.744629 70.5859 -84.5736 517.685 
-0.0602547 0.817462 0.572824 0.917596 -0.18053 0.354155 0.39292 0.546959 -0.739223 71.2841 -83.3886 514.889 
-0.0696299 0.79283 0.605454 0.926052 -0.174292 0.334737 0.370915 0.583989 -0.722067 72.901 -84.5751 518.477 
-0.0852371 0.773369 0.628201 0.930667 -0.163349 0.327377 0.355799 0.61255 -0.705826 75.7069 -84.9467 521.293 
-0.0668652 0.783665 0.617576 0.931447 -0.172857 0.320196 0.357679 0.596649 -0.718385 72.9588 -85.1089 520.728 
-0.0594739 0.791267 0.608573 0.921226 -0.191289 0.338747 0.384453 0.580779 -0.71756 71.2055 -83.4117 516.333 
-0.061936 0.796566 0.601372 0.920896 -0.186721 0.342176 0.384854 0.574993 -0.721991 71.5906 -83.5436 516.214 
-0.0694629 0.801739 0.593625 0.925482 -0.170325 0.338338 0.372368 0.57289 -0.730164 72.7556 -84.7134 518.039 
-0.0719027 0.819329 0.568798 0.922209 -0.162622 0.350833 0.379946 0.549775 -0.743901 73.0133 -84.1855 516.562 
-0.0521502 0.816295 0.575277 0.926243 -0.175797 0.33342 0.373301 0.550233 -0.746921 70.3184 -84.735 517.501 
-0.046814 0.796372 0.602993 0.92002 -0.200742 0.33655 0.389065 0.57052 -0.723282 70.0769 -83.6015 514.984 
-0.0548081 0.800081 0.597384 0.925792 -0.183396 0.330566 0.374037 0.57117 -0.730659 71.0674 -85.6428 517.03 
-0.0242308 0.800245 0.599185 0.921432 -0.21461 0.32389 0.387782 0.559955 -0.732172 65.4959 -84.6248 514.428 
-0.0682918 0.8033 0.591647 0.89532 -0.212289 0.391581 0.440157 0.556454 -0.704714 71.6236 -81.0517 506.595 
-0.0374993 0.799918 0.598937 0.905364 -0.226495 0.359187 0.422976 0.555725 -0.715725 65.5397 -82.7309 507.886 
-0.0743976 0.792841 0.604872 0.889406 -0.221573 0.399828 0.451023 0.567722 -0.688673 71.6105 -80.9689 503.499 
-0.0298819 0.795137 0.605695 0.889896 -0.254783 0.378379 0.455183 0.550311 -0.699976 63.0041 -81.2899 500.855 
-0.0278369 0.775934 0.630201 0.897827 -0.257756 0.357025 0.439466 0.575749 -0.689481 61.7546 -83.1234 501.435 
-0.0187023 0.784018 0.620458 0.895686 -0.262621 0.358854 0.444293 0.562446 -0.697323 60.0735 -83.9657 499.38 
-0.0871151 0.779359 0.620494 0.898958 -0.206902 0.38609 0.429284 0.591431 -0.682587 70.5983 -86.4745 500.859 
-0.0858838 0.761199 0.642808 0.906278 -0.208322 0.36778 0.413864 0.614148 -0.671967 70.5444 -88.3889 502.404 
-0.0712198 0.764091 0.641166 0.904436 -0.221592 0.364543 0.420621 0.605855 -0.675291 67.904 -90.0376 500.322 
-0.0427386 0.807553 0.588245 0.886067 -0.241381 0.395753 0.461582 0.538138 -0.705231 62.4341 -89.0649 492.726 
-0.0904554 0.791683 0.6042 0.906766 -0.185399 0.378686 0.411817 0.582121 -0.701101 67.9021 -93.7749 499.206 
-0.100343 0.789356 0.605681 0.911002 -0.171847 0.374891 0.400007 0.589393 -0.701862 67.6914 -95.9989 499.875 
-0.127244 0.777011 0.616494 0.901278 -0.168934 0.398947 0.414133 0.606395 -0.678808 72.2524 -97.124 497.499 
-0.112843 0.783022 0.611674 0.907639 -0.169254 0.384116 0.404299 0.598523 -0.691602 68.004 -99.2212 498.439 
-0.0850666 0.777278 0.623381 0.910968 -0.192762 0.364665 0.40361 0.5989 -0.691679 61.2598 -100.144 497.708 
-0.0885427 0.793069 0.602664 0.902122 -0.192664 0.386078 0.422298 0.57786 -0.698386 60.2764 -100.915 494.195 
-0.102767 0.814815 0.570541 0.903665 -0.16324 0.395906 0.415725 0.556263 -0.719545 61.7473 -102.357 494.373 
-0.132438 0.812289 0.568021 0.90098 -0.14021 0.410581 0.413152 0.566151 -0.713287 64.7882 -104.069 494.179 
-0.144864 0.821549 0.551427 0.899027 -0.123462 0.420128 0.413236 0.556608 -0.720711 64.4899 -105.422 493.46 
-0.168386 0.824585 0.540099 0.900856 -0.0936819 0.42389 0.400131 0.557927 -0.727058 66.1446 -107.17 494.567 
-0.127584 0.820937 0.556584 0.894441 -0.147263 0.422243 0.428599 0.551702 -0.715492 57.8152 -106.599 489.532 
-0.117536 0.836994 0.534441 0.894059 -0.145061 0.423811 0.432254 0.527634 -0.731273 55.3959 -108.75 488.412 
-0.145264 0.836673 0.528089 0.89687 -0.114013 0.427347 0.417758 0.535704 -0.733825 57.2163 -110.872 489.938 
-0.158956 0.84107 0.517045 0.893461 -0.100277 0.437803 0.420071 0.53155 -0.735524 57.5078 -111.672 489.036 
-0.160158 0.856507 0.490659 0.887834 -0.0922406 0.450824 0.431392 0.507826 -0.745664 54.461 -112.075 486.741 
-0.16953 0.843996 0.508852 0.879678 -0.103194 0.46424 0.444327 0.526327 -0.724951 53.9484 -112.4 484.827 
-0.140186 0.871356 0.470199 0.898563 -0.0874882 0.430035 0.41585 0.482787 -0.770705 47.0674 -116.463 488.817 
-0.160894 0.858381 0.48713 0.876269 -0.102877 0.470711 0.454164 0.50259 -0.735622 48.0292 -114.092 483.17 
-0.180326 0.866293 0.465853 0.881566 -0.0677192 0.467179 0.436261 0.494924 -0.751484 47.5123 -116.965 484.355 
-0.199496 0.856855 0.475396 0.8975 -0.03495 0.439628 0.393312 0.514371 -0.762056 46.8368 -119.965 489.57 
-0.171145 0.887666 0.427502 0.913506 -0.0195716 0.406355 0.369074 0.46007 -0.80754 40.9104 -123.963 493.118 
-0.163934 0.897488 0.409439 0.90648 -0.0266678 0.421406 0.389125 0.44023 -0.809185 36.7814 -123.751 489.195 
-0.2054 0.890407 0.406186 0.902792 0.0121451 0.429906 0.377858 0.455003 -0.806348 38.506 -126.178 489.63 
-0.190083 0.898709 0.39521 0.911749 0.0122972 0.410564 0.364117 0.438373 -0.821736 34.1275 -128.378 491.894 
-0.185918 0.925105 0.331081 0.909082 0.0340986 0.415221 0.372833 0.378176 -0.847337 30.5173 -128.186 489.913 
-0.188785 0.911188 0.366192 0.914243 0.0269511 0.404269 0.358495 0.411107 -0.838137 27.0941 -130.992 491.614 
-0.17068 0.921701 0.348333 0.911992 0.0139469 0.409971 0.373012 0.38765 -0.842966 22.3084 -132.277 489.213 
-0.19885 0.928117 0.314733 0.916978 0.0628724 0.393954 0.345847 0.36694 -0.863566 23.7245 -132.113 494.656 
-0.192621 0.93935 0.283758 0.901775 0.0554364 0.428637 0.386909 0.338449 -0.857762 19.4486 -133.983 485.78 
-0.219322 0.902945 0.369578 0.908044 0.0503595 0.415838 0.356866 0.426795 -0.83096 20.7245 -136.428 490.386 
-0.20483 0.935139 0.289067 0.890374 0.055352 0.451853 0.406544 0.34993 -0.843962 15.9142 -134.172 482.967 
-0.0696021 0.936293 0.344253 0.92312 -0.0703629 0.378018 0.378158 0.344097 -0.859416 -7.21766 -140.382 487.228 
-0.120954 0.942176 0.31253 0.898521 -0.0299079 0.437911 0.421935 0.333781 -0.842949 -1.13593 -136.795 481.474 
-0.110609 0.946263 0.303893 0.920004 -0.0181845 0.391487 0.375976 0.322884 -0.868556 -5.28449 -140.399 488.734 
-0.130072 0.920301 0.368955 0.903604 -0.0431481 0.426191 0.408143 0.388824 -0.825976 -5.67169 -139.044 484.543 
-0.110997 0.928384 0.35466 0.902638 -0.0551444 0.426853 0.41584 0.367508 -0.831875 -10.5253 -139.282 484.347 
-0.131893 0.928063 0.348287 0.9124 -0.0236764 0.408614 0.387465 0.371669 -0.843643 -10.2444 -142.526 489.368 
-0.129693 0.922432 0.363729 0.90577 -0.0390353 0.421968 0.403434 0.38418 -0.830451 -13.2379 -141.384 487.744 
-0.0961861 0.927404 0.361484 0.911984 -0.0633877 0.405298 0.398788 0.368651 -0.839682 -20.6642 -142.745 489.428 
-0.101253 0.91904 0.380939 0.915218 -0.0640653 0.397833 0.390029 0.388923 -0.834636 -22.3746 -142.718 492.036 
-0.137809 0.903905 0.404926 0.911752 -0.0439371 0.408385 0.386931 0.42547 -0.818083 -18.8933 -144.09 493.369 
-0.0726577 0.906708 0.415453 0.897646 -0.122097 0.423466 0.434685 0.403697 -0.805033 -30.7024 -141.11 487.991 
-0.116186 0.936279 0.331484 0.8592 -0.0726825 0.506451 0.498272 0.343653 -0.796008 -24.5677 -138.026 480.133 
-0.098082 0.899559 0.425645 0.902663 -0.0996687 0.418648 0.419022 0.425275 -0.802224 -30.3629 -141.841 493.423 
-0.138323 0.882901 0.448725 0.904144 -0.0723448 0.421059 0.404216 0.463953 -0.788263 -26.7929 -142.107 497.022 
-0.0991396 0.889768 0.445516 0.924963 -0.0826766 0.370955 0.366897 0.448861 -0.814808 -33.1581 -144.493 504.311 
-0.0915771 0.900153 0.42584 0.905036 -0.103133 0.412641 0.415358 0.423188 -0.805227 -36.0972 -139.923 498.5 
-0.105366 0.872714 0.476727 0.904195 -0.115461 0.411218 0.413919 0.474382 -0.776939 -35.241 -138.856 500.362 
-0.0868175 0.890666 0.446293 0.887257 -0.13459 0.441205 0.453032 0.43428 -0.778565 -38.3006 -135.687 496.176 
-0.13319 0.879125 0.457602 0.894939 -0.0917029 0.436664 0.425845 0.467685 -0.77455 -32.0986 -136.096 501.365 
-0.105887 0.878114 0.466587 0.894569 -0.120769 0.430305 0.434205 0.462957 -0.772747 -35.8872 -134.703 501.73 
-0.0687076 0.87617 0.47708 0.90026 -0.151613 0.4081 0.429896 0.457535 -0.778365 -41.2734 -134.86 503.749 
-0.0658184 0.851223 0.520662 0.907052 -0.166413 0.386734 0.415842 0.49772 -0.761151 -41.5887 -133.912 507.199 
-0.0301991 0.847046 0.530662 0.906009 -0.20104 0.372466 0.42218 0.492032 -0.761361 -47.1722 -132.351 508.439 
-0.0395435 0.84494 0.533398 0.894907 -0.207515 0.395067 0.444496 0.492963 -0.747938 -46.1203 -129.317 505.971 
-0.0454144 0.853427 0.519231 0.87542 -0.216382 0.432226 0.481225 0.474174 -0.737281 -45.8584 -125.955 501.441 
-0.0597975 0.834697 0.547454 0.909539 -0.180409 0.37442 0.411293 0.520319 -0.748403 -44.6603 -129.744 512.409 
-0.0244066 0.837644 0.545672 0.896995 -0.222633 0.381882 0.441366 0.498785 -0.74593 -51.9587 -126.535 507.964 
-0.0527114 0.828556 0.55742 0.906632 -0.194286 0.374527 0.418615 0.525116 -0.740956 -47.7957 -127.826 512.155 
-0.0352914 0.828244 0.559256 0.895998 -0.22164 0.38479 0.442654 0.514671 -0.734284 -51.1019 -126.237 508.558 
-0.0230412 0.823886 0.566289 0.891769 -0.239104 0.384158 0.451904 0.513849 -0.729207 -52.748 -125.088 507.055 
-0.0212361 0.811818 0.583526 0.899327 -0.239462 0.36588 0.43676 0.532549 -0.725005 -53.5316 -126.341 509.247 
-0.028425 0.793373 0.608073 0.885793 -0.261898 0.383119 0.463209 0.549516 -0.69532 -52.3252 -123.22 505.78 
0.0363618 0.808866 0.586869 0.878824 -0.305456 0.366556 0.475757 0.502425 -0.721959 -62.2059 -120.578 504.24 
-0.0394129 0.775586 0.630012 0.904202 -0.240664 0.352843 0.425281 0.583564 -0.691802 -49.369 -123.775 512.343 
-0.0112597 0.731603 0.681639 0.89934 -0.290573 0.326732 0.437104 0.616703 -0.654689 -53.6353 -121.827 510.818 
-0.00569153 0.774009 0.63315 0.890731 -0.283846 0.355006 0.454495 0.565986 -0.687819 -53.4515 -121.099 508.279 
0.0200272 0.771018 0.6365 0.928563 -0.250344 0.274039 0.370632 0.585541 -0.720954 -57.2815 -124.749 521.075 
0.0331068 0.777661 0.627813 0.899624 -0.29684 0.320253 0.435408 0.554192 -0.70943 -59.2102 -120.729 511.543 
0.0682883 0.739503 0.669682 0.894654 -0.342445 0.286923 0.441509 0.579539 -0.684985 -65.3014 -118.27 510.775 
0.0625438 0.769858 0.635145 0.895986 -0.323651 0.304071 0.439656 0.550062 -0.710024 -64.1142 -119.764 511.637 
0.0198703 0.740551 0.671708 0.902168 -0.302849 0.307203 0.430926 0.599888 -0.67412 -56.7219 -119.835 513.43 
0.0592338 0.758862 0.648554 0.899678 -0.322079 0.294693 0.432517 0.566033 -0.70181 -63.5685 -119.251 512.819 
0.0503927 0.731695 0.679769 0.906504 -0.319177 0.27636 0.419177 0.602286 -0.679369 -62.5067 -119.699 515.44 
0.024581 0.737282 0.67514 0.890911 -0.322522 0.319775 0.453511 0.593628 -0.664781 -58.8357 -117.96 511.08 
-0.0440271 0.741999 0.668956 0.908938 -0.248133 0.335052 0.414598 0.62279 -0.663507 -48.5673 -119.73 517.565 
-0.0579656 0.746635 0.662705 0.913966 -0.227367 0.336109 0.401628 0.625171 -0.669221 -46.9381 -119.867 519.523 
-0.0722167 0.771167 0.632525 0.892803 -0.232724 0.385671 0.444621 0.592571 -0.671694 -44.2707 -117.928 513.146 
-0.0886237 0.764943 0.637973 0.894138 -0.221147 0.389372 0.438933 0.604943 -0.664366 -42.1955 -117.836 514.235 
0.0676428 0.767416 0.637573 0.887483 -0.338251 0.312983 0.455847 0.544663 -0.70395 -68.7608 -115.969 510.932 
0.0331109 0.723571 0.689457 0.910602 -0.306175 0.277596 0.411955 0.618628 -0.669024 -62.2772 -119.276 517.741 
-0.0273219 0.767989 0.639882 0.914915 -0.238671 0.325524 0.40272 0.594331 -0.696124 -52.071 -120.239 519.645 
-0.0505821 0.764912 0.642146 0.900965 -0.242481 0.359812 0.430933 0.596751 -0.676895 -48.1064 -118.632 515.45 
0.0759719 0.794257 0.602816 0.883987 -0.333339 0.327797 0.461297 0.507977 -0.727438 -68.5905 -115.878 509.714 
0.0454784 0.706072 0.70668 0.898862 -0.337577 0.279443 0.435866 0.622498 -0.650014 -63.4856 -116.81 513.701 
0.0278474 0.700506 0.713104 0.901708 -0.325507 0.284547 0.431447 0.635087 -0.640717 -60.7804 -117.743 514.041 
-0.0246046 0.775404 0.630987 0.905914 -0.249613 0.342072 0.422746 0.580035 -0.696308 -52.2685 -119.656 515.239 
-0.0503765 0.764394 0.64278 0.907425 -0.233805 0.349162 0.417182 0.600863 -0.681853 -48.6114 -119.211 516.043 
-0.0652149 0.803386 0.591877 0.899625 -0.209306 0.38323 0.431764 0.557459 -0.709098 -46.4123 -118.382 513.532 
-0.0668419 0.768529 0.636316 0.88568 -0.247969 0.392532 0.459459 0.589809 -0.664097 -46.2523 -115.637 509.753 
-0.0835464 0.748124 0.658279 0.905115 -0.219377 0.364197 0.416876 0.626245 -0.658811 -43.1999 -118.944 516.463 
-0.0786942 0.77304 0.629458 0.898903 -0.217974 0.380079 0.431021 0.595731 -0.677736 -43.3604 -118.158 514.611 
-0.0820031 0.767909 0.635289 0.893009 -0.226405 0.388942 0.442505 0.599212 -0.667185 -43.1242 -117.074 512.9 
-0.100453 0.775571 0.623218 0.891673 -0.207709 0.402214 0.441393 0.596109 -0.670691 -40.1479 -117.398 513.226 
-0.0845435 0.778076 0.622456 0.898326 -0.210763 0.385472 0.431117 0.591757 -0.681148 -42.3713 -117.952 514.974 
-0.0846852 0.770708 0.631538 0.896017 -0.21835 0.386621 0.435868 0.598609 -0.672077 -42.243 -117.777 514.385 
-0.120289 0.806155 0.579349 0.908363 -0.146059 0.391846 0.400507 0.573393 -0.714713 -36.7243 -119.271 520.144 
-0.121654 0.78593 0.606231 0.89057 -0.183256 0.416296 0.438275 0.590534 -0.677632 -37.3393 -116.685 513.937 
-0.116177 0.76277 0.636149 0.886954 -0.208577 0.412078 0.447007 0.612108 -0.652311 -38.8329 -116.421 512.808 
-0.0990456 0.735725 0.67 0.910511 -0.204625 0.359302 0.401446 0.645629 -0.649619 -42.3992 -119.552 519.5 
-0.0989727 0.7668 0.634211 0.916423 -0.178127 0.358384 0.387778 0.616675 -0.685084 -42.5149 -120.737 521.611 
0.0642546 0.778583 0.624245 0.90527 -0.308712 0.29186 0.419949 0.546356 -0.724664 -69.1301 -117.346 515.992 
-0.0280684 0.747965 0.663146 0.891414 -0.281459 0.355192 0.45232 0.601107 -0.658846 -54.2682 -116.516 511.2 
-0.0394506 0.74802 0.662504 0.88419 -0.282712 0.371861 0.465457 0.600449 -0.65024 -52.7397 -115.313 509.102 
-0.088493 0.74252 0.663954 0.910903 -0.209369 0.355555 0.403018 0.636261 -0.657837 -43.6591 -119.873 518.82 
-0.108771 0.753719 0.648134 0.904957 -0.19473 0.378328 0.411364 0.627684 -0.660903 -40.3598 -119.113 517.562 
-0.0962139 0.75046 0.653876 0.915604 -0.190926 0.353858 0.390398 0.632737 -0.668755 -42.2091 -120.101 521.011 
-0.0653703 0.767996 0.637111 0.901536 -0.228228 0.367619 0.427736 0.598409 -0.677458 -46.748 -118.455 515.329 
-0.0800039 0.755989 0.649678 0.918162 -0.197835 0.343278 0.388044 0.623972 -0.678293 -45.2251 -120.872 521.234 
-0.06919 0.764278 0.641165 0.912638 -0.211054 0.350069 0.40287 0.609372 -0.682907 -47.3257 -120.187 518.852 
-0.051157 0.762868 0.644529 0.901332 -0.242666 0.358765 0.430096 0.599287 -0.675184 -50.2404 -117.709 514.709 
-0.0460311 0.751326 0.658325 0.912783 -0.236106 0.333288 0.405842 0.616249 -0.67493 -50.749 -119.774 518.23 
-0.0450118 0.754697 0.654529 0.882251 -0.277315 0.380432 0.468621 0.594582 -0.653351 -51.6436 -115.481 508.834 
-0.0717195 0.754466 0.65241 0.907063 -0.222709 0.357264 0.414841 0.617399 -0.668376 -46.6212 -119.172 516.952 
-0.0684618 0.7507 0.657088 0.897769 -0.240894 0.368755 0.435113 0.615158 -0.657463 -47.3069 -117.946 513.767 
-0.0704589 0.744858 0.663494 0.907179 -0.228741 0.353133 0.414802 0.626788 -0.659604 -46.8895 -119.035 516.733 
-0.0169612 0.730732 0.682455 0.896873 -0.290584 0.333434 0.441962 0.61773 -0.650446 -56.2629 -117.452 512.501 
0.0389312 0.737873 0.673817 0.908168 -0.307392 0.284147 0.41679 0.600876 -0.682081 -64.0502 -118.529 516.456 
-0.0349313 0.705983 0.707368 0.897487 -0.289215 0.332972 0.439655 0.646484 -0.623509 -52.6976 -117.495 513.069 
0.0152872 0.730879 0.682337 0.904443 -0.301067 0.302226 0.42632 0.612514 -0.665642 -60.8583 -118.075 514.998 
-0.0305394 0.738115 0.673985 0.919178 -0.244151 0.309035 0.392657 0.628949 -0.671003 -53.0346 -119.997 520.328 
-0.00309142 0.755551 0.655084 0.925422 -0.246067 0.288175 0.378925 0.607119 -0.698443 -57.7283 -120.063 522.449 
-0.0259266 0.748571 0.66255 0.902908 -0.266921 0.336912 0.429051 0.606955 -0.66897 -54.6767 -117.874 514.683 
-0.0322568 0.743046 0.668464 0.903651 -0.264083 0.337157 0.427052 0.614932 -0.662937 -52.9334 -118.176 514.969 
-0.0438949 0.743968 0.666774 0.91223 -0.242264 0.330369 0.407319 0.622752 -0.668036 -51.096 -119.114 517.829 
-0.0331435 0.74981 0.660824 0.911027 -0.249237 0.328495 0.411011 0.612915 -0.674837 -53.1773 -119.07 517.164 
-0.0357331 0.745458 0.665595 0.914252 -0.244568 0.323 0.403566 0.620062 -0.672798 -52.901 -119.445 518.291 
-0.0074506 0.737319 0.675506 0.902187 -0.28639 0.322551 0.431281 0.611834 -0.663066 -57.5495 -118.053 514.12 
0.0287965 0.725746 0.687361 0.917733 -0.291719 0.269565 0.396152 0.62305 -0.674442 -62.652 -119.78 519.575 
0.0318359 0.728092 0.684741 0.908532 -0.306631 0.283807 0.4166 0.613073 -0.671258 -63.0542 -118.881 516.637 
0.0374993 0.727814 0.684751 0.907906 -0.311092 0.280939 0.417492 0.611153 -0.672453 -64.055 -118.747 516.346 
0.0424667 0.728186 0.684064 0.913162 -0.306093 0.26915 0.405379 0.61323 -0.677951 -64.8996 -119.446 518.104 
0.025133 0.723193 0.69019 0.910772 -0.301199 0.282439 0.412143 0.621506 -0.666235 -62.2412 -119.179 517.062 
0.00478155 0.73125 0.682094 0.904634 -0.293849 0.308688 0.426161 0.615569 -0.66292 -59.2583 -118.412 515.036 
0.0036981 0.728176 0.685382 0.90534 -0.293501 0.306945 0.42467 0.619368 -0.660333 -58.4827 -118.679 515.132 
0.0102229 0.731423 0.681849 0.89536 -0.310301 0.319441 0.445225 0.607234 -0.65806 -59.7467 -117.496 512.296 
0.0184037 0.724741 0.688777 0.893204 -0.32147 0.314393 0.449275 0.609432 -0.653258 -61.7359 -117.496 511.537 
0.00587396 0.723254 0.690559 0.89863 -0.306752 0.313634 0.438667 0.618714 -0.65174 -58.907 -117.684 513.347 
-0.00552021 0.726434 0.687216 0.884956 -0.316454 0.341625 0.46564 0.610041 -0.641116 -57.1852 -116.077 509.268 
0.0106623 0.731866 0.681366 0.886661 -0.321946 0.331936 0.462296 0.600601 -0.652351 -59.7123 -116.219 509.845 
0.00349785 0.722139 0.691741 0.904588 -0.297156 0.305643 0.426271 0.624671 -0.654278 -58.7724 -118.443 515.095 
0.00198786 0.734028 0.679117 0.880494 -0.323221 0.346782 0.474052 0.597269 -0.646951 -58.5526 -115.779 508.057 
0.00160644 0.731856 0.681459 0.885976 -0.317052 0.338414 0.463728 0.603212 -0.648916 -58.3099 -116.327 509.412 
0.00418781 0.728741 0.684778 0.895262 -0.307818 0.322108 0.44552 0.611706 -0.653704 -59.1791 -117.285 512.222 
-0.000524123 0.728341 0.685216 0.881522 -0.323181 0.344199 0.472143 0.604213 -0.641879 -57.9533 -115.655 508.412 
-0.00134721 0.718825 0.695191 0.882086 -0.326638 0.339456 0.471085 0.613675 -0.633626 -57.9039 -115.48 508.367 
-0.0120196 0.723047 0.690696 0.88852 -0.309129 0.339074 0.45868 0.617771 -0.638727 -56.2838 -116.636 510.315 
-0.0538324 0.735346 0.675552 0.879595 -0.285316 0.380665 0.472666 0.614704 -0.631448 -49.9239 -115.16 508.252 
-0.026482 0.75 0.660909 0.883306 -0.291996 0.366755 0.468048 0.593496 -0.654747 -54.1863 -115.754 508.827 
-0.036926 0.736719 0.675191 0.889081 -0.28426 0.358791 0.456258 0.613547 -0.644507 -52.6557 -116.11 510.618 
-0.0316003 0.744788 0.666554 0.895226 -0.27548 0.350258 0.44449 0.607783 -0.658049 -53.4 -117.344 512.428 
-0.0201715 0.713939 0.699919 0.895065 -0.299028 0.330817 0.445478 0.633145 -0.632991 -55.3166 -117.304 512.074 
-0.0127839 0.705964 0.708134 0.888275 -0.31716 0.332228 0.459133 0.633265 -0.623036 -56.3528 -116.792 510.276 
0.00388416 0.7256 0.688107 0.888939 -0.317666 0.329961 0.458008 0.610403 -0.646249 -58.6269 -116.229 510.37 
0.0223427 0.730649 0.682389 0.895804 -0.317684 0.310824 0.443887 0.604341 -0.661617 -61.4432 -117.059 512.502 
-0.00954124 0.733753 0.679351 0.877708 -0.319359 0.357263 0.4791 0.59968 -0.640974 -56.6084 -114.976 507.271 
-0.0416729 0.726351 0.686061 0.876143 -0.303482 0.374527 0.480245 0.616695 -0.623741 -51.8637 -114.855 507.143 
-0.0435187 0.728249 0.68393 0.877412 -0.299511 0.374753 0.477758 0.616397 -0.625941 -51.4843 -115.274 507.507 
0.000363242 0.738526 0.674227 0.883672 -0.315844 0.345493 0.468106 0.595669 -0.65273 -57.9802 -116.25 508.79 
