Lower Arm R
-0.0148834 -0.327094 -0.944875 0.327094 0.891393 -0.313732 0.944875 -0.313732 0.0937236 43.3573 -12.3442 -85.718 
-0.139349 -0.178918 -0.973946 0.854981 -0.517947 -0.0271788 -0.499589 -0.836492 0.225146 14.6631 -139.747 600.574 
-0.137472 -0.183882 -0.973288 0.855782 -0.516815 -0.0232332 -0.498737 -0.836115 0.22841 14.6326 -139.775 600.555 
-0.135435 -0.184436 -0.973468 0.855852 -0.516788 -0.0211598 -0.499173 -0.83601 0.22784 15.047 -139.771 600.84 
-0.134136 -0.178647 -0.974727 0.855414 -0.51744 -0.0228808 -0.500275 -0.836863 0.222224 15.3807 -139.451 600.962 
-0.126396 -0.179956 -0.97552 0.855324 -0.517869 -0.01529 -0.50244 -0.836317 0.219377 15.5161 -139.051 601.151 
-0.121846 -0.185394 -0.975081 0.852793 -0.522199 -0.00727818 -0.507836 -0.832428 0.221729 15.8522 -138.945 601.75 
-0.116304 -0.192507 -0.974379 0.852038 -0.523478 0.00172231 -0.510397 -0.830007 0.224905 15.8955 -138.629 601.87 
-0.119618 -0.192341 -0.974011 0.848507 -0.529184 0.000294859 -0.515487 -0.826419 0.226501 16.906 -138.263 602.113 
-0.120667 -0.188094 -0.97471 0.845158 -0.534515 -0.00148094 -0.520718 -0.823962 0.223467 17.7055 -137.341 602.008 
-0.115895 -0.190512 -0.97482 0.841856 -0.539675 0.00538308 -0.527111 -0.820033 0.222929 18.2017 -138.196 602.516 
-0.110464 -0.195971 -0.974368 0.835807 -0.548802 0.015623 -0.537796 -0.812657 0.224416 18.6455 -138.18 602.728 
-0.104527 -0.200415 -0.974119 0.827645 -0.560624 0.0265332 -0.551432 -0.803451 0.224472 19.5886 -138.07 602.969 
-0.097766 -0.210119 -0.972775 0.818674 -0.572763 0.0414384 -0.565876 -0.792333 0.228015 20.0146 -137.969 603.058 
-0.0880506 -0.224908 -0.970393 0.807143 -0.587005 0.0628126 -0.583753 -0.777715 0.233218 21.0694 -137.828 603.281 
-0.0843947 -0.237257 -0.967774 0.796064 -0.600201 0.0777232 -0.599299 -0.76385 0.239525 22.5901 -137.088 603.6 
-0.0729329 -0.248534 -0.965873 0.787542 -0.608559 0.0971247 -0.61193 -0.753582 0.240114 23.9897 -136.446 603.944 
-0.0621067 -0.256772 -0.964475 0.778797 -0.616818 0.114065 -0.624194 -0.744045 0.23828 25.248 -135.32 604.255 
-0.0565851 -0.257576 -0.9646 0.769168 -0.627222 0.122365 -0.636536 -0.735015 0.233609 26.8637 -133.753 604.712 
-0.0489694 -0.251097 -0.966722 0.763283 -0.633674 0.125927 -0.644206 -0.731715 0.222688 28.4731 -132.475 605.056 
-0.0423866 -0.251034 -0.96705 0.756191 -0.640658 0.133162 -0.652976 -0.725629 0.216984 29.7202 -131.329 605.57 
-0.0300146 -0.239885 -0.970337 0.744924 -0.652656 0.138306 -0.666474 -0.718676 0.198284 31.2704 -129.889 606.357 
-0.0252078 -0.240995 -0.970199 0.735268 -0.662011 0.145338 -0.677308 -0.709691 0.193883 32.7362 -128.247 606.835 
-0.0246982 -0.235778 -0.971493 0.725167 -0.673148 0.144934 -0.68813 -0.700914 0.187603 34.1003 -125.683 606.847 
-0.0227803 -0.234523 -0.971844 0.715409 -0.682849 0.148014 -0.698335 -0.691893 0.183334 35.2306 -123.846 607.052 
-0.0215397 -0.238495 -0.970905 0.704418 -0.692757 0.154542 -0.709458 -0.680593 0.182921 36.7152 -122.289 607.832 
-0.0188695 -0.246372 -0.968992 0.694594 -0.700334 0.164538 -0.719155 -0.66995 0.184342 37.7217 -120.646 608.52 
-0.0169732 -0.261812 -0.96497 0.687838 -0.703505 0.178774 -0.725665 -0.660708 0.192024 38.2748 -118.649 609.046 
-0.0218756 -0.266568 -0.963568 0.683069 -0.707751 0.18029 -0.730026 -0.654239 0.197566 39.4971 -116.909 609.441 
-0.0358805 -0.297932 -0.953913 0.675725 -0.710485 0.196486 -0.73628 -0.637532 0.226811 40.3549 -115.124 610.092 
-0.0401071 -0.287484 -0.956945 0.674653 -0.714239 0.186295 -0.737045 -0.638133 0.222597 41.8008 -113.217 610.034 
-0.0419398 -0.268036 -0.962496 0.674841 -0.717987 0.170539 -0.73677 -0.642379 0.210993 42.8476 -110.809 609.249 
-0.0540889 -0.255758 -0.965227 0.655804 -0.738039 0.15881 -0.752991 -0.624408 0.207645 45.1355 -110.246 611.627 
-0.0537318 -0.252268 -0.966164 0.653141 -0.740762 0.157092 -0.755327 -0.6226 0.204568 45.7508 -108.137 611.214 
-0.0672384 -0.277311 -0.958425 0.650087 -0.740883 0.16876 -0.756879 -0.611711 0.230091 46.375 -105.629 610.239 
-0.073827 -0.278292 -0.957655 0.642343 -0.747824 0.167797 -0.762854 -0.602754 0.233968 47.1718 -104.066 610.263 
-0.0741527 -0.267912 -0.960585 0.642392 -0.7496 0.159478 -0.762781 -0.605246 0.227689 47.9027 -102.254 609.557 
-0.0814373 -0.269296 -0.959608 0.639332 -0.752736 0.156984 -0.764606 -0.600723 0.233469 48.636 -100.548 609.037 
-0.0959085 -0.281715 -0.954693 0.632765 -0.757634 0.159998 -0.768381 -0.58875 0.250922 49.65 -98.8259 609.297 
-0.091783 -0.27572 -0.956846 0.629795 -0.760377 0.158695 -0.77132 -0.588051 0.243436 49.9285 -97.2841 608.953 
-0.0900976 -0.294222 -0.951481 0.624495 -0.760904 0.176156 -0.775815 -0.578323 0.252295 49.6698 -96.9165 609.902 
-0.0989729 -0.310031 -0.945561 0.626079 -0.757983 0.182995 -0.773453 -0.573883 0.269122 50.2725 -95.5633 609.691 
-0.105083 -0.305194 -0.946475 0.616022 -0.767129 0.178969 -0.780689 -0.564241 0.268617 51.2873 -94.2109 610.237 
-0.110526 -0.315967 -0.94231 0.609729 -0.770291 0.18677 -0.784866 -0.55391 0.27779 51.5337 -93.6574 611.008 
-0.10018 -0.310085 -0.945416 0.612483 -0.768045 0.187009 -0.78411 -0.560316 0.266863 51.3862 -93.244 610.999 
-0.100039 -0.328202 -0.939295 0.613943 -0.763251 0.201302 -0.782986 -0.556535 0.277851 51.2326 -92.9542 611.434 
-0.0948655 -0.343128 -0.934486 0.630643 -0.747041 0.210281 -0.770253 -0.569378 0.287259 50.896 -91.6452 609.373 
-0.0937541 -0.34858 -0.932578 0.636877 -0.740976 0.212936 -0.765243 -0.573973 0.291472 51.3531 -90.5139 608.536 
-0.0966761 -0.364957 -0.925992 0.644367 -0.732016 0.221232 -0.758581 -0.575289 0.305934 51.2439 -89.9115 608.042 
-0.0895279 -0.37813 -0.921413 0.647109 -0.725343 0.234791 -0.757122 -0.575234 0.309629 50.2956 -89.1398 607.905 
-0.104114 -0.388968 -0.915349 0.641827 -0.729334 0.23692 -0.759749 -0.562828 0.325582 51.1026 -88.2105 608.486 
-0.0937796 -0.38831 -0.916745 0.651008 -0.720587 0.238627 -0.753256 -0.574429 0.320369 49.9872 -87.3531 607.321 
-0.0846106 -0.383734 -0.919559 0.633523 -0.733035 0.247605 -0.769084 -0.561611 0.305126 50.6839 -87.5345 610.245 
-0.0801013 -0.368268 -0.926263 0.628907 -0.739617 0.239673 -0.773343 -0.563334 0.290849 51.1394 -87.3023 610.783 
-0.08875 -0.379268 -0.921021 0.622953 -0.742643 0.245786 -0.777208 -0.551938 0.302175 51.5267 -87.1792 611.778 
-0.0903256 -0.398807 -0.912576 0.637394 -0.72722 0.254716 -0.765226 -0.558662 0.319883 51.047 -86.6119 609.875 
-0.084139 -0.403025 -0.911313 0.630767 -0.729539 0.264399 -0.771398 -0.552579 0.315596 50.5776 -86.4038 610.634 
-0.0743625 -0.394245 -0.915992 0.628537 -0.731649 0.263877 -0.774216 -0.556112 0.302204 50.455 -86.2067 610.718 
-0.076274 -0.418443 -0.905035 0.632828 -0.721749 0.280368 -0.770526 -0.551346 0.319852 50.4024 -86.135 610.355 
-0.0868537 -0.415907 -0.90525 0.629589 -0.727134 0.273668 -0.772058 -0.546166 0.325004 50.9788 -86.0487 610.738 
-0.0841897 -0.420113 -0.903558 0.627363 -0.726842 0.279493 -0.774163 -0.543328 0.324755 50.4533 -86.0909 611.082 
-0.0726757 -0.397495 -0.914722 0.627356 -0.7312 0.267901 -0.775334 -0.554385 0.30251 50.5532 -86.4385 611.005 
-0.0840781 -0.389864 -0.917026 0.626404 -0.736389 0.255636 -0.774951 -0.552934 0.306126 51.6238 -86.4098 610.989 
-0.0926079 -0.411423 -0.906728 0.627309 -0.731295 0.267752 -0.773245 -0.544001 0.325812 50.7393 -85.6696 610.105 
-0.0898353 -0.417952 -0.904016 0.623068 -0.731713 0.276375 -0.776992 -0.538434 0.326145 50.4484 -85.7091 610.301 
-0.0981495 -0.4086 -0.907421 0.626157 -0.734068 0.262814 -0.773495 -0.542392 0.327895 51.3267 -85.5508 609.454 
-0.0927272 -0.409305 -0.907673 0.63534 -0.726221 0.262576 -0.766645 -0.552332 0.327388 50.6471 -84.7711 607.365 
-0.0989877 -0.410084 -0.90666 0.630998 -0.730395 0.261467 -0.769444 -0.546218 0.331061 51.3103 -85.5745 607.877 
-0.0882987 -0.411391 -0.907172 0.626896 -0.730696 0.270343 -0.774084 -0.54483 0.322418 50.3431 -85.7859 608.08 
-0.0992962 -0.405312 -0.90877 0.619936 -0.739578 0.262115 -0.778344 -0.537351 0.324704 51.1426 -86.3324 608.671 
-0.101726 -0.4114 -0.905761 0.617945 -0.739658 0.266554 -0.779613 -0.532593 0.329463 50.3887 -86.4681 608.334 
-0.108271 -0.410335 -0.905485 0.612428 -0.745006 0.264382 -0.783077 -0.525918 0.331962 50.596 -86.3486 607.874 
-0.103418 -0.41133 -0.905601 0.615556 -0.741643 0.266564 -0.781279 -0.529879 0.329895 50.0367 -86.8608 606.873 
-0.120358 -0.418892 -0.900024 0.593279 -0.757254 0.273106 -0.795948 -0.501094 0.33966 50.5753 -87.3476 608.394 
-0.128883 -0.40674 -0.904407 0.584513 -0.767902 0.262053 -0.801083 -0.494862 0.336714 51.0899 -88.0227 608.272 
-0.127034 -0.397351 -0.908831 0.581935 -0.771851 0.256121 -0.803252 -0.496344 0.329283 50.8716 -88.7352 607.527 
-0.132511 -0.410045 -0.902388 0.574459 -0.77369 0.267209 -0.807736 -0.482976 0.338075 50.3797 -90.1993 608.001 
-0.141691 -0.412574 -0.899837 0.574684 -0.774425 0.264581 -0.806016 -0.479633 0.346827 50.0407 -90.8594 606.654 
-0.139594 -0.433011 -0.890514 0.579844 -0.764749 0.280963 -0.80268 -0.477137 0.357832 48.2112 -91.8515 605.212 
-0.152692 -0.433967 -0.887895 0.572667 -0.771073 0.278387 -0.805443 -0.465959 0.366254 47.9684 -92.7543 604.644 
-0.154853 -0.434169 -0.887422 0.577566 -0.768549 0.275227 -0.801523 -0.469924 0.369772 47.2176 -94.3217 602.941 
-0.156997 -0.423456 -0.892209 0.578525 -0.771616 0.26442 -0.800413 -0.474651 0.36612 46.8669 -95.5622 601.959 
-0.14774 -0.410496 -0.899815 0.574255 -0.776334 0.259878 -0.805236 -0.478327 0.350424 44.6485 -96.9398 601.959 
-0.160974 -0.427092 -0.889764 0.573838 -0.773982 0.267698 -0.802993 -0.467487 0.369672 44.1761 -98.448 601.301 
-0.175746 -0.431661 -0.88475 0.573618 -0.775305 0.264321 -0.800048 -0.461054 0.383864 43.6431 -99.4324 600.599 
-0.169743 -0.431276 -0.886109 0.578008 -0.771828 0.264932 -0.798182 -0.467207 0.380293 41.3049 -101.114 600.188 
-0.187809 -0.447685 -0.874246 0.625692 -0.740645 0.244856 -0.757124 -0.501021 0.419212 38.8111 -100.451 593.487 
-0.185122 -0.454512 -0.871291 0.605662 -0.750979 0.263067 -0.773889 -0.479007 0.414303 36.9889 -101.793 594.912 
-0.18207 -0.473082 -0.862 0.628066 -0.730468 0.268236 -0.756561 -0.492554 0.430122 34.1708 -103.039 592.249 
-0.189504 -0.461049 -0.866904 0.575688 -0.767398 0.282283 -0.795407 -0.445571 0.410844 34.1152 -104.815 597.145 
-0.193215 -0.465166 -0.86388 0.560773 -0.774845 0.291802 -0.80511 -0.428059 0.410563 33.0304 -106.597 598.975 
-0.193966 -0.461164 -0.865855 0.558885 -0.777325 0.288812 -0.806241 -0.427893 0.408512 31.387 -108.49 599.718 
-0.226068 -0.484915 -0.844838 0.620599 -0.740194 0.258787 -0.750833 -0.465801 0.46827 29.4298 -108.558 591.352 
-0.217635 -0.494245 -0.84164 0.613724 -0.739803 0.275743 -0.758932 -0.456522 0.464336 26.4772 -109.402 591.708 
-0.23973 -0.490299 -0.837936 0.601326 -0.752599 0.26833 -0.762192 -0.439545 0.475249 25.7903 -110.105 592.049 
-0.227216 -0.51285 -0.827863 0.615686 -0.734295 0.285905 -0.754522 -0.44474 0.482598 21.0363 -111.285 590.218 
-0.238794 -0.504781 -0.829563 0.575597 -0.761603 0.297739 -0.782091 -0.406394 0.472415 20.4807 -112.981 594.044 
-0.227376 -0.508871 -0.830271 0.567185 -0.762262 0.311861 -0.791582 -0.400007 0.461943 16.5031 -115.142 595.129 
-0.225672 -0.500055 -0.836073 0.55466 -0.771484 0.311712 -0.80089 -0.393391 0.451462 13.7988 -116.709 596.028 
-0.2452 -0.5126 -0.822872 0.554427 -0.770429 0.314722 -0.795291 -0.379052 0.473108 12.4351 -118.755 595.982 
-0.258953 -0.506228 -0.822603 0.548512 -0.778076 0.306156 -0.795033 -0.371927 0.479157 10.3948 -120.278 595.921 
-0.255566 -0.500084 -0.827407 0.545346 -0.781243 0.303739 -0.798301 -0.373597 0.472377 7.60528 -122.034 596.091 
-0.254083 -0.496361 -0.830101 0.547653 -0.781256 0.299525 -0.797194 -0.378502 0.470337 5.05006 -123.836 595.838 
-0.266859 -0.507033 -0.819575 0.553471 -0.77682 0.300369 -0.788959 -0.373454 0.487929 1.90849 -125.237 594.598 
-0.268244 -0.495064 -0.826412 0.557096 -0.77958 0.286181 -0.785932 -0.383623 0.484915 -0.299898 -127.387 594.069 
-0.287584 -0.499833 -0.816984 0.549885 -0.784585 0.286448 -0.78417 -0.366868 0.500484 -2.54903 -128.408 593.79 
-0.299747 -0.492271 -0.817203 0.537685 -0.794756 0.281528 -0.788065 -0.35501 0.502912 -4.02497 -129.119 593.897 
-0.296127 -0.503213 -0.811841 0.535724 -0.791186 0.294999 -0.790765 -0.347564 0.503874 -7.20689 -130.53 594.498 
-0.308608 -0.487654 -0.816673 0.536535 -0.7982 0.273875 -0.785425 -0.353652 0.507973 -8.47978 -131.293 593.438 
-0.319945 -0.473191 -0.820808 0.534689 -0.805378 0.255877 -0.78214 -0.357009 0.510686 -9.43878 -132.052 592.992 
-0.334011 -0.455226 -0.825352 0.521062 -0.818854 0.240774 -0.78545 -0.349637 0.510706 -10.0947 -131.571 593.527 
-0.361726 -0.437426 -0.823294 0.499818 -0.836446 0.224811 -0.786979 -0.330176 0.521197 -9.29801 -131.791 594.433 
-0.368028 -0.429802 -0.824516 0.505001 -0.836961 0.210879 -0.780724 -0.338771 0.525074 -11.0499 -132.466 594.139 
-0.376704 -0.42369 -0.82376 0.493821 -0.844224 0.208393 -0.783732 -0.328286 0.527249 -12.3014 -132.844 595.508 
-0.380336 -0.416284 -0.825865 0.509563 -0.839531 0.188503 -0.77181 -0.349134 0.531426 -14.9079 -133.672 594.343 
-0.390801 -0.417623 -0.820284 0.499302 -0.844831 0.192243 -0.773287 -0.33444 0.53868 -16.399 -133.982 595.582 
-0.388856 -0.408897 -0.825587 0.488064 -0.851466 0.191834 -0.781399 -0.328342 0.530665 -17.8828 -134.402 597.646 
-0.38489 -0.423839 -0.819891 0.491921 -0.845839 0.206325 -0.780944 -0.323908 0.534049 -20.8998 -135.775 599.004 
-0.378466 -0.404349 -0.832625 0.515353 -0.839268 0.173324 -0.768879 -0.363497 0.526016 -23.6926 -136.645 597.341 
-0.380336 -0.421003 -0.823469 0.499472 -0.842873 0.200231 -0.778378 -0.335143 0.530854 -25.5884 -137.451 600.547 
-0.369627 -0.417133 -0.830287 0.522221 -0.832349 0.185688 -0.768545 -0.364956 0.525494 -29.1807 -138.246 599.626 
-0.367999 -0.423039 -0.828019 0.510634 -0.836153 0.200252 -0.777065 -0.349121 0.52372 -30.8551 -137.929 601.651 
-0.355586 -0.399204 -0.845101 0.525993 -0.83289 0.172118 -0.772586 -0.383313 0.506142 -33.1834 -137.704 601.789 
-0.351222 -0.404271 -0.844517 0.530476 -0.829163 0.176304 -0.771517 -0.386073 0.505676 -35.3475 -138.326 602.67 
-0.345356 -0.40799 -0.845147 0.541127 -0.822347 0.175861 -0.766753 -0.396596 0.504776 -37.3124 -138.334 603.448 
-0.339191 -0.420807 -0.841351 0.534206 -0.822335 0.195931 -0.774321 -0.382996 0.503725 -39.091 -138.332 606.971 
-0.342633 -0.408393 -0.84606 0.530502 -0.827356 0.184525 -0.775352 -0.385611 0.500132 -39.6329 -136.919 608.135 
-0.329737 -0.436014 -0.837357 0.541661 -0.813823 0.210463 -0.773225 -0.384165 0.504518 -42.4664 -137.411 609.75 
-0.326827 -0.427911 -0.842661 0.544357 -0.8141 0.202278 -0.772567 -0.392597 0.499005 -43.5793 -136.206 610.22 
-0.302441 -0.438024 -0.846561 0.553455 -0.803797 0.21817 -0.776026 -0.402549 0.485527 -46.1983 -136.425 612.101 
-0.302208 -0.433535 -0.848951 0.551427 -0.805965 0.215287 -0.777559 -0.403072 0.482631 -46.481 -134.318 612.636 
-0.295081 -0.437172 -0.849593 0.554855 -0.802298 0.220123 -0.777858 -0.406445 0.479309 -48.0548 -133.731 613.769 
-0.275489 -0.448968 -0.85002 0.568348 -0.789212 0.232651 -0.775298 -0.419013 0.472588 -50.4856 -132.492 615.286 
-0.256937 -0.463853 -0.847835 0.579321 -0.776118 0.249053 -0.773544 -0.427177 0.468133 -52.724 -132.376 616.099 
-0.246363 -0.454835 -0.855822 0.582184 -0.77542 0.244512 -0.774833 -0.438006 0.455832 -53.2489 -132.128 617.096 
-0.24415 -0.463771 -0.85165 0.583428 -0.771751 0.253005 -0.774598 -0.435104 0.459 -54.4962 -131.723 618.043 
-0.241639 -0.456579 -0.85624 0.588689 -0.770436 0.244691 -0.771399 -0.444931 0.454949 -55.0017 -131.134 617.88 
-0.249111 -0.480487 -0.840878 0.580139 -0.769269 0.267701 -0.775488 -0.421138 0.470382 -55.9716 -130.514 619.116 
-0.238677 -0.471851 -0.848758 0.578089 -0.771318 0.266237 -0.780286 -0.427112 0.456867 -57.0812 -130.747 620.054 
-0.240653 -0.474192 -0.846893 0.581743 -0.768916 0.265223 -0.776957 -0.428846 0.460899 -57.5285 -130.191 619.42 
-0.225642 -0.458261 -0.859699 0.581911 -0.771136 0.25832 -0.781323 -0.44198 0.440667 -58.1341 -130.127 619.668 
-0.242976 -0.469971 -0.848582 0.569801 -0.777117 0.267239 -0.785042 -0.418589 0.456609 -57.211 -128.41 620.074 
-0.217937 -0.459409 -0.861073 0.584172 -0.768181 0.261995 -0.781823 -0.445916 0.435788 -58.333 -129.123 619.866 
-0.21242 -0.464771 -0.859573 0.577429 -0.769344 0.273289 -0.788324 -0.438289 0.431795 -58.7378 -128.558 621.069 
-0.211285 -0.496622 -0.841859 0.583429 -0.755113 0.299023 -0.7842 -0.427984 0.449287 -59.8207 -127.964 621.282 
-0.206358 -0.503935 -0.838729 0.584063 -0.751159 0.30762 -0.785039 -0.426389 0.449337 -60.5437 -127.147 621.536 
-0.206134 -0.491994 -0.845843 0.576958 -0.759274 0.301034 -0.790334 -0.425962 0.440372 -60.0403 -126.419 622.612 
-0.205255 -0.495876 -0.843788 0.579343 -0.756428 0.303609 -0.788817 -0.426524 0.442542 -59.9858 -125.689 622.563 
-0.205153 -0.500591 -0.841024 0.579003 -0.754879 0.308079 -0.789093 -0.423751 0.444708 -60.1398 -125.633 623.207 
-0.201305 -0.487545 -0.849574 0.574691 -0.761152 0.300631 -0.793226 -0.427723 0.43341 -59.6914 -124.664 623.579 
-0.200093 -0.511454 -0.83569 0.576456 -0.751143 0.321686 -0.792251 -0.417371 0.445128 -60.2536 -124.079 623.803 
-0.197319 -0.517693 -0.832502 0.575452 -0.748668 0.329167 -0.793675 -0.414113 0.445633 -61.0232 -123.8 624.507 
-0.194072 -0.502608 -0.84245 0.566244 -0.758663 0.322177 -0.801064 -0.414505 0.431833 -60.847 -123.769 625.848 
-0.20391 -0.508299 -0.836692 0.564887 -0.759112 0.323499 -0.799577 -0.406671 0.441921 -61.0096 -123.468 626.236 
-0.19111 -0.503233 -0.842754 0.5691 -0.756349 0.322584 -0.799751 -0.417961 0.430935 -62.0374 -123.573 626.667 
-0.17891 -0.489669 -0.853355 0.575122 -0.755779 0.313102 -0.798264 -0.434765 0.416835 -62.7298 -123.292 626.566 
-0.163368 -0.486383 -0.858337 0.566767 -0.758399 0.321879 -0.807519 -0.433891 0.399563 -63.8965 -123.7 628.542 
-0.175593 -0.471637 -0.864133 0.563741 -0.767776 0.304493 -0.807071 -0.433679 0.400697 -63.0526 -122.889 628.021 
-0.165812 -0.479865 -0.861531 0.564908 -0.762302 0.315871 -0.808322 -0.43431 0.397478 -63.4321 -123.586 629.396 
-0.184785 -0.492502 -0.850468 0.564405 -0.761615 0.318417 -0.804551 -0.421168 0.418705 -62.3868 -123.095 628.989 
-0.176436 -0.488844 -0.854343 0.572353 -0.757092 0.314998 -0.800801 -0.433408 0.413369 -62.8989 -123.598 628.489 
-0.172823 -0.482525 -0.858663 0.573195 -0.758223 0.310717 -0.800987 -0.438481 0.407618 -62.9294 -123.428 628.197 
-0.175301 -0.495127 -0.850952 0.569276 -0.756167 0.322702 -0.80324 -0.427855 0.41442 -62.7931 -123.038 628.516 
-0.182077 -0.486783 -0.854336 0.571068 -0.759657 0.31113 -0.800456 -0.431233 0.416302 -62.2109 -122.809 627.738 
-0.172016 -0.483373 -0.858348 0.579703 -0.754159 0.308525 -0.796464 -0.444515 0.40994 -62.9946 -123.059 626.898 
-0.16731 -0.491656 -0.854566 0.584972 -0.747227 0.315372 -0.793609 -0.447131 0.412623 -63.331 -122.92 626.485 
-0.169652 -0.487993 -0.856201 0.585832 -0.748565 0.310566 -0.792476 -0.448901 0.412877 -62.5451 -122.696 626.11 
-0.155047 -0.502581 -0.850513 0.589701 -0.737804 0.328478 -0.792599 -0.450618 0.410766 -64.0279 -123.284 626.483 
-0.160695 -0.493143 -0.854978 0.590914 -0.741903 0.316859 -0.790568 -0.4543 0.410625 -63.0622 -123.197 626.074 
-0.169261 -0.480942 -0.860259 0.589681 -0.748803 0.302607 -0.789701 -0.456058 0.410345 -61.5385 -123.422 625.97 
-0.171548 -0.47759 -0.861672 0.592007 -0.749083 0.297326 -0.787464 -0.459109 0.41124 -61.5446 -123.406 625.47 
-0.179333 -0.472945 -0.862649 0.59048 -0.753098 0.290132 -0.786876 -0.457345 0.414319 -60.6242 -124.241 626.131 
-0.184308 -0.485771 -0.854434 0.590916 -0.749434 0.29861 -0.785397 -0.449861 0.425175 -60.7712 -124.114 625.696 
-0.185163 -0.490205 -0.851712 0.593526 -0.746551 0.300646 -0.783225 -0.449843 0.429183 -61.1552 -124.318 625.656 
-0.186845 -0.473094 -0.860971 0.594047 -0.752429 0.284533 -0.78243 -0.458293 0.421627 -59.9515 -125.621 626.675 
-0.19318 -0.467354 -0.862706 0.596103 -0.754293 0.275143 -0.779322 -0.461109 0.424305 -59.8447 -125.204 625.686 
-0.198346 -0.49515 -0.845864 0.602415 -0.742344 0.293293 -0.773146 -0.451387 0.445526 -60.7214 -125.018 624.842 
-0.1902 -0.465643 -0.864292 0.596903 -0.7538 0.274757 -0.779442 -0.463639 0.421315 -60.5329 -124.791 625.087 
-0.189661 -0.490182 -0.850735 0.604178 -0.74126 0.292409 -0.773949 -0.458536 0.436744 -61.6708 -125.194 624.964 
-0.185277 -0.495294 -0.848738 0.608415 -0.736061 0.296724 -0.771689 -0.461408 0.437719 -62.2383 -125.913 625.076 
-0.189528 -0.484522 -0.854001 0.601438 -0.744785 0.289081 -0.776113 -0.458838 0.432567 -61.4428 -126.083 625.64 
-0.190395 -0.470962 -0.861362 0.599682 -0.750479 0.277781 -0.777259 -0.463654 0.425314 -61.0124 -126.572 625.574 
-0.175761 -0.47372 -0.862958 0.60362 -0.744338 0.285663 -0.777657 -0.470689 0.416772 -61.9209 -127.86 626 
-0.213278 -0.444688 -0.869923 0.593861 -0.766041 0.245989 -0.775784 -0.464148 0.427461 -57.8121 -126.523 624.586 
-0.201982 -0.479238 -0.854128 0.603275 -0.747895 0.276971 -0.771533 -0.459329 0.440173 -60.2781 -127.061 623.525 
-0.209267 -0.49607 -0.842687 0.606568 -0.741791 0.286044 -0.766996 -0.451287 0.456132 -60.6274 -126.891 622.204 
-0.194795 -0.485593 -0.852206 0.612109 -0.73908 0.281218 -0.766406 -0.466862 0.441204 -61.5672 -127.483 621.324 
-0.194365 -0.484981 -0.852652 0.609225 -0.740945 0.282569 -0.768809 -0.464534 0.439476 -61.3016 -128.272 621.303 
-0.185349 -0.472 -0.861894 0.607267 -0.744584 0.277166 -0.772575 -0.472027 0.424637 -61.4913 -129.088 620.837 
-0.189122 -0.464546 -0.865118 0.615247 -0.742704 0.264314 -0.765313 -0.482273 0.426272 -61.2159 -129.318 618.209 
-0.190246 -0.476183 -0.85852 0.617609 -0.737816 0.272373 -0.763129 -0.47841 0.434461 -61.4011 -129.449 616.457 
-0.191499 -0.465281 -0.8642 0.616881 -0.741906 0.262743 -0.763404 -0.482793 0.429096 -60.2817 -130.414 615.504 
-0.186214 -0.445271 -0.875819 0.613673 -0.748855 0.250244 -0.767287 -0.490867 0.412697 -60.0364 -130.965 614.508 
-0.18342 -0.438242 -0.879944 0.615158 -0.749374 0.244987 -0.766771 -0.496368 0.407037 -59.7687 -131.737 612.956 
-0.196431 -0.427286 -0.88252 0.615691 -0.75424 0.228138 -0.763112 -0.498545 0.411231 -57.8698 -132.053 610.916 
-0.206365 -0.394498 -0.895424 0.615489 -0.763736 0.194631 -0.760649 -0.510958 0.400416 -56.0383 -131.546 607.973 
-0.20845 -0.397876 -0.893445 0.619942 -0.760301 0.193944 -0.756453 -0.513455 0.405144 -55.247 -132.593 605.936 
-0.208435 -0.368938 -0.905781 0.61605 -0.768834 0.171395 -0.75963 -0.522281 0.387536 -53.3276 -135.63 605.839 
-0.194939 -0.372823 -0.907195 0.623462 -0.761129 0.178825 -0.757162 -0.53074 0.380813 -53.9762 -136.189 603.134 
-0.188328 -0.367425 -0.910786 0.632962 -0.754493 0.173492 -0.750927 -0.543819 0.374657 -53.5222 -138.181 601.008 
-0.179721 -0.350234 -0.919259 0.638059 -0.752743 0.162047 -0.74872 -0.557417 0.358753 -52.9688 -140.174 599.219 
-0.173208 -0.344489 -0.922673 0.646178 -0.746757 0.157506 -0.743271 -0.568929 0.351945 -52.6053 -142.749 597.809 
-0.170742 -0.338858 -0.925215 0.656375 -0.739436 0.149688 -0.73486 -0.581729 0.34867 -51.9543 -145.446 595.589 
-0.167202 -0.319296 -0.932788 0.661331 -0.738014 0.134081 -0.731222 -0.594462 0.334557 -50.9772 -147.567 594.237 
-0.170339 -0.302512 -0.937801 0.664591 -0.737938 0.117327 -0.727532 -0.603268 0.326746 -49.5389 -149.766 593.202 
-0.167926 -0.290516 -0.94202 0.671416 -0.733391 0.106488 -0.721805 -0.614604 0.318212 -48.661 -152.182 591.929 
-0.162714 -0.280475 -0.945969 0.675847 -0.730193 0.100247 -0.718857 -0.623018 0.30837 -48.1501 -154.478 590.655 
-0.163862 -0.264572 -0.950343 0.68186 -0.726562 0.0847031 -0.712893 -0.63412 0.299456 -47.0225 -156.861 589.131 
-0.158519 -0.251103 -0.954892 0.685967 -0.72361 0.0764082 -0.710155 -0.642912 0.286953 -46.0307 -159.298 587.89 
-0.152148 -0.239996 -0.958777 0.689799 -0.720522 0.0708932 -0.707834 -0.650576 0.275174 -45.7065 -161.756 586.793 
-0.144192 -0.230045 -0.962438 0.695438 -0.715473 0.066824 -0.703971 -0.659679 0.263147 -45.4922 -164.622 585.808 
-0.151747 -0.223839 -0.96274 0.700194 -0.711821 0.0551352 -0.69764 -0.665737 0.264747 -44.1784 -167.66 585.043 
-0.145757 -0.214032 -0.965891 0.71145 -0.701096 0.0479952 -0.687455 -0.680186 0.254462 -43.9488 -169.717 582.768 
-0.138462 -0.203296 -0.969278 0.720793 -0.691868 0.0421466 -0.679181 -0.692812 0.24233 -43.4189 -172.355 581.246 
-0.139077 -0.189957 -0.971892 0.724735 -0.688338 0.0308272 -0.674845 -0.700076 0.2334 -42.2708 -175.253 580.47 
-0.135906 -0.169105 -0.976183 0.731771 -0.68136 0.0161541 -0.667864 -0.712146 0.216345 -40.8739 -177.751 579.168 
-0.131393 -0.165266 -0.977457 0.740302 -0.672126 0.0141273 -0.659309 -0.721757 0.210659 -40.069 -179.857 577.627 
-0.125563 -0.157952 -0.979431 0.743239 -0.668908 0.0125909 -0.657138 -0.726369 0.201385 -39.3478 -182.252 577.167 
-0.118766 -0.150154 -0.981503 0.750761 -0.660495 0.0101998 -0.649809 -0.735662 0.191173 -38.62 -184.645 576.276 
-0.116378 -0.131828 -0.984417 0.753599 -0.657334 -0.00106336 -0.646951 -0.741978 0.175843 -36.7346 -186.979 576.065 
-0.111117 -0.112833 -0.987381 0.757978 -0.652191 -0.0107718 -0.642745 -0.74961 0.157994 -35.6702 -188.87 575.678 
-0.109978 -0.0926534 -0.989606 0.764754 -0.643849 -0.0247078 -0.634868 -0.759521 0.141665 -33.9199 -191.016 575.454 
-0.108305 -0.0811692 -0.990798 0.774033 -0.632294 -0.0328109 -0.623813 -0.770464 0.131307 -32.4476 -192.735 574.747 
-0.107913 -0.0723513 -0.991524 0.780663 -0.623706 -0.0394523 -0.615565 -0.778303 0.123787 -31.0567 -194.731 574.554 
-0.106684 -0.0587473 -0.992556 0.78311 -0.620069 -0.0474709 -0.612664 -0.782344 0.112156 -29.8016 -197.021 574.797 
-0.107424 -0.0462369 -0.993137 0.788174 -0.612833 -0.0567224 -0.606005 -0.788858 0.102275 -28.3201 -198.678 574.536 
-0.108693 -0.0359599 -0.993425 0.792521 -0.606396 -0.0647613 -0.60008 -0.794348 0.0944089 -26.8901 -200.67 574.55 
-0.110247 -0.0262487 -0.993557 0.798619 -0.597413 -0.0728334 -0.591653 -0.801503 0.0868248 -25.5821 -202.625 574.657 
-0.116876 -0.0144524 -0.993041 0.805824 -0.585831 -0.0863152 -0.580507 -0.810304 0.0801145 -23.6429 -204.382 574.823 
-0.108572 -0.0191174 -0.993905 0.8155 -0.57347 -0.0780529 -0.568482 -0.819003 0.0778519 -23.8715 -205.937 574.481 
-0.110847 -0.0167145 -0.993697 0.819868 -0.566661 -0.0819252 -0.56172 -0.823781 0.0765156 -22.8219 -207.048 574.74 
-0.110865 -0.00564122 -0.993819 0.823721 -0.560013 -0.088711 -0.556051 -0.828464 0.0667316 -21.9532 -208.309 575.064 
-0.109124 0.00210348 -0.994026 0.828335 -0.552611 -0.0921037 -0.549503 -0.833436 0.0585596 -21.4713 -209.755 575.357 
-0.108974 0.00754566 -0.994016 0.833541 -0.544139 -0.0955112 -0.541603 -0.838961 0.053006 -20.9892 -210.812 575.861 
-0.118425 0.00846527 -0.992927 0.838632 -0.534566 -0.10458 -0.53167 -0.845084 0.0562057 -19.5076 -211.503 576.117 
-0.120597 0.0144146 -0.992597 0.845706 -0.522119 -0.110332 -0.519843 -0.85275 0.0507743 -18.8377 -212.01 576.246 
-0.124264 0.0284486 -0.991841 0.849661 -0.513219 -0.121171 -0.512479 -0.857785 0.0396017 -17.8021 -212.641 576.704 
-0.122987 0.0253725 -0.992084 0.851925 -0.510044 -0.118656 -0.509016 -0.859774 0.0411121 -17.8912 -213.185 576.794 
RFing.0_Hand
-0.461729 0.0039796 -0.887012 -0.0039796 0.999971 0.00655795 0.887012 0.00655795 -0.4617 32.7108 -9.73219 -73.4609 
-0.62705 0.105094 -0.771858 0.756062 -0.156469 -0.635522 -0.18756 -0.982076 0.0186566 2.43818 -130.28 594.977 
-0.625067 0.0998003 -0.774165 0.759602 -0.150569 -0.63272 -0.17971 -0.983549 0.0183075 2.42839 -130.255 595.004 
-0.621582 0.0997062 -0.776978 0.761353 -0.156499 -0.629166 -0.184327 -0.982633 0.0213658 2.86554 -130.228 595.277 
-0.621449 0.105686 -0.776293 0.761505 -0.151413 -0.630225 -0.184146 -0.982804 0.0136157 3.21388 -129.933 595.326 
-0.618269 0.107939 -0.77852 0.763318 -0.153612 -0.627495 -0.18732 -0.982218 0.012582 3.43595 -129.456 595.459 
-0.616501 0.102579 -0.780643 0.763911 -0.162206 -0.624603 -0.190696 -0.981411 0.0216391 3.82324 -129.307 596.021 
-0.611089 0.0958626 -0.785736 0.768595 -0.165515 -0.617953 -0.189289 -0.981537 0.0274653 3.92962 -128.909 596.147 
-0.613882 0.0940554 -0.783775 0.765746 -0.170269 -0.620195 -0.191785 -0.980899 0.0325032 4.90254 -128.614 596.35 
-0.616324 0.094896 -0.781755 0.763914 -0.169056 -0.622781 -0.191259 -0.981027 0.0317011 5.68994 -127.763 596.152 
-0.607258 0.089321 -0.789468 0.770919 -0.174072 -0.612686 -0.192149 -0.980674 0.0368477 6.24035 -128.599 596.582 
-0.601366 0.0863651 -0.794292 0.773735 -0.184946 -0.605913 -0.19923 -0.978946 0.0443971 6.74647 -128.571 596.689 
-0.595023 0.0791789 -0.799799 0.776916 -0.198134 -0.597615 -0.205785 -0.976972 0.0563795 7.75821 -128.474 596.777 
-0.583027 0.0670172 -0.809684 0.784085 -0.214635 -0.58236 -0.212814 -0.974392 0.0725915 8.2642 -128.354 596.743 
-0.572117 0.0510396 -0.818583 0.78901 -0.238248 -0.566304 -0.223929 -0.969862 0.0960352 9.43701 -128.164 596.823 
-0.559324 0.0406784 -0.827951 0.794432 -0.258913 -0.549402 -0.236715 -0.965044 0.112501 11.0068 -127.435 597.039 
-0.544833 0.0331449 -0.837889 0.80138 -0.273594 -0.531917 -0.246871 -0.961274 0.122502 12.5483 -126.715 597.251 
-0.532865 0.0284865 -0.845721 0.805029 -0.290885 -0.517024 -0.260735 -0.956334 0.13207 13.9412 -125.539 597.407 
-0.527149 0.0281814 -0.849305 0.805328 -0.302425 -0.509889 -0.27122 -0.952756 0.136729 15.6236 -124.028 597.678 
-0.517013 0.0329192 -0.855344 0.808892 -0.308061 -0.500792 -0.279983 -0.950797 0.132644 17.3196 -122.8 597.818 
-0.512313 0.0350484 -0.858084 0.807362 -0.320944 -0.495139 -0.29275 -0.94645 0.136127 18.6463 -121.681 598.174 
-0.50439 0.0469726 -0.862198 0.805355 -0.334554 -0.489364 -0.311438 -0.941205 0.130917 20.3401 -120.354 598.611 
-0.500038 0.0499922 -0.86456 0.802366 -0.348882 -0.484241 -0.325837 -0.935832 0.134343 21.8657 -118.778 598.924 
-0.501369 0.0554193 -0.863457 0.795913 -0.361848 -0.485375 -0.339338 -0.930588 0.137311 23.233 -116.368 598.752 
-0.497796 0.0576002 -0.865379 0.791895 -0.37673 -0.480601 -0.353696 -0.924531 0.141922 24.3863 -114.641 598.802 
-0.497261 0.0553971 -0.865831 0.785774 -0.394328 -0.476513 -0.367818 -0.917299 0.152555 25.8885 -113.174 599.46 
-0.492873 0.0519862 -0.868547 0.781317 -0.412845 -0.468084 -0.382909 -0.909316 0.162863 26.933 -111.565 600.061 
-0.491844 0.0440534 -0.869569 0.776799 -0.428916 -0.461102 -0.393284 -0.90227 0.17674 27.5214 -109.512 600.603 
-0.494615 0.0428001 -0.868058 0.770307 -0.440934 -0.460658 -0.402471 -0.896519 0.185124 28.6872 -107.825 601.014 
-0.495472 0.0181468 -0.868435 0.76382 -0.466979 -0.445544 -0.413625 -0.884082 0.217514 29.4072 -105.969 601.923 
-0.505026 0.0257616 -0.86272 0.75567 -0.469759 -0.456388 -0.417027 -0.882419 0.217774 30.789 -104.189 601.81 
-0.512793 0.0419051 -0.857489 0.750233 -0.463696 -0.471313 -0.417364 -0.885003 0.206342 31.7933 -101.95 600.9 
-0.521521 0.0350042 -0.85252 0.733246 -0.492541 -0.46878 -0.43631 -0.869585 0.231204 33.9239 -101.788 603.074 
-0.520205 0.0495868 -0.852601 0.733456 -0.485498 -0.475746 -0.437526 -0.87283 0.216189 34.5408 -99.736 602.603 
-0.525429 0.0288068 -0.85035 0.731062 -0.496016 -0.468526 -0.435283 -0.867835 0.239562 35.0261 -97.1449 601.895 
-0.533152 0.0252779 -0.845642 0.724127 -0.503238 -0.471584 -0.437479 -0.863778 0.249999 35.7459 -95.703 601.902 
-0.540046 0.031451 -0.841048 0.720827 -0.498568 -0.481496 -0.434462 -0.86628 0.24658 36.4627 -93.9805 601.126 
-0.546827 0.02823 -0.83677 0.716956 -0.500352 -0.48541 -0.432382 -0.865362 0.253367 37.1117 -92.3455 600.652 
-0.555553 0.0165756 -0.831316 0.708434 -0.513978 -0.483682 -0.435294 -0.857643 0.2738 37.9702 -90.684 601.07 
-0.560464 0.0188622 -0.827964 0.705367 -0.513007 -0.489163 -0.433978 -0.858177 0.274218 38.2901 -89.1985 600.612 
-0.549829 0.00156941 -0.835276 0.709019 -0.527768 -0.467711 -0.441565 -0.849387 0.28907 38.0719 -88.7172 601.616 
-0.553139 -0.0130632 -0.832986 0.707611 -0.535081 -0.461494 -0.439686 -0.8447 0.305218 38.5933 -87.2673 601.618 
-0.55765 -0.0130653 -0.829974 0.699565 -0.545601 -0.461442 -0.446804 -0.837943 0.313395 39.5311 -86.1014 602.086 
-0.557713 -0.0200892 -0.829791 0.693107 -0.561308 -0.452257 -0.456682 -0.827363 0.326974 39.731 -85.5523 602.921 
-0.556197 -0.00995017 -0.830991 0.693162 -0.55716 -0.457275 -0.458444 -0.830346 0.316788 39.6932 -85.0974 602.795 
-0.546821 -0.0210703 -0.836984 0.69597 -0.567151 -0.440416 -0.465416 -0.823344 0.324795 39.5693 -84.6313 603.366 
-0.548714 -0.031542 -0.835415 0.703924 -0.556518 -0.441337 -0.451002 -0.830237 0.327573 39.3184 -82.9868 601.538 
-0.554127 -0.0381878 -0.831556 0.705139 -0.552434 -0.444517 -0.442404 -0.832681 0.333047 39.7986 -81.7374 600.798 
-0.553546 -0.0499185 -0.831321 0.709342 -0.551288 -0.439222 -0.436372 -0.83282 0.340574 39.6889 -80.9369 600.536 
-0.550743 -0.0597045 -0.832537 0.714209 -0.549901 -0.433031 -0.431958 -0.833093 0.345496 38.8523 -79.9768 600.456 
-0.552463 -0.0742651 -0.830223 0.711526 -0.560839 -0.423309 -0.434184 -0.824587 0.362685 39.5173 -79.0997 601.194 
-0.547272 -0.0745822 -0.833625 0.723374 -0.543138 -0.4263 -0.420979 -0.836324 0.351196 38.5189 -78.0917 600.034 
-0.53837 -0.0740023 -0.839453 0.718169 -0.561459 -0.411092 -0.440896 -0.824189 0.35542 39.3108 -78.4245 602.625 
-0.539174 -0.0581141 -0.840187 0.714843 -0.559055 -0.420068 -0.445298 -0.827092 0.342971 39.7838 -78.3458 602.958 
-0.534201 -0.0695485 -0.842492 0.712543 -0.573306 -0.404478 -0.454874 -0.816384 0.355818 40.0951 -78.2402 604.044 
-0.538119 -0.0795319 -0.839109 0.719255 -0.562355 -0.407957 -0.439431 -0.823062 0.359818 39.6448 -77.3679 602.462 
-0.531748 -0.0871842 -0.842403 0.719888 -0.570475 -0.395373 -0.446099 -0.816674 0.366113 39.2582 -77.1472 603.111 
-0.531552 -0.0753493 -0.843667 0.720545 -0.56383 -0.403623 -0.445272 -0.822446 0.353999 39.2273 -76.9877 603.014 
-0.528339 -0.0949549 -0.843707 0.723826 -0.569775 -0.389144 -0.443771 -0.816296 0.369766 39.2169 -76.6712 602.89 
-0.53273 -0.0942539 -0.84102 0.718361 -0.575723 -0.390513 -0.447386 -0.812194 0.374414 39.6628 -76.7059 603.318 
-0.524814 -0.0991908 -0.845418 0.723132 -0.575905 -0.381332 -0.449055 -0.811477 0.373971 39.1802 -76.7151 603.638 
-0.526099 -0.0785247 -0.84679 0.722587 -0.566322 -0.396418 -0.448427 -0.820435 0.354683 39.3536 -77.1917 603.293 
-0.535346 -0.0740452 -0.841381 0.716299 -0.567661 -0.405804 -0.447571 -0.819926 0.356934 40.2716 -77.3127 603.323 
-0.535993 -0.0925412 -0.839135 0.717688 -0.573368 -0.395188 -0.444561 -0.814055 0.373738 39.3443 -76.4251 602.682 
-0.531479 -0.102068 -0.8409 0.719654 -0.578025 -0.384688 -0.446796 -0.80961 0.380663 39.1037 -76.4293 602.845 
-0.54464 -0.0964232 -0.833109 0.714114 -0.574222 -0.400388 -0.439782 -0.813002 0.381602 39.8603 -76.3776 602.053 
-0.547099 -0.096849 -0.831446 0.718024 -0.564855 -0.406671 -0.43026 -0.819487 0.378572 39.245 -75.4694 600.026 
-0.550657 -0.101047 -0.828593 0.714534 -0.570226 -0.405318 -0.431529 -0.815249 0.386202 39.8384 -76.3471 600.552 
-0.543595 -0.101581 -0.833178 0.716592 -0.573025 -0.397667 -0.437035 -0.813218 0.384286 38.9979 -76.5185 600.61 
-0.548588 -0.0971769 -0.830427 0.707594 -0.583042 -0.399216 -0.445378 -0.80661 0.388612 39.6542 -77.2557 601.185 
-0.546891 -0.100643 -0.831133 0.706607 -0.58793 -0.393759 -0.449018 -0.802627 0.392649 38.889 -77.3705 600.891 
-0.553086 -0.0990724 -0.827213 0.700882 -0.592112 -0.397704 -0.4504 -0.799743 0.396927 39.0188 -77.3535 600.427 
-0.557342 -0.0979894 -0.82448 0.702171 -0.585555 -0.405069 -0.443086 -0.804688 0.395161 38.5175 -77.797 599.419 
-0.558183 -0.114705 -0.821751 0.693038 -0.609017 -0.385743 -0.456213 -0.784819 0.419439 38.8858 -78.5271 600.914 
-0.564533 -0.108639 -0.81823 0.686225 -0.612651 -0.392114 -0.45869 -0.782851 0.420413 39.2715 -79.4484 600.709 
-0.568144 -0.102467 -0.816525 0.685351 -0.608153 -0.400555 -0.455528 -0.787179 0.415745 39.0489 -80.2627 599.856 
-0.562603 -0.114011 -0.818828 0.684394 -0.61984 -0.383931 -0.46377 -0.776402 0.426753 38.53 -81.7094 600.391 
-0.572768 -0.120617 -0.810795 0.678115 -0.625432 -0.385999 -0.460538 -0.7709 0.44002 38.097 -82.3955 599.164 
-0.565502 -0.135625 -0.813519 0.684869 -0.626806 -0.371576 -0.459524 -0.767281 0.447346 36.3505 -83.1334 597.882 
-0.574679 -0.139612 -0.806382 0.677023 -0.634668 -0.372608 -0.459764 -0.760069 0.459252 35.9681 -84.1657 597.389 
-0.581772 -0.142845 -0.80071 0.677877 -0.629182 -0.38028 -0.449471 -0.764019 0.462873 35.1946 -85.6993 595.765 
-0.59385 -0.131985 -0.793676 0.670876 -0.625778 -0.397904 -0.444147 -0.768753 0.460165 34.7882 -87.046 594.749 
-0.587387 -0.126282 -0.799393 0.675632 -0.620282 -0.398461 -0.44553 -0.774147 0.449667 32.6328 -88.5339 594.518 
-0.592118 -0.14259 -0.793136 0.67542 -0.624655 -0.391936 -0.439549 -0.767772 0.466179 32.0656 -89.9614 594.11 
-0.6033 -0.147016 -0.783846 0.668334 -0.629486 -0.39633 -0.435153 -0.762977 0.478026 31.3896 -90.9863 593.604 
-0.597858 -0.144498 -0.788471 0.674918 -0.621438 -0.397871 -0.432493 -0.770023 0.469057 29.1137 -92.5993 593.168 
-0.616086 -0.154973 -0.772283 0.688499 -0.582227 -0.432413 -0.382631 -0.79812 0.465401 26.4833 -91.4832 587.322 
-0.60909 -0.171923 -0.774243 0.689351 -0.597492 -0.409632 -0.392179 -0.783227 0.482443 24.7123 -92.9084 588.528 
-0.609495 -0.185479 -0.770788 0.704097 -0.57349 -0.418758 -0.364367 -0.797939 0.480135 21.9927 -93.7787 586.221 
-0.609013 -0.1916 -0.76967 0.683924 -0.618293 -0.387249 -0.401684 -0.762235 0.507589 21.8161 -96.1409 590.52 
-0.606556 -0.195772 -0.77056 0.676574 -0.63611 -0.370961 -0.417536 -0.746349 0.518292 20.7079 -98.0264 592.26 
-0.606173 -0.19152 -0.771929 0.673726 -0.639446 -0.370408 -0.422666 -0.7446 0.516648 19.0424 -99.9794 592.967 
-0.629445 -0.206036 -0.749232 0.691487 -0.588364 -0.419135 -0.354463 -0.781906 0.512815 16.8526 -99.5091 585.845 
-0.625774 -0.223657 -0.747251 0.698004 -0.588151 -0.408496 -0.348133 -0.77721 0.524164 14.0211 -100.262 586.076 
-0.637941 -0.229639 -0.735049 0.68573 -0.603755 -0.406516 -0.350437 -0.763378 0.542631 13.1022 -101.224 586.524 
-0.633118 -0.247038 -0.733576 0.698677 -0.590312 -0.404207 -0.333184 -0.768443 0.546338 8.566 -102.004 584.855 
-0.637819 -0.250145 -0.728433 0.680286 -0.626412 -0.380551 -0.361105 -0.738265 0.569708 7.86285 -104.136 588.304 
-0.628499 -0.252661 -0.73563 0.682764 -0.632256 -0.366177 -0.372587 -0.732403 0.569881 4.01361 -106.258 589.172 
-0.630227 -0.248258 -0.735651 0.676893 -0.639792 -0.363981 -0.380302 -0.727347 0.571259 1.28785 -108.002 589.859 
-0.627786 -0.261801 -0.733038 0.681377 -0.640119 -0.354928 -0.37631 -0.722294 0.580244 -0.209292 -110.018 590.136 
-0.636868 -0.260874 -0.725495 0.672336 -0.648454 -0.357031 -0.37731 -0.715158 0.588376 -2.40745 -111.719 590.156 
-0.641404 -0.255472 -0.723419 0.66819 -0.64936 -0.363118 -0.376993 -0.716286 0.587206 -5.19218 -113.546 590.21 
-0.638074 -0.256391 -0.726034 0.674766 -0.640388 -0.366871 -0.37088 -0.723994 0.581619 -7.7494 -115.363 589.94 
-0.647092 -0.263059 -0.715592 0.671287 -0.641557 -0.371186 -0.361448 -0.720559 0.591735 -10.9635 -116.673 588.997 
-0.645027 -0.256484 -0.719831 0.678077 -0.626459 -0.384398 -0.352352 -0.736047 0.577999 -13.2368 -118.931 588.455 
-0.646137 -0.268816 -0.714314 0.678315 -0.631275 -0.376007 -0.349851 -0.727482 0.590233 -15.641 -120.049 588.392 
-0.656087 -0.271506 -0.704155 0.670446 -0.63806 -0.378658 -0.346484 -0.720531 0.600653 -17.2575 -120.985 588.499 
-0.645124 -0.286702 -0.708249 0.679231 -0.639717 -0.359733 -0.349942 -0.713137 0.607435 -20.3596 -122.273 589.09 
-0.656239 -0.278644 -0.701218 0.675342 -0.631392 -0.381127 -0.336544 -0.723672 0.602525 -21.8093 -123.259 588.128 
-0.665861 -0.274973 -0.693555 0.672218 -0.624386 -0.397826 -0.323654 -0.731116 0.600597 -22.9256 -124.243 587.746 
-0.683517 -0.264396 -0.680367 0.654347 -0.635006 -0.410608 -0.323473 -0.725853 0.607045 -23.7706 -124.117 588.253 
-0.700608 -0.258055 -0.665249 0.634973 -0.650785 -0.416278 -0.325511 -0.714063 0.619804 -23.2666 -124.805 589.287 
-0.707672 -0.255467 -0.658738 0.633413 -0.642464 -0.43131 -0.31303 -0.722479 0.616471 -25.0955 -125.561 589.096 
-0.714856 -0.252678 -0.652023 0.623812 -0.651763 -0.431351 -0.315971 -0.715094 0.623541 -26.4364 -126.12 590.469 
-0.72124 -0.249294 -0.64627 0.626075 -0.633816 -0.454212 -0.296383 -0.732209 0.613211 -29.096 -126.947 589.457 
