Lower Arm L
-0.305218 -0.320392 -0.896767 0.320392 0.852254 -0.413536 0.896767 -0.413536 -0.157472 11.677 7.89292 -70.5016 
-0.181972 0.649228 0.738504 -0.732118 0.411917 -0.542521 -0.656422 -0.639396 0.400354 193.751 -58.1362 635.697 
-0.180119 0.657584 0.731533 -0.727665 0.411332 -0.548918 -0.661862 -0.631181 0.404413 193.719 -58.8603 636.163 
-0.185793 0.665636 0.722779 -0.724587 0.404022 -0.558338 -0.663668 -0.627452 0.407247 194.558 -58.8285 636.377 
-0.187446 0.670576 0.717769 -0.721394 0.401965 -0.563929 -0.666674 -0.6235 0.408403 194.99 -58.8215 636.826 
-0.181539 0.672659 0.717338 -0.718943 0.40691 -0.563512 -0.670943 -0.618025 0.409733 194.444 -58.5057 637.243 
-0.181949 0.677439 0.712721 -0.719738 0.402106 -0.565941 -0.669979 -0.615944 0.414416 194.941 -58.1792 637.448 
-0.183256 0.677714 0.712125 -0.720504 0.400225 -0.566299 -0.668798 -0.616866 0.414952 195.117 -58.0616 637.738 
-0.185444 0.675958 0.713226 -0.71746 0.402822 -0.568319 -0.671462 -0.617102 0.410272 195.227 -57.7468 638.532 
-0.183569 0.679246 0.710583 -0.715303 0.403535 -0.570528 -0.674273 -0.613013 0.41179 195.035 -57.3257 639.325 
-0.188259 0.677417 0.711101 -0.714245 0.402533 -0.572558 -0.674102 -0.615689 0.408061 194.462 -56.8078 639.955 
-0.189495 0.676228 0.711903 -0.713227 0.403511 -0.573138 -0.674833 -0.616356 0.405841 193.958 -56.2145 640.967 
-0.183288 0.677329 0.712482 -0.710963 0.409205 -0.571912 -0.678923 -0.611374 0.406554 192.771 -56.0249 642.165 
-0.188008 0.677718 0.71088 -0.710943 0.405476 -0.574587 -0.677652 -0.613423 0.405587 192.638 -56.111 642.94 
-0.198072 0.675135 0.710605 -0.710865 0.4002 -0.578369 -0.674861 -0.619704 0.400662 192.718 -56.5757 643.339 
-0.193187 0.669239 0.717494 -0.714653 0.405073 -0.570252 -0.672272 -0.622925 0.400019 190.881 -56.3889 643.757 
-0.205201 0.669609 0.713804 -0.711749 0.398511 -0.578449 -0.671793 -0.626748 0.394819 191.548 -56.647 644.52 
-0.202044 0.663388 0.720482 -0.713042 0.404663 -0.572555 -0.671378 -0.629416 0.391264 189.622 -56.3237 644.769 
-0.209965 0.660353 0.721005 -0.711109 0.402961 -0.576148 -0.670998 -0.633685 0.384976 189.238 -56.6872 645.062 
-0.220651 0.661056 0.71716 -0.712387 0.392992 -0.581432 -0.666196 -0.639189 0.384213 189.358 -56.7189 645.169 
-0.226496 0.659537 0.716736 -0.711979 0.390044 -0.583911 -0.664669 -0.642555 0.381234 188.686 -56.6078 645.417 
-0.234429 0.658241 0.715375 -0.712472 0.384315 -0.5871 -0.661382 -0.647318 0.378884 188.309 -56.9228 645.349 
-0.246738 0.658245 0.71122 -0.709132 0.377569 -0.595461 -0.660494 -0.651272 0.373622 188.281 -56.2547 645.789 
-0.248956 0.659344 0.709426 -0.711567 0.372396 -0.595814 -0.657034 -0.653136 0.376457 186.607 -56.437 645.348 
-0.257114 0.661418 0.704569 -0.708544 0.366766 -0.602868 -0.657159 -0.654224 0.374343 186.367 -55.8143 645.711 
-0.267644 0.665453 0.696806 -0.70524 0.357458 -0.612259 -0.656508 -0.655283 0.373633 186.138 -55.3272 645.868 
-0.264318 0.663915 0.699538 -0.703292 0.363639 -0.610858 -0.659937 -0.65344 0.37081 184.57 -54.6123 646.004 
-0.270538 0.662327 0.698665 -0.702308 0.360594 -0.613789 -0.658462 -0.656731 0.367603 183.692 -54.8241 645.348 
-0.277043 0.666528 0.692089 -0.699455 0.353952 -0.620872 -0.658794 -0.656094 0.368147 184.072 -54.1021 645.354 
-0.275496 0.667298 0.691965 -0.699371 0.354725 -0.620525 -0.659532 -0.654892 0.368964 183.232 -53.6704 645.032 
-0.278524 0.66196 0.695868 -0.70052 0.355644 -0.618701 -0.657036 -0.659793 0.364661 182.308 -53.3542 644.483 
-0.286846 0.661628 0.692797 -0.698255 0.35072 -0.624048 -0.655865 -0.662755 0.361383 182.701 -52.8249 644.387 
-0.294958 0.667485 0.683713 -0.6964 0.339763 -0.63213 -0.654237 -0.66259 0.364621 182.856 -52.9143 644.074 
-0.299078 0.666421 0.68296 -0.694694 0.338606 -0.634624 -0.654181 -0.66425 0.361689 182.88 -51.9861 644.176 
-0.305726 0.66649 0.679943 -0.693515 0.333417 -0.638648 -0.652356 -0.666802 0.360286 181.744 -51.4849 643.569 
-0.313053 0.669535 0.673588 -0.691291 0.325693 -0.645013 -0.651241 -0.667568 0.360884 181.588 -51.2073 643.263 
-0.319308 0.668993 0.671186 -0.690521 0.320816 -0.648274 -0.649017 -0.670467 0.359514 181.505 -50.4051 643.034 
-0.323633 0.667861 0.67024 -0.686129 0.322117 -0.65228 -0.651528 -0.670971 0.353991 181.252 -49.5319 643.087 
-0.331701 0.670852 0.663274 -0.684086 0.313098 -0.658785 -0.649616 -0.672256 0.355065 181.621 -49.5296 642.642 
-0.337426 0.673965 0.657202 -0.681663 0.306548 -0.664353 -0.649214 -0.672161 0.35598 182.128 -49.2596 642.506 
-0.343439 0.675299 0.652703 -0.678532 0.302091 -0.66958 -0.649341 -0.67284 0.354462 182.372 -48.3241 642.338 
-0.347304 0.675494 0.650452 -0.675634 0.300767 -0.673097 -0.650307 -0.673236 0.351929 182.423 -47.5225 642.187 
-0.352251 0.677342 0.645853 -0.671986 0.297279 -0.678278 -0.651424 -0.672929 0.350448 182.646 -46.9233 641.838 
-0.35652 0.676613 0.644274 -0.667468 0.298065 -0.682382 -0.653743 -0.673315 0.345351 182.551 -45.5415 641.666 
-0.365613 0.673449 0.64249 -0.662405 0.296663 -0.687904 -0.653871 -0.677095 0.337632 182.922 -44.5246 641.385 
-0.378953 0.674387 0.633716 -0.655953 0.287298 -0.697987 -0.652778 -0.680193 0.333494 183.764 -43.9897 641.12 
-0.389893 0.670292 0.63142 -0.650572 0.284778 -0.70403 -0.65172 -0.685281 0.32504 184.046 -42.8769 641.09 
-0.399228 0.669633 0.626266 -0.641589 0.283915 -0.712571 -0.654967 -0.686283 0.316282 184.897 -42.0016 641.544 
-0.406803 0.668368 0.622732 -0.633715 0.284517 -0.719345 -0.657965 -0.687266 0.307813 185.28 -40.8573 641.744 
-0.417906 0.668478 0.615217 -0.626027 0.27885 -0.72824 -0.658365 -0.689479 0.301952 186.66 -39.5798 641.939 
-0.425334 0.665356 0.613508 -0.620248 0.279359 -0.732975 -0.659078 -0.692286 0.293865 186.883 -38.5595 641.923 
-0.434467 0.6636 0.608994 -0.612944 0.277586 -0.739762 -0.659953 -0.694681 0.286147 187.372 -37.3869 641.816 
-0.44306 0.662735 0.603721 -0.606858 0.273961 -0.746103 -0.659865 -0.696942 0.280805 187.488 -36.2257 641.435 
-0.453946 0.665162 0.592868 -0.599952 0.26377 -0.755304 -0.65878 -0.69856 0.279328 188.279 -35.1545 641.142 
-0.46628 0.66792 0.580056 -0.591952 0.251696 -0.765665 -0.657401 -0.70038 0.278016 188.897 -33.9738 640.637 
-0.479691 0.673283 0.56266 -0.58341 0.234234 -0.777668 -0.655384 -0.701302 0.28044 190.363 -32.7625 640.494 
-0.49354 0.671794 0.552368 -0.575072 0.224389 -0.78673 -0.652465 -0.705934 0.275585 191.592 -31.5598 639.938 
-0.506852 0.67389 0.537562 -0.561483 0.215091 -0.799045 -0.654093 -0.70683 0.269358 193.327 -30.3333 639.713 
-0.520361 0.679672 0.516982 -0.550442 0.195885 -0.811569 -0.652869 -0.706878 0.272189 195.225 -29.4198 638.985 
-0.526697 0.682264 0.507056 -0.543671 0.188178 -0.817932 -0.653462 -0.706473 0.271815 195.262 -28.1112 638.5 
-0.535521 0.682922 0.496825 -0.534207 0.181713 -0.825593 -0.654094 -0.70753 0.267511 196.168 -27.115 638.132 
-0.547405 0.690195 0.473263 -0.52094 0.16156 -0.838165 -0.654957 -0.705358 0.271111 197.651 -26.1838 637.847 
-0.55821 0.693172 0.455975 -0.513241 0.143323 -0.846193 -0.651909 -0.706379 0.275761 198.567 -25.4531 637.431 
-0.566973 0.690735 0.448806 -0.506682 0.137142 -0.851156 -0.649473 -0.709985 0.272227 199.136 -24.4283 637.013 
-0.573942 0.688909 0.442713 -0.499678 0.133693 -0.855832 -0.648777 -0.712412 0.267501 200.158 -23.2956 636.746 
-0.581272 0.688392 0.433865 -0.492531 0.126773 -0.861013 -0.647716 -0.714175 0.265365 200.905 -22.6421 636.258 
-0.58699 0.68529 0.431068 -0.488483 0.124817 -0.8636 -0.645621 -0.717494 0.261487 201.126 -21.3029 635.663 
-0.597174 0.682523 0.421361 -0.482643 0.113818 -0.86839 -0.640654 -0.721948 0.261446 202.035 -21.0843 634.774 
-0.604736 0.679776 0.414968 -0.473761 0.111782 -0.873531 -0.640191 -0.724851 0.254453 202.872 -20.141 634.307 
-0.613508 0.680544 0.400584 -0.459133 0.10532 -0.882103 -0.642499 -0.725099 0.247845 204.111 -19.4915 634.34 
-0.621412 0.684947 0.380386 -0.450902 0.084395 -0.888575 -0.64073 -0.723688 0.2564 204.703 -19.2395 634.2 
-0.633373 0.68448 0.361006 -0.440753 0.0643622 -0.895319 -0.636062 -0.726185 0.260921 205.147 -19.1461 633.907 
-0.642837 0.686705 0.339406 -0.430924 0.0421272 -0.901405 -0.633297 -0.725715 0.268837 205.647 -18.8555 633.786 
-0.648981 0.687419 0.326003 -0.420097 0.0334669 -0.906863 -0.634305 -0.725489 0.267063 206.242 -18.2789 633.878 
-0.654845 0.6885 0.311681 -0.410264 0.0225085 -0.911689 -0.634714 -0.724887 0.267728 207.331 -17.858 634.048 
-0.66119 0.693515 0.28612 -0.39908 -0.00219173 -0.916914 -0.635266 -0.720439 0.278217 208.162 -17.919 633.95 
-0.669632 0.698483 0.252416 -0.383803 -0.0344813 -0.922771 -0.635836 -0.714795 0.29117 209.033 -18.3038 633.959 
-0.677326 0.699933 0.226545 -0.37007 -0.0580151 -0.927191 -0.635829 -0.711848 0.298319 209.741 -17.9394 633.76 
-0.687182 0.702182 0.186335 -0.347667 -0.0926458 -0.93303 -0.637893 -0.705944 0.307791 210.482 -18.7175 633.759 
-0.698292 0.701804 0.140921 -0.323079 -0.133327 -0.936934 -0.638755 -0.699782 0.319839 211.193 -19.5843 633.806 
-0.702064 0.702912 0.114109 -0.308778 -0.156093 -0.938239 -0.641687 -0.693938 0.326631 211.171 -19.2346 634.133 
-0.711365 0.696665 0.0928291 -0.287055 -0.167436 -0.943168 -0.641529 -0.697584 0.31909 211.662 -20.0441 633.872 
-0.721581 0.690859 0.0450928 -0.248165 -0.197296 -0.948414 -0.646324 -0.695549 0.313812 213.01 -21.087 634.089 
-0.721974 0.691915 -0.0028729 -0.233856 -0.247918 -0.940133 -0.651203 -0.678079 0.340798 212.131 -20.7195 634.319 
-0.726409 0.686857 -0.0236198 -0.220446 -0.265416 -0.938594 -0.650948 -0.676596 0.344216 211.15 -20.2071 633.863 
-0.72826 0.683969 -0.0427032 -0.21014 -0.282189 -0.936061 -0.652287 -0.672723 0.349237 210.51 -19.5997 633.309 
-0.728443 0.683113 -0.0522289 -0.205592 -0.29068 -0.934472 -0.653531 -0.669971 0.352187 210.448 -17.8725 633.338 
-0.731305 0.678063 -0.0736464 -0.188822 -0.305031 -0.933436 -0.655392 -0.668721 0.351104 210.145 -17.622 633.35 
-0.734046 0.673057 -0.0903968 -0.178332 -0.319485 -0.93066 -0.655267 -0.667026 0.354545 210.218 -16.4214 633.332 
-0.739824 0.664432 -0.105785 -0.164528 -0.331124 -0.929133 -0.652373 -0.66999 0.354292 210.38 -15.4414 633.281 
-0.746793 0.654578 -0.117588 -0.146419 -0.334293 -0.931026 -0.648738 -0.678067 0.34549 210.401 -14.4553 632.936 
-0.754428 0.642921 -0.132252 -0.13167 -0.345624 -0.92909 -0.643041 -0.683518 0.345402 210.303 -13.6712 632.397 
-0.759417 0.635078 -0.141289 -0.124698 -0.355218 -0.926429 -0.638543 -0.685928 0.348951 210.413 -13.1681 632.001 
-0.76589 0.624102 -0.154625 -0.107959 -0.361894 -0.925947 -0.633843 -0.692481 0.344549 210.735 -12.8806 631.539 
-0.768202 0.61894 -0.163641 -0.099905 -0.36837 -0.924296 -0.632364 -0.693698 0.344818 210.683 -12.3334 631.138 
-0.768956 0.615279 -0.173606 -0.0938195 -0.37722 -0.921359 -0.63238 -0.692197 0.347791 210.765 -11.7986 630.936 
-0.770885 0.609277 -0.18579 -0.0828443 -0.385098 -0.91915 -0.631564 -0.693167 0.347342 210.422 -11.1576 630.585 
-0.77346 0.602553 -0.196699 -0.0721794 -0.392036 -0.917114 -0.629722 -0.695154 0.346716 210.064 -10.9795 630.214 
-0.773737 0.595847 -0.215168 -0.0559209 -0.402558 -0.913685 -0.631034 -0.694919 0.344795 209.957 -11.1101 630.17 
-0.774994 0.582604 -0.244862 -0.0337227 -0.42503 -0.904551 -0.631068 -0.692764 0.349043 209.947 -11.9502 630.009 
-0.774903 0.575195 -0.262064 -0.0194632 -0.436121 -0.899678 -0.631781 -0.692062 0.349146 210.148 -11.1875 630.013 
-0.777002 0.5522 -0.302231 0.0120196 -0.467011 -0.88417 -0.629383 -0.690635 0.356231 209.334 -13.4504 629.675 
-0.77879 0.527996 -0.338685 0.0456857 -0.490744 -0.870105 -0.625619 -0.693102 0.358065 208.489 -14.4842 629.216 
-0.777483 0.50059 -0.380696 0.0814688 -0.520064 -0.850233 -0.623605 -0.692057 0.363559 207.538 -16.0049 628.923 
-0.777714 0.466047 -0.421855 0.11104 -0.55868 -0.821916 -0.618733 -0.686059 0.382744 206.398 -17.5489 628.46 
-0.777795 0.426484 -0.46168 0.141961 -0.596362 -0.790063 -0.612277 -0.680047 0.403304 205.354 -19.473 628.455 
-0.776172 0.390859 -0.494759 0.174427 -0.620954 -0.764193 -0.605914 -0.679445 0.413791 204.425 -20.5356 628.41 
-0.773742 0.362672 -0.519416 0.205652 -0.63171 -0.747428 -0.599192 -0.685136 0.414197 203.125 -21.1855 627.855 
-0.772997 0.327501 -0.543341 0.228698 -0.655015 -0.720175 -0.591754 -0.680954 0.431426 200.865 -22.6377 627.458 
-0.771277 0.28873 -0.567245 0.25533 -0.675997 -0.691255 -0.583042 -0.677984 0.44766 199.445 -24.3826 627.111 
-0.766602 0.257314 -0.588313 0.275559 -0.695717 -0.663359 -0.579991 -0.670647 0.462433 198.015 -25.4647 627.242 
-0.761648 0.242439 -0.600929 0.287006 -0.705232 -0.648286 -0.580964 -0.666237 0.467557 196.728 -24.9898 627.147 
-0.755263 0.237313 -0.610951 0.298358 -0.705482 -0.642866 -0.583575 -0.667815 0.462021 196.52 -24.5517 627.088 
-0.745764 0.212171 -0.631523 0.320664 -0.716584 -0.61942 -0.583961 -0.664448 0.466367 194.766 -26.1376 627.054 
-0.743383 0.178209 -0.644689 0.331958 -0.738471 -0.58691 -0.580677 -0.650309 0.48981 193.154 -26.4983 627.02 
-0.735637 0.153614 -0.659729 0.352553 -0.744807 -0.566541 -0.578399 -0.649358 0.49375 191.519 -27.3931 627.201 
-0.724233 0.146281 -0.673861 0.365479 -0.747253 -0.555012 -0.584732 -0.64824 0.487723 189.635 -27.6297 627.685 
-0.710878 0.131934 -0.69083 0.382954 -0.751261 -0.537544 -0.589913 -0.646685 0.48353 187.97 -28.2244 627.879 
-0.708077 0.101019 -0.698873 0.393413 -0.765444 -0.509236 -0.58639 -0.635524 0.502251 186.082 -28.9186 628.012 
-0.709162 0.0832577 -0.700113 0.397944 -0.772444 -0.494946 -0.582006 -0.629603 0.514656 185.275 -28.6763 628.274 
-0.704108 0.0725495 -0.706377 0.411407 -0.76912 -0.48908 -0.578771 -0.634974 0.511696 184.426 -28.8074 628.474 
-0.69539 0.0611205 -0.716029 0.425625 -0.767791 -0.478895 -0.579031 -0.637779 0.5079 183.356 -29.0079 628.847 
-0.689831 0.0544064 -0.721924 0.432018 -0.769235 -0.470784 -0.580942 -0.636646 0.507138 182.609 -28.6067 629.28 
-0.685906 0.0466953 -0.726191 0.439887 -0.768359 -0.464891 -0.579683 -0.638314 0.506481 181.426 -28.2215 629.331 
-0.678143 0.0310097 -0.734276 0.453365 -0.768703 -0.45117 -0.578431 -0.638854 0.507232 179.789 -28.1839 629.46 
-0.670364 0.0152234 -0.741877 0.466113 -0.769283 -0.436968 -0.577365 -0.638727 0.508604 178.024 -28.2822 629.419 
-0.668644 0.0082511 -0.743537 0.468113 -0.772251 -0.429532 -0.577741 -0.635264 0.512499 177.463 -27.9582 629.797 
-0.667493 0.000655196 -0.744616 0.47128 -0.773848 -0.423148 -0.576496 -0.633371 0.51623 176.639 -27.4084 629.6 
-0.666061 -0.00681198 -0.745867 0.475935 -0.773827 -0.417944 -0.574325 -0.63336 0.518659 176.195 -26.8754 629.405 
-0.658215 -0.0148368 -0.752684 0.486434 -0.771451 -0.410175 -0.574573 -0.636115 0.514998 176.087 -27.1229 629.317 
-0.650968 -0.0269067 -0.758628 0.497327 -0.770141 -0.399434 -0.573503 -0.637306 0.514719 175.91 -27.0999 629.099 
-0.641768 -0.0414435 -0.765779 0.50856 -0.770402 -0.384509 -0.574022 -0.63621 0.515496 175.738 -27.0101 629.356 
-0.631919 -0.0584792 -0.772825 0.522074 -0.769095 -0.368689 -0.572815 -0.636454 0.516536 174.981 -27.1214 629.524 
-0.620346 -0.0775482 -0.780486 0.536143 -0.768236 -0.349806 -0.57247 -0.635453 0.518149 174.302 -26.8973 629.491 
-0.611661 -0.092065 -0.785745 0.547899 -0.765755 -0.336787 -0.570682 -0.636509 0.518825 173.85 -26.9909 629.197 
-0.608439 -0.105532 -0.786553 0.555662 -0.764278 -0.32729 -0.566605 -0.636194 0.523657 173.708 -26.4016 628.863 
-0.597895 -0.125571 -0.791678 0.569217 -0.761896 -0.309039 -0.56437 -0.63541 0.527011 172.815 -26.9933 629.054 
-0.593911 -0.129247 -0.794082 0.57395 -0.759724 -0.305614 -0.563783 -0.637271 0.52539 173.124 -26.2764 628.89 
-0.579777 -0.147261 -0.801358 0.58728 -0.75727 -0.285734 -0.564766 -0.636283 0.525531 172.196 -26.6858 628.858 
-0.559551 -0.161833 -0.812843 0.602968 -0.752366 -0.265283 -0.568623 -0.638558 0.518567 171.226 -26.1052 628.478 
-0.540212 -0.171109 -0.82395 0.612394 -0.751484 -0.245448 -0.577186 -0.637176 0.510748 170.556 -24.9789 628.462 
-0.512711 -0.201309 -0.834627 0.627277 -0.751589 -0.204055 -0.586218 -0.628164 0.511625 168.973 -25.1278 628.714 
-0.486049 -0.226834 -0.843981 0.638031 -0.752055 -0.165314 -0.597221 -0.618837 0.510263 167.792 -24.1944 628.779 
-0.469349 -0.272532 -0.839904 0.650252 -0.75019 -0.119947 -0.597398 -0.602446 0.529316 166.85 -23.4404 628.783 
-0.461419 -0.27799 -0.842505 0.653962 -0.748303 -0.111251 -0.599522 -0.6023 0.527076 168.348 -21.3389 628.854 
-0.455954 -0.266264 -0.849241 0.656158 -0.745241 -0.118631 -0.601301 -0.611326 0.514507 169.763 -19.6047 629.004 
-0.453077 -0.264446 -0.851346 0.660029 -0.741439 -0.120953 -0.599235 -0.616715 0.510471 170.683 -17.7337 628.772 
-0.447988 -0.273002 -0.851339 0.667529 -0.73559 -0.115379 -0.594737 -0.619982 0.511773 171.267 -17.3099 629.163 
-0.442455 -0.272669 -0.854334 0.671091 -0.732598 -0.113739 -0.59487 -0.623661 0.507127 172.256 -15.2749 629.467 
-0.443663 -0.283536 -0.850159 0.676399 -0.72826 -0.110103 -0.587918 -0.623895 0.514885 173.929 -13.8951 629.178 
-0.436721 -0.273675 -0.856958 0.680573 -0.723473 -0.115786 -0.588298 -0.633789 0.502212 175.875 -11.4841 629.119 
-0.423416 -0.284424 -0.860129 0.690681 -0.71574 -0.103323 -0.586241 -0.637824 0.499503 176.804 -8.70561 628.987 
-0.411618 -0.290644 -0.863769 0.694759 -0.713461 -0.0910095 -0.589814 -0.637573 0.495601 178.573 -4.67754 629.208 
-0.392761 -0.304713 -0.867692 0.701738 -0.709123 -0.0686147 -0.594392 -0.635842 0.492345 179.811 -0.436577 629.37 
-0.376253 -0.318936 -0.869893 0.706036 -0.706661 -0.046291 -0.599955 -0.631594 0.491063 181.782 1.52235 630.98 
-0.362431 -0.31896 -0.875734 0.715684 -0.697143 -0.0422783 -0.597026 -0.642072 0.480941 184.707 7.99705 629.96 
-0.345887 -0.325567 -0.879982 0.725365 -0.68768 -0.0306916 -0.595153 -0.648924 0.474015 186.64 15.4827 628.935 
-0.327696 -0.354809 -0.875629 0.728271 -0.68527 0.00512632 -0.60186 -0.636016 0.482957 187.592 17.2031 631.69 
-0.319491 -0.366072 -0.874024 0.732554 -0.680491 0.0172363 -0.601074 -0.634763 0.485578 189.423 20.8455 633.252 
-0.320407 -0.376556 -0.869221 0.740322 -0.672005 0.0182276 -0.590984 -0.637663 0.494089 191.957 23.389 634.266 
-0.310258 -0.394968 -0.86472 0.754486 -0.655684 0.0287837 -0.578352 -0.643489 0.50143 193.157 26.6333 634.827 
-0.310584 -0.399013 -0.862744 0.76718 -0.64111 0.0203285 -0.561225 -0.655566 0.505233 196.265 30.0328 634.873 
-0.318345 -0.368263 -0.873521 0.777601 -0.628488 -0.0184266 -0.542212 -0.685117 0.486438 202.378 33.1413 633.785 
-0.299075 -0.390158 -0.870822 0.787498 -0.616291 0.0056623 -0.538889 -0.684078 0.491566 204.534 31.2504 637.201 
-0.310811 -0.377809 -0.872157 0.784002 -0.620669 -0.0105274 -0.537343 -0.687045 0.489114 209.317 32.5952 637.346 
-0.299882 -0.378116 -0.875842 0.784505 -0.620122 -0.0008907 -0.542792 -0.68737 0.482598 211.504 31.7318 638.68 
-0.292778 -0.383533 -0.875891 0.785649 -0.618617 0.00826565 -0.54501 -0.685723 0.48244 213.536 30.5878 640.062 
-0.284421 -0.383887 -0.878485 0.788349 -0.615079 0.0135442 -0.545537 -0.6887 0.477579 215.778 30.3386 640.882 
-0.285788 -0.371487 -0.883359 0.789565 -0.613661 0.00262524 -0.543058 -0.69672 0.468691 219.368 30.9678 641.247 
-0.284639 -0.365329 -0.886294 0.790446 -0.61253 -0.00137194 -0.54238 -0.700958 0.463123 222.134 31.0308 641.994 
-0.282002 -0.359369 -0.889567 0.793328 -0.608769 -0.00556101 -0.539542 -0.707287 0.456772 224.216 31.0349 642.513 
-0.276734 -0.363473 -0.889554 0.790529 -0.61241 0.00430465 -0.546336 -0.702027 0.456811 225.14 30.4954 644.031 
-0.274015 -0.365663 -0.889498 0.790142 -0.612864 0.00853414 -0.548261 -0.700492 0.45686 226.217 30.9665 644.493 
-0.267254 -0.386906 -0.882542 0.79509 -0.605981 0.0248913 -0.544434 -0.695048 0.469576 225.331 29.3017 645.147 
LFing.0_Hand
0.281918 0.0634359 -0.957339 -0.0634359 0.996861 0.047374 0.957339 0.047374 0.285057 17.1629 13.0369 -53.3627 
-0.764191 0.146101 0.628225 -0.550354 0.3602 -0.753237 -0.336335 -0.921364 -0.194854 180.865 -65.9201 624.576 
-0.770142 0.154335 0.61892 -0.537494 0.365469 -0.759956 -0.343484 -0.91794 -0.198509 180.892 -66.5109 624.883 
-0.77603 0.162948 0.609282 -0.527877 0.360848 -0.768853 -0.345141 -0.91828 -0.194013 181.694 -66.3075 625.025 
-0.777737 0.167608 0.605832 -0.522649 0.363038 -0.771389 -0.34923 -0.916576 -0.194748 182.127 -66.1878 625.399 
-0.775856 0.171108 0.607264 -0.52189 0.366787 -0.770129 -0.354512 -0.914434 -0.195274 181.667 -65.8605 625.713 
-0.777942 0.17435 0.603662 -0.519609 0.361669 -0.774081 -0.353287 -0.91586 -0.190764 182.181 -65.5011 625.878 
-0.778446 0.175 0.602825 -0.520071 0.357953 -0.775497 -0.351494 -0.917195 -0.187635 182.341 -65.3833 626.185 
-0.781997 0.171347 0.599267 -0.514563 0.365075 -0.775851 -0.351716 -0.915075 -0.197319 182.415 -65.0137 626.984 
-0.783818 0.172266 0.596619 -0.511535 0.365607 -0.777601 -0.352082 -0.91469 -0.19845 182.264 -64.5413 627.701 
-0.78536 0.169457 0.595394 -0.511165 0.364983 -0.778137 -0.349169 -0.915463 -0.200023 181.622 -63.9828 628.383 
-0.787058 0.167965 0.593572 -0.510513 0.362797 -0.779586 -0.346289 -0.916607 -0.199793 181.096 -63.3726 629.408 
-0.781264 0.169724 0.600683 -0.514683 0.369317 -0.773762 -0.353168 -0.913674 -0.20118 179.994 -63.1856 630.514 
-0.785269 0.169387 0.595534 -0.509575 0.369537 -0.77703 -0.351691 -0.913647 -0.20387 179.802 -63.2287 631.327 
-0.786408 0.162693 0.595898 -0.512037 0.367909 -0.776184 -0.345515 -0.915519 -0.206022 179.742 -63.6318 631.845 
-0.787318 0.157296 0.596144 -0.513716 0.367288 -0.775368 -0.340919 -0.916711 -0.208366 177.938 -63.6039 632.323 
-0.794747 0.153978 0.587085 -0.505638 0.367067 -0.780764 -0.335719 -0.917363 -0.213868 178.456 -63.7084 633.162 
-0.795147 0.147544 0.588194 -0.508222 0.367026 -0.779103 -0.330834 -0.918436 -0.216854 176.541 -63.4898 633.463 
-0.798265 0.141371 0.58548 -0.505524 0.3712 -0.778881 -0.327441 -0.917729 -0.224849 176.044 -63.781 633.842 
-0.805268 0.139791 0.576196 -0.499577 0.363412 -0.786356 -0.319321 -0.921082 -0.222807 176.034 -63.7364 634.055 
-0.806619 0.135275 0.575384 -0.499694 0.363884 -0.786063 -0.315707 -0.921569 -0.22592 175.283 -63.5817 634.371 
-0.811806 0.131391 0.568952 -0.495393 0.360835 -0.790179 -0.30912 -0.923329 -0.227838 174.804 -63.8477 634.397 
-0.816788 0.131675 0.561711 -0.488908 0.358939 -0.795067 -0.30631 -0.924027 -0.2288 174.628 -63.0167 634.919 
-0.823733 0.130678 0.551713 -0.481357 0.353 -0.802301 -0.299597 -0.926453 -0.227875 172.932 -63.2098 634.512 
-0.827564 0.132006 0.545631 -0.476238 0.349505 -0.806873 -0.297212 -0.927589 -0.226371 172.605 -62.4469 634.899 
-0.832235 0.135584 0.53759 -0.46836 0.346953 -0.812566 -0.296689 -0.928031 -0.225243 172.272 -61.776 635.077 
-0.832136 0.132162 0.538594 -0.468182 0.353134 -0.810002 -0.297247 -0.926192 -0.231979 170.735 -61.0725 635.181 
-0.836423 0.126523 0.533281 -0.464096 0.354108 -0.811925 -0.291566 -0.926607 -0.237465 169.777 -61.2271 634.593 
-0.840456 0.132556 0.525416 -0.455271 0.35311 -0.817338 -0.293872 -0.926145 -0.236424 170.103 -60.3626 634.586 
-0.842785 0.133831 0.521347 -0.450912 0.353375 -0.819637 -0.293923 -0.92586 -0.237473 169.284 -59.9365 634.239 
-0.84306 0.125201 0.523043 -0.454869 0.352905 -0.817651 -0.286955 -0.927245 -0.24057 168.3 -59.6598 633.792 
-0.846198 0.123707 0.51831 -0.451727 0.349406 -0.820889 -0.28265 -0.92877 -0.239785 168.596 -59.0216 633.76 
-0.853404 0.130587 0.504627 -0.438347 0.344056 -0.830348 -0.282052 -0.929825 -0.236376 168.69 -58.9549 633.439 
-0.856942 0.124785 0.500078 -0.435113 0.344926 -0.831687 -0.276272 -0.930299 -0.241286 168.663 -57.9711 633.578 
-0.859196 0.120599 0.497231 -0.434055 0.342716 -0.833152 -0.270886 -0.931667 -0.242113 167.453 -57.3895 633.024 
-0.860859 0.124032 0.493496 -0.430374 0.339948 -0.83619 -0.271477 -0.93223 -0.239266 167.233 -56.9812 632.733 
-0.862756 0.123234 0.490373 -0.42859 0.336309 -0.838574 -0.268257 -0.933654 -0.237336 167.08 -56.1136 632.564 
-0.864405 0.122039 0.487761 -0.424911 0.341321 -0.838422 -0.268803 -0.931991 -0.243183 166.775 -55.1399 632.635 
-0.870182 0.12557 0.476461 -0.41337 0.340212 -0.844619 -0.268156 -0.931928 -0.244139 167.075 -55.0026 632.214 
-0.87308 0.130837 0.469695 -0.406136 0.337877 -0.849054 -0.269786 -0.932053 -0.241855 167.539 -54.6119 632.075 
-0.876392 0.131641 0.463258 -0.400056 0.336548 -0.852462 -0.268127 -0.93242 -0.242283 167.729 -53.5575 631.922 
-0.877409 0.132366 0.461121 -0.396818 0.339931 -0.852633 -0.269608 -0.93109 -0.245733 167.741 -52.6713 631.784 
-0.881716 0.130767 0.453296 -0.389683 0.339745 -0.855991 -0.26594 -0.931383 -0.248601 167.925 -51.9501 631.43 
-0.884462 0.131158 0.4478 -0.38357 0.342119 -0.857804 -0.265709 -0.930459 -0.252283 167.784 -50.4625 631.274 
-0.887786 0.123837 0.443283 -0.38035 0.344934 -0.858111 -0.259169 -0.930423 -0.259126 168.046 -49.3078 631.083 
-0.896742 0.12098 0.425696 -0.364793 0.34253 -0.865794 -0.250557 -0.931686 -0.263028 168.765 -48.5339 630.889 
-0.899963 0.109751 0.421925 -0.36413 0.342968 -0.8659 -0.23974 -0.932914 -0.268694 168.92 -47.2684 630.981 
-0.905066 0.104073 0.41234 -0.354811 0.349725 -0.867065 -0.234443 -0.931054 -0.279598 169.68 -46.1682 631.474 
-0.909175 0.0940425 0.405657 -0.349993 0.355251 -0.866777 -0.225623 -0.930029 -0.290071 169.988 -44.8397 631.715 
-0.912456 0.0903232 0.399082 -0.344793 0.355447 -0.868778 -0.220323 -0.930323 -0.293186 171.27 -43.3323 631.971 
-0.915414 0.0831314 0.393836 -0.341153 0.359027 -0.868743 -0.213617 -0.929618 -0.300297 171.409 -42.1794 632.035 
-0.920389 0.0823719 0.38223 -0.329355 0.363542 -0.871414 -0.210736 -0.927929 -0.30747 171.811 -40.8208 632.001 
-0.924184 0.0769263 0.37412 -0.322684 0.366798 -0.872545 -0.204348 -0.927115 -0.314166 171.85 -39.4882 631.684 
-0.929916 0.0769417 0.359633 -0.309814 0.363025 -0.878765 -0.198169 -0.928598 -0.313745 172.569 -38.1759 631.429 
-0.935898 0.0818086 0.34264 -0.292302 0.362508 -0.884957 -0.196606 -0.928384 -0.315357 173.11 -36.7176 630.966 
-0.941916 0.0919467 0.323016 -0.271542 0.357477 -0.893575 -0.197632 -0.929385 -0.311746 174.516 -35.1804 630.834 
-0.945704 0.0899721 0.312327 -0.261657 0.359308 -0.895787 -0.192817 -0.928873 -0.316257 175.64 -33.7175 630.392 
-0.949854 0.0935795 0.298362 -0.246711 0.361971 -0.89895 -0.192121 -0.927481 -0.320732 177.305 -32.121 630.206 
-0.955038 0.105118 0.277224 -0.223944 0.357009 -0.906859 -0.194299 -0.928168 -0.317416 179.17 -30.8304 629.469 
-0.958159 0.109063 0.264642 -0.210995 0.355647 -0.910493 -0.19342 -0.928236 -0.317754 179.195 -29.3215 628.977 
-0.961709 0.112621 0.249865 -0.194838 0.360237 -0.912287 -0.192753 -0.926038 -0.3245 180.062 -28.0766 628.646 
-0.965612 0.125106 0.227909 -0.171097 0.354246 -0.919367 -0.195754 -0.926747 -0.320659 181.56 -26.7294 628.303 
-0.968758 0.132182 0.209845 -0.152924 0.34775 -0.925032 -0.195245 -0.928224 -0.316671 182.467 -25.721 627.893 
-0.971094 0.128504 0.201153 -0.145967 0.347082 -0.926406 -0.188863 -0.92899 -0.318292 182.981 -24.5196 627.563 
-0.97261 0.128834 0.193473 -0.138041 0.349529 -0.926701 -0.187015 -0.928026 -0.32217 183.964 -23.2185 627.363 
-0.975747 0.128747 0.177038 -0.122377 0.349733 -0.928823 -0.181499 -0.927962 -0.325494 184.687 -22.374 626.921 
-0.977638 0.124144 0.169742 -0.117015 0.34953 -0.92959 -0.174732 -0.928665 -0.327187 184.861 -20.9387 626.41 
-0.980327 0.120486 0.156341 -0.106052 0.346507 -0.932034 -0.16647 -0.930278 -0.326912 185.721 -20.5347 625.618 
-0.982247 0.117959 0.145865 -0.0961488 0.351099 -0.931389 -0.161079 -0.928879 -0.333524 186.516 -19.396 625.238 
-0.983103 0.123888 0.134757 -0.0829638 0.354658 -0.931308 -0.16317 -0.926753 -0.338387 187.758 -18.4097 625.302 
-0.984267 0.134378 0.114718 -0.0623858 0.343139 -0.937211 -0.165305 -0.929623 -0.329357 188.406 -17.875 625.099 
-0.98626 0.142334 0.0838569 -0.0322407 0.33201 -0.942725 -0.162022 -0.932476 -0.322859 188.857 -17.4707 624.846 
-0.986677 0.150216 0.0624801 -0.0108464 0.322449 -0.946525 -0.162329 -0.934593 -0.316523 189.412 -16.8708 624.687 
-0.986792 0.15466 0.048182 0.00393018 0.320206 -0.94734 -0.161943 -0.934639 -0.316584 190.041 -16.0363 624.78 
-0.985909 0.162666 0.0390261 0.0150419 0.318555 -0.947785 -0.166605 -0.933843 -0.316513 191.175 -15.3686 624.935 
-0.983725 0.179063 0.0148848 0.0411377 0.305088 -0.951436 -0.174908 -0.935339 -0.307488 192.135 -15.0968 624.706 
-0.979966 0.198407 -0.0173301 0.0749466 0.286753 -0.955069 -0.184522 -0.937235 -0.295878 193.182 -15.0462 624.555 
-0.977123 0.209025 -0.0392366 0.0974533 0.276073 -0.956183 -0.189034 -0.938133 -0.290128 194.018 -14.3229 624.274 
-0.970067 0.228668 -0.0817385 0.141524 0.258831 -0.955499 -0.197335 -0.938466 -0.283445 194.99 -14.5459 624.122 
-0.960018 0.250106 -0.125743 0.185818 0.233388 -0.954464 -0.20937 -0.939669 -0.27053 195.974 -14.8159 624.01 
-0.954247 0.261619 -0.144801 0.205346 0.221344 -0.953331 -0.217358 -0.939449 -0.264939 196.151 -14.1325 624.201 
-0.94996 0.265677 -0.164288 0.226812 0.225033 -0.947585 -0.214781 -0.937431 -0.274031 196.734 -14.5101 624.032 
-0.935438 0.28145 -0.213872 0.27789 0.211569 -0.937025 -0.218477 -0.935962 -0.276122 198.417 -14.7719 624.217 
-0.918415 0.309193 -0.246805 0.309814 0.17415 -0.934713 -0.246025 -0.934918 -0.255735 197.995 -14.0397 624.032 
-0.911587 0.31001 -0.270007 0.331441 0.165635 -0.928823 -0.243221 -0.936195 -0.25374 197.17 -13.2585 623.54 
-0.90253 0.316064 -0.292476 0.352452 0.151941 -0.923413 -0.247418 -0.936493 -0.248529 196.701 -12.4428 622.899 
-0.898016 0.32282 -0.298922 0.358781 0.144089 -0.922234 -0.254644 -0.935429 -0.245216 196.732 -10.6234 622.868 
-0.88856 0.329803 -0.318889 0.379347 0.137313 -0.915009 -0.257984 -0.934011 -0.247121 196.617 -10.0617 622.856 
-0.879325 0.334565 -0.3389 0.398461 0.127164 -0.908328 -0.260799 -0.933754 -0.245129 196.833 -8.66266 622.799 
-0.876236 0.330653 -0.350541 0.4084 0.123454 -0.904416 -0.255771 -0.935644 -0.243214 197.095 -7.43382 622.808 
-0.871084 0.326674 -0.366736 0.425078 0.12744 -0.896141 -0.246009 -0.936506 -0.249873 197.168 -6.13727 622.641 
-0.865841 0.323091 -0.38201 0.438102 0.120851 -0.890765 -0.241631 -0.938621 -0.246185 197.148 -5.09527 622.214 
-0.860714 0.318853 -0.396867 0.450711 0.1148 -0.885258 -0.236707 -0.940827 -0.242521 197.305 -4.46823 621.864 
-0.855906 0.314877 -0.410217 0.463497 0.115307 -0.878564 -0.229338 -0.942103 -0.244636 197.706 -3.89883 621.546 
-0.849867 0.314397 -0.422943 0.475491 0.111414 -0.872637 -0.227233 -0.942731 -0.24418 197.729 -3.21526 621.171 
-0.844797 0.315565 -0.432129 0.483409 0.103847 -0.869213 -0.229418 -0.943205 -0.240276 197.913 -2.57625 620.932 
-0.8397 0.317028 -0.440904 0.492246 0.101469 -0.864522 -0.22934 -0.942973 -0.241259 197.687 -1.7532 620.602 
-0.830748 0.316466 -0.457937 0.508257 0.0957449 -0.855867 -0.227007 -0.94376 -0.240386 197.426 -1.40043 620.275 
-0.818915 0.323553 -0.474017 0.525633 0.0912492 -0.845804 -0.230408 -0.941801 -0.244795 197.524 -1.26798 620.229 
-0.802541 0.325003 -0.500301 0.549552 0.076321 -0.831966 -0.232207 -0.942629 -0.239856 197.844 -1.75621 620.016 
-0.792431 0.328283 -0.514084 0.563031 0.0694837 -0.82351 -0.234624 -0.942021 -0.239895 198.246 -0.772817 620.004 
-0.765946 0.325702 -0.554297 0.599277 0.0495095 -0.799009 -0.232795 -0.944176 -0.233107 197.894 -2.56597 619.628 
-0.740657 0.321584 -0.589925 0.631278 0.0324715 -0.774876 -0.230031 -0.946325 -0.227059 197.485 -3.11437 619.22 
-0.710993 0.322775 -0.624744 0.662889 0.011171 -0.748634 -0.234661 -0.94641 -0.221906 197.086 -4.14892 618.9 
-0.677774 0.309877 -0.666782 0.695775 -0.0229114 -0.717894 -0.237735 -0.950501 -0.200076 196.497 -5.34284 618.298 
-0.644019 0.295235 -0.705745 0.725705 -0.0561256 -0.685713 -0.242057 -0.953775 -0.178107 196.017 -6.93482 618.165 
-0.611281 0.281729 -0.73957 0.75362 -0.0781153 -0.652652 -0.241643 -0.956309 -0.164566 195.594 -7.64164 618.113 
-0.589402 0.273239 -0.760227 0.773089 -0.0822617 -0.628941 -0.234388 -0.958423 -0.162753 194.697 -7.92783 617.682 
-0.560251 0.256864 -0.78749 0.793896 -0.10472 -0.598968 -0.236319 -0.960758 -0.145253 192.839 -9.1881 617.213 
-0.52875 0.234627 -0.815704 0.815847 -0.124604 -0.564684 -0.23413 -0.964067 -0.125535 191.851 -10.7126 616.827 
-0.501555 0.22178 -0.836215 0.830838 -0.145944 -0.537037 -0.241145 -0.964114 -0.111064 190.838 -11.6681 616.828 
-0.48611 0.216212 -0.846729 0.839126 -0.155111 -0.521353 -0.244059 -0.963947 -0.106027 189.816 -11.122 616.649 
-0.47906 0.220708 -0.849582 0.843494 -0.152124 -0.515147 -0.242938 -0.963404 -0.113289 189.827 -10.5615 616.612 
-0.446147 0.212756 -0.869303 0.859957 -0.16708 -0.482243 -0.247842 -0.962715 -0.108418 188.532 -11.9841 616.514 
-0.420092 0.19023 -0.887319 0.869953 -0.19386 -0.453432 -0.258272 -0.962409 -0.0840513 187.236 -12.3907 616.239 
-0.397276 0.182705 -0.899328 0.879258 -0.204879 -0.430034 -0.262823 -0.961584 -0.0792515 185.975 -13.1398 616.412 
-0.378779 0.187392 -0.906317 0.887167 -0.205356 -0.413236 -0.263554 -0.96058 -0.0884632 184.437 -13.2794 616.853 
-0.356219 0.188902 -0.915109 0.895609 -0.210237 -0.392027 -0.266444 -0.959228 -0.0942918 183.207 -13.7583 617.001 
-0.331312 0.168972 -0.928268 0.902976 -0.228525 -0.363884 -0.273618 -0.958763 -0.0768649 181.578 -14.5046 616.956 
-0.322655 0.154466 -0.933828 0.905394 -0.23728 -0.35208 -0.275962 -0.959083 -0.0632931 180.846 -14.3008 617.138 
-0.311534 0.149498 -0.938402 0.91073 -0.234814 -0.339756 -0.271142 -0.960476 -0.0629999 180.183 -14.2974 617.44 
-0.294431 0.149212 -0.943953 0.916174 -0.236961 -0.323224 -0.271909 -0.959993 -0.0669353 179.392 -14.385 617.859 
-0.282201 0.148699 -0.947761 0.919545 -0.239711 -0.311409 -0.273495 -0.95939 -0.0690883 178.817 -13.9583 618.265 
-0.271338 0.14589 -0.951363 0.92366 -0.238434 -0.300001 -0.270604 -0.960139 -0.0700564 177.771 -13.5136 618.349 
-0.257486 0.139488 -0.956161 0.927546 -0.241684 -0.285038 -0.270848 -0.960278 -0.0671514 176.401 -13.4014 618.492 
-0.238602 0.133309 -0.961924 0.933143 -0.242815 -0.265114 -0.268912 -0.96087 -0.0664605 174.9 -13.44 618.454 
-0.234028 0.130592 -0.963419 0.932989 -0.248522 -0.260324 -0.273427 -0.959783 -0.0636792 174.413 -13.1445 618.773 
-0.230314 0.124552 -0.965113 0.933494 -0.251845 -0.25527 -0.274853 -0.95972 -0.0582653 173.652 -12.6012 618.55 
-0.223181 0.120469 -0.967304 0.935487 -0.252424 -0.247277 -0.27396 -0.960089 -0.0563611 173.274 -12.0476 618.364 
-0.212956 0.120556 -0.969596 0.93865 -0.250271 -0.237278 -0.271266 -0.960641 -0.0598634 173.39 -12.2203 618.321 
-0.197875 0.115249 -0.973429 0.943619 -0.246464 -0.220995 -0.265384 -0.962276 -0.0599816 173.436 -12.1407 618.127 
-0.183793 0.109849 -0.976808 0.945139 -0.253271 -0.206317 -0.27006 -0.961139 -0.0572731 173.539 -12.0229 618.363 
-0.158484 0.104091 -0.981859 0.949181 -0.257799 -0.18054 -0.271915 -0.960576 -0.0579445 173.078 -12.0868 618.541 
-0.13567 0.0961971 -0.986073 0.951826 -0.263591 -0.156673 -0.274992 -0.959826 -0.0558014 172.736 -11.8347 618.493 
-0.120837 0.0899019 -0.988593 0.954817 -0.261872 -0.140524 -0.271518 -0.960907 -0.0541959 172.533 -11.8859 618.225 
-0.103207 0.0800122 -0.991437 0.95661 -0.265072 -0.120974 -0.272481 -0.960904 -0.0491829 172.509 -11.2766 617.904 
-0.088204 0.0727158 -0.993445 0.95814 -0.266516 -0.104578 -0.272373 -0.961084 -0.0461641 171.917 -11.8488 618.094 
-0.0813019 0.0723453 -0.994061 0.959147 -0.265476 -0.0977673 -0.270972 -0.9614 -0.047806 172.326 -11.1023 617.964 
-0.0587401 0.0659063 -0.996096 0.96075 -0.267269 -0.0743397 -0.271124 -0.961366 -0.04762 171.767 -11.5119 617.91 
-0.0323225 0.0638915 -0.997433 0.962446 -0.26714 -0.0483008 -0.26954 -0.961538 -0.0528574 171.284 -10.9118 617.549 
-0.00718089 0.0689321 -0.997596 0.960779 -0.276094 -0.0259937 -0.277222 -0.958656 -0.0642457 171.061 -9.83806 617.472 
0.0359867 0.0581988 -0.997656 0.958148 -0.285712 0.0178943 -0.284 -0.956547 -0.0660448 170.138 -10.1615 617.537 
0.071854 0.0537248 -0.995967 0.951758 -0.30235 0.052355 -0.298317 -0.951682 -0.072858 169.572 -9.43854 617.404 
0.110409 0.02288 -0.993623 0.944927 -0.312326 0.0978057 -0.308096 -0.9497 -0.0561033 169.05 -8.94748 617.147 
0.11997 0.0201431 -0.992573 0.941564 -0.319277 0.107325 -0.314743 -0.947448 -0.0572696 170.719 -6.8823 617.206 
0.122653 0.0336791 -0.991878 0.941664 -0.319562 0.105592 -0.31341 -0.946967 -0.0709093 172.232 -5.05611 617.492 
0.128654 0.03481 -0.991079 0.943078 -0.313352 0.111417 -0.306678 -0.948999 -0.0731424 173.208 -3.12005 617.355 
0.13298 0.0340562 -0.990534 0.944447 -0.307427 0.116223 -0.300558 -0.950963 -0.0730458 173.908 -2.66154 617.817 
0.136635 0.0378498 -0.989898 0.944358 -0.306784 0.118619 -0.299195 -0.951027 -0.0776611 175.01 -0.60131 618.181 
0.136798 0.0232235 -0.990327 0.946814 -0.297004 0.123822 -0.291255 -0.954594 -0.0626178 176.672 0.805136 617.924 
0.133886 0.0384922 -0.990249 0.948658 -0.293933 0.116837 -0.28657 -0.955051 -0.0758693 178.746 3.31425 618.026 
0.151667 0.0318536 -0.987919 0.947861 -0.2881 0.136228 -0.28028 -0.957071 -0.073888 179.958 6.09187 617.97 
0.164168 0.0352849 -0.985801 0.944335 -0.294454 0.146723 -0.285096 -0.955015 -0.0816605 181.972 10.0524 618.173 
0.179749 0.033883 -0.983129 0.941238 -0.296426 0.161874 -0.285939 -0.954455 -0.0851741 183.601 14.1628 618.289 
0.190402 0.0291285 -0.981274 0.939154 -0.296499 0.173428 -0.285894 -0.95459 -0.08381 185.91 15.9591 619.807 
0.198001 0.0409888 -0.979345 0.940216 -0.290402 0.177936 -0.27711 -0.956027 -0.0960381 189.103 22.5003 618.978 
0.221853 0.0394563 -0.974282 0.937943 -0.281763 0.202168 -0.266539 -0.958673 -0.0995176 191.361 29.9793 618.08 
0.245976 0.031515 -0.968764 0.928304 -0.295179 0.2261 -0.278833 -0.954923 -0.101862 192.681 31.3845 620.586 
0.248576 0.030336 -0.968138 0.927344 -0.296096 0.228824 -0.279719 -0.954677 -0.101734 194.672 34.9533 622.129 
0.252851 0.0138755 -0.967406 0.930052 -0.278999 0.239086 -0.266587 -0.960192 -0.0834499 197.191 37.5684 623.228 
0.275367 0.00446288 -0.961329 0.926195 -0.269145 0.264053 -0.257558 -0.96309 -0.0782469 198.586 40.8544 623.938 
0.280817 -0.00469468 -0.95975 0.928536 -0.251672 0.272915 -0.242823 -0.967802 -0.0663145 201.688 44.466 624.263 
0.25523 0.0239702 -0.966584 0.943684 -0.223839 0.243632 -0.210518 -0.974332 -0.0797504 207.65 48.0557 623.782 
0.290797 0.0140638 -0.956682 0.933595 -0.222978 0.280502 -0.209374 -0.974723 -0.0779712 210.172 46.0276 627.194 
0.267698 0.0149683 -0.963387 0.941022 -0.218792 0.258084 -0.206918 -0.975657 -0.0726556 214.733 47.4961 627.4 
0.276937 0.0174894 -0.960729 0.937647 -0.22349 0.266215 -0.210057 -0.97455 -0.0782913 217.125 46.544 628.716 
0.288701 0.0149869 -0.957302 0.933369 -0.227107 0.277928 -0.213244 -0.973755 -0.0795542 219.291 45.3216 630.058 
0.289928 0.021724 -0.956802 0.934688 -0.221271 0.278203 -0.205669 -0.974971 -0.0844577 221.688 45.0466 630.931 
0.301443 0.0327441 -0.952922 0.932501 -0.21864 0.28747 -0.198933 -0.975257 -0.096441 225.249 45.7946 631.456 
0.298914 0.0365603 -0.95358 0.933614 -0.218039 0.284296 -0.197523 -0.975256 -0.099308 228.034 45.9049 632.286 
0.298309 0.0430562 -0.953498 0.934762 -0.215131 0.282733 -0.192953 -0.975636 -0.104423 230.162 45.9774 632.939 
0.309697 0.0417231 -0.94992 0.930277 -0.219919 0.293633 -0.196654 -0.974626 -0.106922 231.184 45.315 634.329 
0.314017 0.0410127 -0.948531 0.928756 -0.22056 0.297934 -0.196989 -0.974511 -0.10735 232.313 45.7409 634.754 
0.326216 0.0255576 -0.94495 0.924667 -0.216317 0.313363 -0.1964 -0.975989 -0.0941982 231.557 43.9619 635.319 
LFing.0_0
0.533141 -0.162488 -0.830276 0.162488 0.982779 -0.0879957 0.830276 -0.0879957 0.550362 36.7155 8.63727 13.0341 
-0.816953 0.291452 0.497638 -0.421715 0.28668 -0.860215 -0.393374 -0.912617 -0.111295 127.864 -104.089 601.249 
-0.82103 0.286267 0.493924 -0.419493 0.284309 -0.862086 -0.387214 -0.914997 -0.113339 127.478 -103.788 601.06 
-0.821752 0.285043 0.49343 -0.422849 0.275443 -0.863324 -0.381997 -0.918086 -0.105816 127.872 -102.918 601.087 
-0.819624 0.286271 0.496252 -0.425369 0.276156 -0.861857 -0.383768 -0.917489 -0.104573 128.186 -102.436 601.177 
-0.818095 0.287046 0.498323 -0.426783 0.277757 -0.860643 -0.385457 -0.916763 -0.104726 127.856 -102.056 601.125 
-0.817674 0.285606 0.499838 -0.431261 0.271255 -0.860485 -0.381344 -0.919157 -0.0986272 128.226 -101.538 601.375 
-0.814343 0.284541 0.505847 -0.438805 0.268594 -0.8575 -0.379862 -0.920268 -0.0938691 128.351 -101.452 601.806 
