Lower Arm R
-0.0148834 -0.327094 -0.944875 0.327094 0.891393 -0.313732 0.944875 -0.313732 0.0937236 43.3573 -12.3442 -85.718 
0.466714 -0.137295 0.873687 -0.720925 0.513169 0.465753 -0.512295 -0.847235 0.140523 -121.864 -61.5389 628.99 
0.468654 -0.137143 0.872672 -0.72023 0.512685 0.467358 -0.511501 -0.847553 0.141497 -121.426 -61.4384 628.914 
0.467372 -0.140496 0.872826 -0.719583 0.513093 0.467906 -0.51358 -0.846756 0.138707 -120.659 -61.3423 629.075 
0.465089 -0.140866 0.873985 -0.719134 0.515637 0.465795 -0.516274 -0.845148 0.138515 -119.542 -60.9358 629.299 
0.46326 -0.141143 0.874911 -0.719802 0.515988 0.464372 -0.516987 -0.844887 0.137441 -118.53 -60.8527 629.356 
0.468604 -0.150096 0.870565 -0.715447 0.513598 0.473659 -0.518215 -0.8448 0.133288 -119.012 -61.0068 629.601 
0.468842 -0.150643 0.870342 -0.713821 0.515733 0.473792 -0.520238 -0.843401 0.134265 -118.633 -60.5335 630.232 
0.463895 -0.147247 0.873568 -0.71708 0.516614 0.467874 -0.520191 -0.843462 0.134066 -117.147 -60.5155 630.516 
0.463978 -0.147684 0.87345 -0.716612 0.517067 0.468092 -0.520762 -0.843108 0.134075 -116.837 -60.1913 631.448 
0.47255 -0.151638 0.868161 -0.712629 0.513828 0.477641 -0.518514 -0.844385 0.134748 -117.226 -60.4208 632.265 
0.472801 -0.152957 0.867792 -0.711978 0.513936 0.478495 -0.51918 -0.844081 0.134087 -116.397 -60.5858 633.299 
0.472832 -0.149928 0.868304 -0.714751 0.511045 0.477457 -0.515326 -0.846377 0.134477 -115.78 -60.4074 634.005 
0.475466 -0.151742 0.866549 -0.714029 0.508837 0.480883 -0.513903 -0.847383 0.133586 -115.567 -60.7559 634.94 
0.478008 -0.146824 0.865998 -0.71437 0.508669 0.480554 -0.511063 -0.84835 0.13826 -115.122 -61.1198 635.487 
0.48281 -0.144239 0.863765 -0.714746 0.505008 0.483845 -0.505998 -0.850977 0.140728 -115.014 -61.5258 635.778 
0.485809 -0.146278 0.861739 -0.714877 0.500786 0.488022 -0.502933 -0.853121 0.138715 -114.251 -62.5067 635.871 
0.490568 -0.143488 0.859509 -0.715074 0.497415 0.491171 -0.49801 -0.855564 0.141411 -113.429 -63.2176 635.789 
0.493646 -0.13328 0.85939 -0.718106 0.494934 0.489249 -0.490549 -0.858648 0.148613 -111.778 -63.6777 635.275 
0.49944 -0.132454 0.856164 -0.716991 0.491524 0.494296 -0.486297 -0.860732 0.150518 -111.513 -64.4111 635.308 
0.505198 -0.130468 0.853085 -0.716436 0.487705 0.498862 -0.48114 -0.863204 0.152915 -110.932 -64.7498 635.14 
0.507839 -0.12356 0.852545 -0.718631 0.484982 0.498359 -0.475047 -0.865751 0.157499 -109.311 -64.9549 634.752 
0.5149 -0.120555 0.848732 -0.718745 0.478882 0.504062 -0.46721 -0.869562 0.159928 -108.472 -65.1521 634.309 
0.522478 -0.115946 0.844733 -0.715646 0.478961 0.508377 -0.463538 -0.870145 0.16727 -107.156 -65.0191 634.048 
0.531466 -0.115258 0.839202 -0.710798 0.478214 0.515827 -0.460772 -0.870647 0.172229 -106.345 -64.3444 633.852 
0.535533 -0.112457 0.836994 -0.708689 0.479188 0.517822 -0.45931 -0.870478 0.176924 -104.403 -64.3579 633.614 
0.547396 -0.10527 0.830227 -0.705911 0.474767 0.52563 -0.449498 -0.873793 0.185574 -104.052 -64.085 633.162 
0.551303 -0.104118 0.827783 -0.704989 0.472446 0.528947 -0.446157 -0.875188 0.187058 -103.152 -63.4262 633.353 
0.556822 -0.100826 0.82449 -0.702991 0.471514 0.532428 -0.442441 -0.876075 0.191669 -101.988 -63.5553 633.046 
0.568431 -0.0990295 0.81675 -0.697937 0.467596 0.542437 -0.435626 -0.878377 0.196679 -102.196 -63.5486 632.546 
0.571862 -0.0999359 0.814241 -0.697134 0.463977 0.546562 -0.43241 -0.880192 0.195662 -100.951 -62.9591 632.064 
0.580027 -0.0992247 0.808532 -0.692798 0.462005 0.5537 -0.428487 -0.881309 0.199232 -100.163 -62.8201 631.732 
0.586748 -0.0944754 0.80424 -0.69169 0.457953 0.558431 -0.421062 -0.883942 0.203354 -100.223 -61.8323 631.366 
0.592085 -0.0946082 0.800303 -0.688381 0.45697 0.563303 -0.419008 -0.884436 0.205438 -99.8803 -61.0268 631.267 
0.598758 -0.0966422 0.795079 -0.683252 0.456347 0.570013 -0.417919 -0.884538 0.20721 -99.6857 -60.7592 631.13 
0.60766 -0.0995008 0.78794 -0.677212 0.45337 0.579518 -0.414891 -0.885751 0.208111 -99.7905 -60.6911 630.776 
0.61152 -0.103381 0.784447 -0.675545 0.447934 0.585657 -0.411927 -0.888069 0.204081 -99.7588 -60.2638 630.366 
0.613519 -0.103811 0.782828 -0.674383 0.44689 0.587791 -0.410857 -0.888545 0.204167 -99.6399 -60.2105 629.794 
0.616269 -0.109976 0.77982 -0.670902 0.445259 0.592988 -0.412436 -0.888622 0.200616 -100.117 -59.9397 629.324 
0.618457 -0.111393 0.777884 -0.669318 0.443994 0.595722 -0.411735 -0.889079 0.200033 -100.277 -59.3922 628.64 
0.625278 -0.112544 0.772245 -0.663053 0.445255 0.601756 -0.41157 -0.888302 0.203785 -100.649 -59.0119 628.301 
0.631556 -0.10662 0.767965 -0.659747 0.446399 0.604535 -0.407274 -0.888459 0.211584 -100.796 -58.5072 627.728 
0.638797 -0.111185 0.7613 -0.654213 0.44225 0.613531 -0.4049 -0.889973 0.209769 -101.356 -58.4059 627.445 
0.649534 -0.114946 0.751594 -0.646573 0.436614 0.625549 -0.400061 -0.892275 0.209275 -101.907 -58.3167 627.005 
0.665836 -0.113261 0.737452 -0.636839 0.428684 0.640833 -0.388716 -0.896326 0.213304 -103.108 -58.3693 626.19 
0.675422 -0.116108 0.728235 -0.627394 0.428489 0.650211 -0.387536 -0.896055 0.216565 -104.235 -58.019 626.075 
0.683041 -0.116805 0.72098 -0.621105 0.426498 0.657518 -0.384298 -0.896915 0.218767 -104.749 -57.6587 625.795 
0.69352 -0.116233 0.711 -0.613171 0.422882 0.667228 -0.378223 -0.898699 0.222005 -105.336 -57.2741 625.298 
0.703679 -0.118228 0.700613 -0.603913 0.419979 0.677427 -0.374334 -0.8998 0.22413 -106.501 -56.917 625.113 
0.712476 -0.115574 0.692114 -0.596755 0.419081 0.684292 -0.369139 -0.900563 0.229615 -107.22 -56.6577 624.774 
0.721507 -0.122371 0.681509 -0.586835 0.414324 0.695673 -0.367496 -0.901865 0.227125 -108.085 -56.6516 624.505 
0.732237 -0.125217 0.669441 -0.576987 0.408157 0.707456 -0.361823 -0.904283 0.226619 -109.154 -56.5705 623.706 
0.740929 -0.124712 0.659903 -0.56685 0.410806 0.714087 -0.360147 -0.903153 0.233685 -110.393 -55.9003 623.102 
0.747272 -0.127487 0.652176 -0.555368 0.419104 0.718275 -0.3649 -0.898943 0.242382 -111.732 -55.1109 622.961 
0.758252 -0.133391 0.638171 -0.540187 0.419521 0.729521 -0.365038 -0.897891 0.246046 -113.435 -55.1273 622.099 
0.767785 -0.140944 0.625014 -0.525051 0.420653 0.739847 -0.367191 -0.896206 0.248968 -115.364 -55.1528 621.293 
0.776123 -0.14812 0.612939 -0.513683 0.41526 0.750793 -0.365737 -0.897563 0.246206 -116.834 -55.2276 620.189 
0.786983 -0.149546 0.598577 -0.500182 0.41336 0.760889 -0.361216 -0.898203 0.250507 -118.28 -55.4515 619.097 
0.799017 -0.153486 0.58139 -0.486173 0.404069 0.774832 -0.353848 -0.901759 0.248237 -119.552 -55.6679 617.986 
0.810533 -0.15273 0.565429 -0.473658 0.39692 0.786195 -0.344506 -0.905056 0.249375 -120.955 -55.5114 616.885 
0.821021 -0.1569 0.548915 -0.457363 0.394679 0.796899 -0.341679 -0.905323 0.252279 -121.993 -55.2739 616.196 
0.828591 -0.161811 0.535962 -0.443739 0.393912 0.804941 -0.341371 -0.904793 0.25459 -122.437 -54.6006 615.65 
0.837265 -0.168481 0.520195 -0.428819 0.387957 0.815846 -0.339268 -0.906147 0.252575 -123.477 -54.4165 615.008 
0.845364 -0.173643 0.505182 -0.417516 0.375149 0.827613 -0.333228 -0.910555 0.244638 -125.023 -54.357 614.482 
0.850301 -0.174763 0.496435 -0.408698 0.375042 0.832052 -0.331596 -0.910385 0.247472 -125.61 -54.0017 613.839 
0.855372 -0.179915 0.485768 -0.398718 0.369994 0.839124 -0.330703 -0.911446 0.244746 -126.475 -53.9511 613.331 
0.862482 -0.182531 0.472025 -0.387181 0.362647 0.84769 -0.325908 -0.913876 0.242104 -127.442 -54.059 612.839 
0.867441 -0.186243 0.461368 -0.377189 0.358556 0.853913 -0.324461 -0.914741 0.240777 -127.961 -54.1427 612.726 
0.873193 -0.186042 0.45047 -0.367993 0.354345 0.859664 -0.319555 -0.916421 0.240949 -128.515 -54.0284 612.209 
0.876636 -0.192916 0.440786 -0.35702 0.353344 0.864688 -0.322562 -0.915386 0.240878 -129.013 -53.5978 612.215 
0.883364 -0.198259 0.42469 -0.342917 0.344286 0.874 -0.319493 -0.917693 0.236143 -129.26 -53.945 611.833 
0.890939 -0.197791 0.408788 -0.330844 0.333922 0.882632 -0.31108 -0.921615 0.232066 -129.026 -54.0497 611.272 
0.893619 -0.205249 0.399148 -0.319431 0.333886 0.88684 -0.315293 -0.919996 0.232804 -129.081 -53.2778 611.322 
0.897053 -0.211995 0.387755 -0.307377 0.331106 0.892126 -0.317514 -0.919471 0.231857 -129.257 -52.701 611.065 
0.901433 -0.215635 0.375393 -0.293591 0.332758 0.896146 -0.318156 -0.918027 0.23665 -129.683 -52.1882 610.929 
0.906786 -0.22195 0.358438 -0.276176 0.329654 0.902805 -0.318538 -0.917642 0.237628 -130.289 -51.9212 610.716 
0.912817 -0.23102 0.336743 -0.255397 0.320482 0.912176 -0.318652 -0.918651 0.233539 -131.349 -52.0144 610.373 
0.91458 -0.238067 0.326906 -0.246109 0.313782 0.917045 -0.320895 -0.919165 0.228388 -131.627 -50.6698 610.159 
0.918477 -0.245685 0.309903 -0.22843 0.310102 0.922853 -0.322833 -0.918409 0.2287 -132.256 -50.3153 609.718 
0.92473 -0.259941 0.27804 -0.195564 0.302211 0.932965 -0.326543 -0.917114 0.228628 -133.466 -50.291 609.24 
0.927387 -0.27306 0.255719 -0.175404 0.286384 0.941923 -0.330435 -0.91838 0.217692 -133.851 -49.7704 608.735 
0.931271 -0.280793 0.232143 -0.152873 0.277207 0.948571 -0.330704 -0.918864 0.215228 -134.248 -48.8472 608.185 
0.936621 -0.28769 0.199943 -0.120076 0.272531 0.954625 -0.329127 -0.918129 0.220713 -134.604 -47.6846 607.474 
0.937263 -0.308496 0.162387 -0.0856254 0.247823 0.965015 -0.337946 -0.918376 0.205859 -134.33 -46.6917 606.713 
0.938468 -0.316879 0.137353 -0.0619861 0.236702 0.969603 -0.339759 -0.918455 0.202495 -133.866 -46.2087 606.448 
0.938329 -0.32367 0.12156 -0.044093 0.236693 0.970584 -0.342921 -0.916086 0.207824 -133.948 -44.9812 606.022 
0.938358 -0.329928 0.103111 -0.0266551 0.228345 0.973216 -0.344636 -0.915972 0.205474 -133.527 -44.1125 605.633 
0.939955 -0.332156 0.0784771 -0.00699302 0.211144 0.977431 -0.341229 -0.919288 0.196142 -133.298 -44.2076 605.406 
0.939336 -0.337929 0.0587614 0.0118196 0.203105 0.979086 -0.342797 -0.918995 0.194777 -133.125 -43.6338 605.366 
0.939355 -0.341436 0.03216 0.0379013 0.196557 0.97976 -0.340847 -0.919123 0.197577 -132.48 -43.1027 605.087 
0.941321 -0.337357 0.0102597 0.0544157 0.181695 0.981849 -0.333097 -0.923676 0.18939 -132.164 -42.816 604.761 
0.942028 -0.335533 -0.00142514 0.0647936 0.177741 0.981943 -0.329221 -0.925108 0.189177 -131.772 -42.364 604.959 
0.94224 -0.334698 -0.0126953 0.0747698 0.173242 0.982038 -0.326486 -0.926264 0.18826 -131.023 -41.7256 605.053 
0.942908 -0.332095 -0.0252591 0.0855136 0.168101 0.982054 -0.321889 -0.928146 0.186902 -130.665 -41.409 605.097 
0.943165 -0.32986 -0.0404064 0.0975014 0.158427 0.982545 -0.317701 -0.930641 0.181584 -130.526 -41.4435 605.182 
0.941175 -0.33416 -0.050271 0.107815 0.155952 0.981864 -0.32026 -0.929524 0.182805 -130.218 -41.0115 605.409 
0.93952 -0.336388 -0.0643935 0.122664 0.154945 0.980279 -0.319777 -0.928889 0.186836 -130.22 -40.9439 605.11 
0.937022 -0.338136 -0.0874916 0.142616 0.141746 0.979576 -0.318829 -0.930361 0.181042 -130.613 -41.6826 604.854 
0.93456 -0.337584 -0.112408 0.162094 0.12271 0.979116 -0.316741 -0.933262 0.1694 -129.933 -42.0051 604.284 
0.931219 -0.338318 -0.13555 0.181696 0.108536 0.977347 -0.315942 -0.934751 0.162541 -129.887 -41.9952 603.618 
0.925298 -0.33923 -0.169552 0.210725 0.0881827 0.97356 -0.315309 -0.936561 0.153079 -130 -43.2833 602.95 
0.919682 -0.338328 -0.1993 0.237396 0.0747798 0.968531 -0.312778 -0.938052 0.149091 -129.843 -43.3362 602.336 
0.913212 -0.337033 -0.229027 0.263635 0.0601091 0.962748 -0.310712 -0.939572 0.143746 -129.728 -42.947 601.86 
0.904747 -0.336784 -0.260788 0.292012 0.0446814 0.955371 -0.310101 -0.940521 0.13877 -129.749 -42.256 601.749 
0.897958 -0.332413 -0.288399 0.314217 0.02545 0.94901 -0.308124 -0.94279 0.127302 -128.994 -41.4754 601.577 
0.888067 -0.325164 -0.324969 0.345229 0.00492326 0.938506 -0.303569 -0.945644 0.116628 -128.135 -41.706 601.346 
0.879857 -0.320112 -0.351255 0.366688 -0.012882 0.930255 -0.302311 -0.947292 0.106047 -127.091 -40.9064 601.419 
0.865599 -0.314834 -0.389382 0.398408 -0.0380383 0.91642 -0.303332 -0.948384 0.0925058 -124.569 -40.7869 601.487 
0.85528 -0.30973 -0.415409 0.419046 -0.0581201 0.906103 -0.304791 -0.949046 0.0800818 -123.297 -40.0322 601.66 
0.844578 -0.303977 -0.44078 0.442171 -0.0682775 0.894329 -0.301951 -0.950229 0.0767435 -121.868 -39.3836 601.221 
0.835052 -0.297619 -0.462723 0.460056 -0.083515 0.883954 -0.301726 -0.951024 0.0671814 -120.301 -38.9957 601.222 
0.829494 -0.293536 -0.47516 0.46674 -0.102935 0.878384 -0.306748 -0.95039 0.0516206 -119.507 -37.791 601.574 
0.819261 -0.296676 -0.490709 0.48105 -0.11017 0.869744 -0.312094 -0.948602 0.0524572 -117.199 -36.4424 601.676 
0.802719 -0.291073 -0.5205 0.50487 -0.132855 0.852911 -0.31741 -0.947431 0.0403079 -114.662 -36.7937 601.933 
0.789963 -0.293063 -0.538585 0.517322 -0.152966 0.84201 -0.329147 -0.943777 0.0307699 -112.349 -35.9392 602.368 
0.77833 -0.291368 -0.556154 0.530343 -0.169031 0.830762 -0.336065 -0.941559 0.0229626 -110.452 -36.113 602.851 
0.77035 -0.285283 -0.570242 0.539667 -0.18459 0.821393 -0.339591 -0.9405 0.0117587 -108.434 -35.5935 603.338 
0.762851 -0.285222 -0.580265 0.545893 -0.196822 0.814409 -0.346496 -0.938035 0.00555447 -106.313 -34.5073 604.139 
0.751098 -0.287372 -0.594365 0.557259 -0.206774 0.804181 -0.353999 -0.935233 0.00483261 -103.66 -33.9257 604.847 
0.743626 -0.278542 -0.607812 0.567638 -0.217335 0.794074 -0.353282 -0.93551 -0.00350603 -101.817 -33.6163 604.859 
0.735681 -0.270551 -0.620948 0.577811 -0.227676 0.783773 -0.353425 -0.935396 -0.0111699 -100.956 -34.2531 604.976 
0.732667 -0.270768 -0.624407 0.580275 -0.230889 0.781007 -0.355641 -0.934545 -0.0120457 -100.476 -33.142 605.027 
0.72444 -0.264335 -0.636643 0.587641 -0.246 0.770819 -0.360369 -0.932529 -0.0228792 -99.1289 -33.4123 605.635 
0.717555 -0.261852 -0.645406 0.594307 -0.253024 0.7634 -0.363201 -0.93135 -0.0259391 -97.6549 -32.7565 605.951 
0.714749 -0.253386 -0.651867 0.597565 -0.263029 0.757451 -0.363388 -0.930919 -0.0365854 -96.9902 -32.6077 606.374 
0.711892 -0.258425 -0.653014 0.599286 -0.261251 0.756707 -0.366153 -0.930034 -0.031113 -96.3221 -31.0919 606.821 
0.700539 -0.253997 -0.666882 0.610408 -0.270805 0.744357 -0.369659 -0.92852 -0.034668 -95.01 -31.5011 607.368 
0.701389 -0.250521 -0.667303 0.60995 -0.273449 0.743765 -0.368803 -0.928689 -0.038989 -95.3202 -30.7384 607.17 
0.697886 -0.24975 -0.671253 0.612722 -0.277093 0.74013 -0.370847 -0.927817 -0.0403531 -95.6374 -30.6011 607.335 
0.688517 -0.251625 -0.680169 0.620756 -0.280451 0.732127 -0.374976 -0.9263 -0.0368982 -95.5866 -29.9772 607.223 
0.676696 -0.249563 -0.692677 0.6313 -0.287451 0.7203 -0.378872 -0.92471 -0.0369685 -95.467 -29.4694 607.022 
0.664019 -0.241962 -0.707484 0.644901 -0.293505 0.705661 -0.378394 -0.924829 -0.0388517 -95.0836 -28.7921 606.633 
0.649733 -0.236036 -0.722589 0.658311 -0.300589 0.690125 -0.380097 -0.924085 -0.0399184 -95.1877 -28.6627 606.846 
0.64054 -0.232274 -0.731955 0.666961 -0.304161 0.680184 -0.380622 -0.923869 -0.0399105 -95.2641 -27.1192 606.61 
0.632623 -0.226905 -0.740475 0.675593 -0.305758 0.670885 -0.378634 -0.924676 -0.0401345 -95.0426 -25.9822 606.199 
0.62492 -0.213991 -0.750789 0.685744 -0.30919 0.658906 -0.373137 -0.926611 -0.0464766 -94.6174 -24.9408 605.377 
0.617262 -0.204355 -0.759755 0.693741 -0.314114 0.648118 -0.371096 -0.92713 -0.0521219 -94.5928 -24.8185 605.05 
0.604047 -0.194967 -0.772733 0.702758 -0.326965 0.631843 -0.375846 -0.924706 -0.0604875 -93.4333 -24.1718 605.104 
0.597748 -0.193322 -0.778026 0.706179 -0.33242 0.625148 -0.379486 -0.923105 -0.0621837 -93.6714 -22.7653 604.647 
0.585065 -0.181264 -0.79047 0.716626 -0.340757 0.608549 -0.379666 -0.922512 -0.0694668 -93.0691 -22.2508 604.185 
0.575306 -0.171869 -0.799678 0.722609 -0.351266 0.595357 -0.383223 -0.920365 -0.0778922 -93.0171 -20.6933 603.785 
0.565142 -0.162502 -0.808832 0.726406 -0.366747 0.581233 -0.391088 -0.916018 -0.0892224 -93.0422 -19.0677 603.595 
0.554534 -0.15648 -0.817317 0.728607 -0.383194 0.567711 -0.402026 -0.910317 -0.0984825 -93.034 -16.6937 603.627 
0.545519 -0.162526 -0.822189 0.730195 -0.38935 0.561446 -0.411369 -0.906637 -0.0937229 -94.2546 -14.2891 603.148 
0.533978 -0.149192 -0.832232 0.733727 -0.407343 0.543799 -0.420135 -0.901006 -0.108047 -94.9075 -12.8885 603.024 
0.525432 -0.153039 -0.836959 0.734899 -0.414091 0.537078 -0.428772 -0.897277 -0.105109 -95.4754 -10.1016 602.656 
0.520085 -0.160043 -0.838986 0.740404 -0.405231 0.536275 -0.425811 -0.900096 -0.0922585 -96.9212 -7.30803 601.401 
0.507314 -0.148721 -0.848832 0.750954 -0.406889 0.520106 -0.422731 -0.90129 -0.0947384 -96.9621 -5.78135 600.679 
0.498139 -0.148884 -0.85422 0.755694 -0.408532 0.511888 -0.425188 -0.900519 -0.0909953 -97.6211 -3.28238 600.281 
0.499779 -0.148511 -0.853326 0.757078 -0.403706 0.513668 -0.420779 -0.902754 -0.0893301 -99.2217 -0.988817 599.442 
0.496181 -0.150254 -0.855119 0.762318 -0.395998 0.511915 -0.415543 -0.905874 -0.0819462 -100.007 1.52211 598.5 
0.486055 -0.143175 -0.862121 0.770733 -0.394807 0.500099 -0.411974 -0.907539 -0.0815493 -99.9962 3.42542 597.872 
0.481707 -0.141568 -0.864822 0.775881 -0.389879 0.495988 -0.407392 -0.909919 -0.0779685 -100.45 5.54952 597.182 
0.478036 -0.140469 -0.867035 0.781475 -0.382616 0.492851 -0.400972 -0.913167 -0.0731319 -101.247 7.57028 596.483 
0.476019 -0.138566 -0.868451 0.783886 -0.380798 0.490425 -0.39866 -0.914217 -0.0726476 -102.262 10.0796 596.023 
0.468295 -0.133377 -0.873448 0.78911 -0.381591 0.481347 -0.397501 -0.914658 -0.0734485 -102.394 12.0721 596.074 
0.47002 -0.136227 -0.872081 0.791993 -0.371076 0.48482 -0.389654 -0.918555 -0.066523 -103.937 14.2651 595.71 
0.465623 -0.132615 -0.874991 0.797382 -0.366026 0.479799 -0.383898 -0.921107 -0.0646858 -104.698 16.3691 595.653 
0.454714 -0.115988 -0.883053 0.804996 -0.370699 0.46321 -0.381075 -0.921481 -0.0751927 -104.889 17.8896 596.39 
0.459045 -0.115598 -0.880861 0.806112 -0.362581 0.467674 -0.373446 -0.924755 -0.0732567 -107.372 20.2379 596.562 
0.453608 -0.106753 -0.884785 0.81313 -0.356782 0.45992 -0.364774 -0.928068 -0.0750355 -108.617 21.9038 597.01 
0.446653 -0.10094 -0.888995 0.81973 -0.351998 0.45182 -0.358532 -0.930542 -0.0744782 -110.556 23.0832 597.582 
0.432031 -0.0949406 -0.896848 0.830486 -0.345845 0.436675 -0.351629 -0.933476 -0.0705696 -112.702 23.5047 597.908 
0.437048 -0.0854144 -0.895374 0.832415 -0.338666 0.438624 -0.340697 -0.937022 -0.0769135 -117.09 24.7878 598.791 
0.437252 -0.0784781 -0.895909 0.835451 -0.33332 0.436943 -0.332915 -0.939541 -0.0801811 -119.284 25.3602 598.842 
0.434266 -0.0724179 -0.89787 0.837725 -0.333916 0.432108 -0.331105 -0.939817 -0.0843425 -120.98 25.2871 599.402 
0.430425 -0.0736668 -0.899616 0.84186 -0.326744 0.429547 -0.325588 -0.942237 -0.0786223 -123.193 25.4541 599.64 
0.42695 -0.074669 -0.901188 0.844248 -0.324133 0.42683 -0.323976 -0.94306 -0.07535 -125.292 25.5772 600.014 
0.417953 -0.0739646 -0.905453 0.849608 -0.321099 0.418405 -0.321687 -0.944153 -0.071364 -126.539 25.2947 600.33 
0.418183 -0.0757005 -0.905203 0.850003 -0.31882 0.419344 -0.320342 -0.944787 -0.0689803 -128.934 25.2401 600.559 
0.41645 -0.0754023 -0.906027 0.850847 -0.31883 0.417621 -0.320358 -0.944808 -0.0686213 -130.367 25.5593 601.005 
0.414234 -0.0741372 -0.907146 0.853487 -0.314592 0.415442 -0.316181 -0.946327 -0.0670404 -131.894 25.4364 601.106 
0.413527 -0.0701307 -0.907787 0.854658 -0.313876 0.413573 -0.313937 -0.94687 -0.0698589 -132.765 24.7952 601.474 
0.41695 -0.0729975 -0.905994 0.852055 -0.315668 0.41756 -0.316475 -0.946057 -0.0694204 -133.711 24.8394 601.924 
RFing.0_Hand
-0.461729 0.0039796 -0.887012 -0.0039796 0.999971 0.00655795 0.887012 0.00655795 -0.4617 32.7108 -9.73219 -73.4609 
0.871395 -0.252921 0.420358 -0.41717 0.0688571 0.906216 -0.258146 -0.965034 -0.0455094 -107.18 -64.7712 622.333 
0.871218 -0.253572 0.420333 -0.417678 0.066981 0.906123 -0.257922 -0.964995 -0.0475565 -106.727 -64.6463 622.276 
0.871204 -0.254908 0.419553 -0.416748 0.0676808 0.906499 -0.25947 -0.964594 -0.0472687 -105.982 -64.5355 622.383 
0.871987 -0.253949 0.418507 -0.414783 0.0707577 0.907165 -0.259987 -0.964627 -0.0436341 -104.881 -64.1403 622.575 
0.873619 -0.253704 0.415239 -0.411463 0.0704251 0.908702 -0.259785 -0.964715 -0.0428652 -103.883 -64.0797 622.612 
0.879016 -0.254477 0.4032 -0.400979 0.0629764 0.91392 -0.257964 -0.965027 -0.0466825 -104.362 -64.0872 622.799 
0.880226 -0.25353 0.401153 -0.397886 0.0664083 0.915028 -0.258627 -0.965046 -0.0424216 -103.983 -63.5878 623.418 
0.878791 -0.256144 0.402636 -0.398677 0.069625 0.914445 -0.262264 -0.964128 -0.0409332 -102.519 -63.6706 623.7 
0.878478 -0.252704 0.405481 -0.40197 0.0678199 0.913138 -0.258254 -0.965164 -0.0420013 -102.21 -63.3374 624.625 
0.881981 -0.248521 0.400431 -0.397842 0.0628701 0.915297 -0.252646 -0.966585 -0.0434219 -102.554 -63.4238 625.475 
0.883429 -0.251493 0.395352 -0.392857 0.0623025 0.917487 -0.255373 -0.965852 -0.043761 -101.728 -63.5715 626.495 
0.88297 -0.245852 0.399899 -0.398297 0.0584871 0.91539 -0.24844 -0.967542 -0.0462799 -101.099 -63.4446 627.248 
0.885459 -0.245136 0.394802 -0.393334 0.0571014 0.917621 -0.247486 -0.967806 -0.0458596 -100.875 -63.7527 628.19 
0.885208 -0.245277 0.395279 -0.393316 0.0591236 0.9175 -0.248412 -0.967649 -0.0441347 -100.394 -64.1247 628.819 
0.888268 -0.237998 0.392856 -0.391621 0.0545283 0.91851 -0.240026 -0.969734 -0.0447694 -100.243 -64.5084 629.195 
0.889772 -0.239263 0.388661 -0.388246 0.0508858 0.92015 -0.239935 -0.969621 -0.0476162 -99.4673 -65.4559 629.302 
0.891021 -0.236806 0.387302 -0.388072 0.045338 0.920513 -0.235543 -0.970499 -0.0515006 -98.6033 -66.1432 629.305 
0.89269 -0.225912 0.389957 -0.39129 0.040775 0.919364 -0.223597 -0.973295 -0.0519978 -96.8945 -66.6663 628.953 
0.896857 -0.222605 0.382222 -0.383384 0.0397521 0.922733 -0.2206 -0.974099 -0.0496912 -96.5883 -67.3398 629.056 
0.899172 -0.218985 0.37886 -0.381082 0.0337017 0.923927 -0.215095 -0.975147 -0.0531478 -95.9634 -67.6316 628.973 
0.900116 -0.212651 0.380223 -0.382519 0.0319047 0.923397 -0.208492 -0.976608 -0.0526252 -94.3016 -67.875 628.704 
0.904135 -0.206686 0.373924 -0.377438 0.0237026 0.925732 -0.2002 -0.978121 -0.0565809 -93.4068 -68.0264 628.377 
0.908241 -0.19721 0.369059 -0.37217 0.0224507 0.927893 -0.191276 -0.980105 -0.0530051 -92.028 -67.8094 628.238 
0.911924 -0.189688 0.363884 -0.366472 0.0225305 0.930156 -0.184638 -0.981587 -0.0489693 -91.1602 -66.9976 628.127 
0.914208 -0.19161 0.357082 -0.359297 0.0242786 0.932907 -0.187425 -0.981171 -0.0466495 -89.1841 -66.962 627.956 
0.918288 -0.176952 0.354166 -0.356726 0.0182229 0.934031 -0.171733 -0.984051 -0.0463896 -88.7396 -66.5817 627.711 
0.919012 -0.172842 0.354317 -0.357114 0.0157052 0.933929 -0.166987 -0.984825 -0.047291 -87.8137 -65.8814 627.957 
0.923765 -0.168194 0.344046 -0.346616 0.0147778 0.937891 -0.162832 -0.985644 -0.0446476 -86.608 -65.951 627.743 
0.928219 -0.157862 0.33688 -0.339632 0.0100325 0.940505 -0.15185 -0.987411 -0.0443028 -86.7471 -65.7843 627.377 
0.931185 -0.158466 0.3283 -0.331684 0.00537176 0.943375 -0.151257 -0.98735 -0.0475587 -85.4863 -65.149 626.921 
0.935462 -0.156355 0.316958 -0.320397 0.00337954 0.947277 -0.149183 -0.987696 -0.0469344 -84.6532 -64.8851 626.673 
0.93744 -0.144116 0.316916 -0.320913 -0.00476368 0.947097 -0.134983 -0.98955 -0.0507145 -84.6639 -63.8422 626.438 
0.93911 -0.142062 0.312875 -0.316536 -0.00335875 0.948575 -0.133706 -0.989853 -0.048122 -84.2953 -62.9463 626.386 
0.942135 -0.138308 0.305371 -0.308908 -0.00433404 0.951082 -0.13022 -0.99038 -0.0468079 -84.0749 -62.5456 626.281 
0.944997 -0.136139 0.297397 -0.301299 -0.00852928 0.953492 -0.127271 -0.990654 -0.0490787 -84.1474 -62.3085 625.972 
0.946931 -0.135105 0.291663 -0.29664 -0.0178447 0.954823 -0.123797 -0.990671 -0.0569752 -84.111 -61.8072 625.553 
0.948259 -0.132625 0.28847 -0.293087 -0.0162845 0.955947 -0.122086 -0.991033 -0.0543128 -83.9845 -61.7191 624.994 
0.951157 -0.134145 0.278037 -0.283029 -0.0193097 0.958917 -0.123266 -0.990774 -0.0563336 -84.4701 -61.3537 624.468 
0.95119 -0.133709 0.278132 -0.283217 -0.020254 0.958842 -0.122573 -0.990814 -0.0571342 -84.6258 -60.7603 623.785 
0.953616 -0.131442 0.27081 -0.275479 -0.0183954 0.961131 -0.121352 -0.991154 -0.0537519 -84.9729 -60.236 623.489 
0.955568 -0.127053 0.26598 -0.270131 -0.0163228 0.962685 -0.117971 -0.991762 -0.0499187 -85.0735 -59.6585 623.05 
0.957093 -0.126955 0.260487 -0.265069 -0.0203395 0.964015 -0.117089 -0.991701 -0.0531187 -85.6201 -59.4022 622.776 
0.962313 -0.122594 0.242741 -0.247799 -0.0276157 0.968418 -0.112019 -0.992073 -0.0569536 -86.1448 -59.103 622.387 
0.967154 -0.113401 0.227492 -0.232725 -0.0350971 0.971909 -0.102232 -0.99293 -0.0603357 -87.2838 -58.8898 621.749 
0.971549 -0.106889 0.211345 -0.216211 -0.0360581 0.975681 -0.0966695 -0.993618 -0.0581429 -88.391 -58.3235 621.684 
0.974466 -0.0991395 0.201459 -0.206105 -0.0389887 0.977753 -0.0890799 -0.99431 -0.0584265 -88.8863 -57.812 621.465 
0.97723 -0.0942582 0.190097 -0.194654 -0.0416937 0.979985 -0.0844464 -0.994675 -0.0590923 -89.4438 -57.2337 621.074 
0.980081 -0.0872935 0.17838 -0.182724 -0.0445338 0.982155 -0.0777924 -0.995187 -0.0595975 -90.5926 -56.6598 620.959 
0.982898 -0.0774264 0.167077 -0.17082 -0.0444969 0.984297 -0.0687768 -0.996005 -0.056962 -91.2839 -56.2408 620.741 
0.985022 -0.0770323 0.154263 -0.158163 -0.0473539 0.986277 -0.0686708 -0.995904 -0.0588284 -92.1583 -56.0008 620.464 
0.988496 -0.0692267 0.13447 -0.138365 -0.0549072 0.988858 -0.0610726 -0.996089 -0.0638542 -93.2235 -55.6855 619.726 
0.989938 -0.0633343 0.126535 -0.129937 -0.0528191 0.990114 -0.0560254 -0.996594 -0.0605173 -94.451 -54.8135 619.219 
0.991124 -0.0603218 0.118464 -0.121192 -0.043762 0.991664 -0.0546354 -0.99722 -0.0506842 -95.7959 -53.8196 619.117 
0.993793 -0.0542007 0.0971453 -0.0993761 -0.0400929 0.994242 -0.0499944 -0.997725 -0.0452304 -97.5175 -53.5272 618.293 
0.995273 -0.0535022 0.0810441 -0.0830408 -0.0362044 0.995888 -0.0503487 -0.997912 -0.0404763 -99.4783 -53.2526 617.493 
0.996716 -0.0494186 0.064143 -0.0661817 -0.0407767 0.996974 -0.0466542 -0.997946 -0.0439136 -100.983 -53.0811 616.376 
0.997866 -0.0453679 0.0469498 -0.0487773 -0.0400429 0.998007 -0.0433981 -0.998168 -0.0421706 -102.444 -53.0338 615.385 
0.998885 -0.0406442 0.0239779 -0.0259007 -0.0474497 0.998538 -0.0394477 -0.998047 -0.0484497 -103.75 -52.9472 614.336 
0.999514 -0.030156 0.00784766 -0.00949501 -0.0548652 0.998449 -0.0296793 -0.998039 -0.055125 -105.173 -52.5291 613.358 
0.999612 -0.0245125 -0.0132154 0.0118871 -0.053548 0.998495 -0.0251839 -0.998265 -0.053236 -106.259 -51.9796 612.734 
0.999386 -0.0218419 -0.0273683 0.0262176 -0.0513163 0.998338 -0.0232107 -0.998444 -0.0507123 -106.752 -51.0526 612.217 
0.998579 -0.0177798 -0.0502354 0.0491951 -0.0547526 0.997287 -0.0204828 -0.998342 -0.0538002 -107.859 -50.579 611.578 
0.99797 -0.0117242 -0.0625967 0.0616557 -0.0682588 0.995761 -0.0159479 -0.997599 -0.0673976 -109.47 -50.2801 611.038 
0.997184 -0.00303076 -0.074922 0.0745665 -0.0650567 0.995092 -0.00789075 -0.997878 -0.0646477 -110.087 -49.7679 610.444 
0.996098 -0.00133463 -0.0882423 0.0879552 -0.0669147 0.993874 -0.00723184 -0.997758 -0.0665364 -111.009 -49.528 609.917 
0.994836 0.00562531 -0.101333 0.101475 -0.0714156 0.992271 -0.00165562 -0.997431 -0.0716178 -112.034 -49.4161 609.454 
0.993472 0.0123421 -0.113405 0.114 -0.0715914 0.990898 0.00411022 -0.997358 -0.0725312 -112.61 -49.3173 609.343 
0.992263 0.0160266 -0.123111 0.123967 -0.0741438 0.989512 0.00672984 -0.997119 -0.0755571 -113.204 -49.0357 608.886 
0.990873 0.0157749 -0.133867 0.134663 -0.0723674 0.988245 0.0059012 -0.997254 -0.0738314 -113.772 -48.4167 608.856 
0.988763 0.0157203 -0.148663 0.149443 -0.0787692 0.985628 0.00378362 -0.99677 -0.0802335 -114.113 -48.5073 608.459 
0.985931 0.0231076 -0.165547 0.166943 -0.0865849 0.982157 0.0083607 -0.995977 -0.0892245 -113.947 -48.3907 607.954 
0.98375 0.0228131 -0.178084 0.179394 -0.0850327 0.980095 0.00721538 -0.996118 -0.0877437 -114.084 -47.4314 607.961 
0.981536 0.0224785 -0.189951 0.19119 -0.0855228 0.97782 0.00573413 -0.996083 -0.0882415 -114.347 -46.6534 607.668 
0.978889 0.0229183 -0.203102 0.204298 -0.0797883 0.975652 0.00615441 -0.996549 -0.0827862 -114.854 -45.9219 607.576 
0.975225 0.0225907 -0.220059 0.221161 -0.0775958 0.972145 0.00488504 -0.99673 -0.0806697 -115.581 -45.3725 607.37 
0.969547 0.0253315 -0.243592 0.244861 -0.0814253 0.966133 0.00463841 -0.996358 -0.0851485 -116.809 -45.1247 606.98 
0.967034 0.0251521 -0.253401 0.254632 -0.0854003 0.963259 0.00258679 -0.99603 -0.0889897 -117.18 -43.6257 606.684 
0.961521 0.0246714 -0.273621 0.274729 -0.0826473 0.957963 0.00101956 -0.996274 -0.0862452 -117.952 -42.9954 606.223 
0.9526 0.0226238 -0.303383 0.304208 -0.0814174 0.94912 -0.00322866 -0.996424 -0.0844407 -119.442 -42.4677 605.701 
0.944258 0.0203132 -0.328579 0.329033 -0.0905822 0.939964 -0.0106704 -0.995682 -0.0922168 -120.051 -41.6312 605.03 
0.935902 0.0198603 -0.351699 0.351969 -0.0931877 0.931361 -0.0142776 -0.995451 -0.0942049 -120.66 -40.3732 604.451 
0.920415 0.024428 -0.390179 0.390736 -0.0898763 0.916104 -0.0126899 -0.995654 -0.0922685 -121.296 -38.7438 603.818 
0.904556 0.0141422 -0.42612 0.425214 -0.102942 0.899219 -0.0311492 -0.994587 -0.0991302 -121.445 -37.2577 602.791 
0.89482 0.0131016 -0.446234 0.445044 -0.10476 0.88936 -0.0350962 -0.994412 -0.0995726 -121.243 -36.4512 602.468 
0.886187 0.0147153 -0.463093 0.462224 -0.0969859 0.881443 -0.0319435 -0.995178 -0.0927496 -121.503 -34.9882 602.062 
0.877563 0.0129996 -0.479285 0.478077 -0.0996097 0.872651 -0.0363979 -0.994942 -0.0936288 -121.287 -33.8889 601.627 
0.86564 0.01754 -0.500359 0.499099 -0.109225 0.859633 -0.0395746 -0.993863 -0.103304 -121.297 -33.7264 601.34 
0.854083 0.0173924 -0.519845 0.518383 -0.11044 0.847987 -0.0426638 -0.993731 -0.103341 -121.348 -32.9143 601.266 
0.8413 0.0207409 -0.54017 0.538936 -0.109757 0.835165 -0.0419659 -0.993743 -0.103517 -120.986 -32.0605 601.041 
0.83194 0.0330739 -0.553878 0.553669 -0.114976 0.824761 -0.0364054 -0.992818 -0.113965 -120.865 -31.5734 600.718 
0.826491 0.0372491 -0.561716 0.561906 -0.115305 0.819125 -0.0342578 -0.992632 -0.116229 -120.582 -30.9975 600.96 
0.821954 0.0426656 -0.567954 0.568739 -0.114818 0.814465 -0.0304624 -0.992471 -0.118641 -119.946 -30.2413 601.076 
0.817206 0.048042 -0.574339 0.57564 -0.117279 0.809249 -0.0284808 -0.991937 -0.123496 -119.705 -29.7993 601.161 
0.806592 0.0548092 -0.588562 0.590435 -0.122193 0.797781 -0.0281929 -0.990992 -0.130921 -119.716 -29.6968 601.239 
0.801097 0.052638 -0.596216 0.597792 -0.119956 0.792625 -0.0297979 -0.991383 -0.127563 -119.544 -29.1468 601.448 
0.79415 0.0554096 -0.60519 0.607161 -0.115057 0.786204 -0.0260686 -0.991813 -0.125015 -119.718 -28.9107 601.198 
0.781559 0.0580669 -0.621123 0.623137 -0.119591 0.772915 -0.0294006 -0.991124 -0.129651 -120.385 -29.4313 600.891 
0.763666 0.064788 -0.642352 0.644652 -0.130724 0.753216 -0.0351721 -0.9893 -0.141595 -119.995 -29.5507 600.221 
0.744889 0.0713862 -0.663359 0.666171 -0.134459 0.733578 -0.0368276 -0.988345 -0.147712 -120.233 -29.3401 599.49 
0.724571 0.077924 -0.684781 0.687952 -0.141532 0.711822 -0.0414508 -0.986863 -0.156158 -120.775 -30.3419 598.729 
0.703518 0.0855437 -0.70551 0.709468 -0.142407 0.690199 -0.0414281 -0.986105 -0.160877 -120.996 -30.1376 598.102 
0.680499 0.0924394 -0.726895 0.731414 -0.14555 0.666219 -0.0442151 -0.985024 -0.166658 -121.269 -29.5068 597.593 
0.656719 0.096095 -0.747988 0.752369 -0.151315 0.641127 -0.0515731 -0.983804 -0.17167 -121.725 -28.5654 597.436 
0.637987 0.103086 -0.763116 0.76763 -0.163573 0.619666 -0.0609466 -0.981131 -0.183489 -121.334 -27.609 597.166 
0.611035 0.118517 -0.782682 0.789315 -0.166343 0.591025 -0.0601478 -0.97892 -0.195188 -120.965 -27.5985 596.876 
0.588194 0.128342 -0.798471 0.806166 -0.171443 0.566306 -0.064212 -0.976799 -0.204307 -120.288 -26.6494 596.851 
0.549031 0.140648 -0.823883 0.832545 -0.17896 0.524253 -0.0737074 -0.973752 -0.21535 -118.331 -26.3235 596.764 
0.529819 0.149725 -0.83479 0.844333 -0.185909 0.502532 -0.0799543 -0.971093 -0.224916 -117.45 -25.4555 596.789 
0.507969 0.161007 -0.846194 0.857982 -0.181677 0.480478 -0.0763743 -0.970088 -0.230427 -116.408 -24.658 596.348 
0.488696 0.169455 -0.855839 0.868697 -0.18544 0.459322 -0.0808729 -0.967935 -0.237829 -115.176 -24.1826 596.251 
0.476425 0.174711 -0.861682 0.874229 -0.198359 0.443143 -0.0935014 -0.964433 -0.247241 -114.573 -22.9898 596.379 
0.457513 0.171658 -0.872477 0.883094 -0.202524 0.423234 -0.104046 -0.964116 -0.244248 -112.562 -21.5649 596.426 
0.42733 0.179256 -0.886147 0.896662 -0.209455 0.390031 -0.115693 -0.961248 -0.250239 -110.532 -21.8357 596.492 
0.408813 0.180433 -0.894604 0.903213 -0.22036 0.368302 -0.130681 -0.958586 -0.253055 -108.571 -20.9771 596.687 
0.390667 0.183049 -0.902149 0.909927 -0.22512 0.348358 -0.139325 -0.956982 -0.254508 -107 -21.1354 597.007 
0.375057 0.190395 -0.907239 0.915737 -0.228199 0.33068 -0.144072 -0.954817 -0.25994 -105.217 -20.6263 597.334 
0.365147 0.186262 -0.912126 0.917651 -0.237032 0.318955 -0.156794 -0.95348 -0.257475 -103.294 -19.5584 597.989 
0.347689 0.183866 -0.919405 0.9227 -0.241272 0.300685 -0.166541 -0.952881 -0.253541 -100.94 -18.9594 598.601 
0.332801 0.196415 -0.922315 0.928248 -0.240538 0.283717 -0.166126 -0.95056 -0.262373 -99.3133 -18.6451 598.534 
0.318462 0.208073 -0.924818 0.933647 -0.237602 0.268045 -0.163966 -0.948816 -0.269934 -98.6736 -19.2811 598.571 
0.312242 0.206375 -0.927316 0.934936 -0.239907 0.261417 -0.16852 -0.948607 -0.267856 -98.2678 -18.174 598.586 
0.298519 0.21261 -0.930421 0.93747 -0.248141 0.244078 -0.178983 -0.945105 -0.27339 -97.1386 -18.487 599.026 
0.286864 0.215229 -0.933481 0.940155 -0.250303 0.231203 -0.183892 -0.943942 -0.274152 -95.8375 -17.8381 599.277 
0.283158 0.22478 -0.93236 0.940706 -0.254436 0.224351 -0.186797 -0.940605 -0.283497 -95.2586 -17.7298 599.588 
0.278792 0.21551 -0.935858 0.940686 -0.25748 0.220938 -0.193351 -0.941945 -0.27451 -94.6483 -16.1966 600.059 
0.264849 0.219997 -0.938859 0.943483 -0.260281 0.205163 -0.199232 -0.940136 -0.276499 -93.6146 -16.6128 600.527 
0.264779 0.222803 -0.938217 0.943438 -0.261176 0.20423 -0.199538 -0.939227 -0.279355 -93.9116 -15.8671 600.295 
0.255881 0.222092 -0.940851 0.945002 -0.262548 0.195035 -0.203703 -0.939013 -0.277058 -94.3125 -15.7399 600.422 
0.240966 0.219094 -0.945481 0.948465 -0.259723 0.181541 -0.205788 -0.940502 -0.270387 -94.4759 -15.1045 600.297 
0.227834 0.221054 -0.948276 0.951531 -0.257178 0.168664 -0.206592 -0.940742 -0.268933 -94.6311 -14.6006 600.049 
0.205313 0.229314 -0.951452 0.956944 -0.250857 0.146038 -0.20519 -0.940472 -0.270945 -94.5463 -13.916 599.646 
0.186058 0.23406 -0.954253 0.959914 -0.25052 0.125714 -0.209635 -0.939392 -0.271288 -94.9755 -13.793 599.828 
0.171759 0.237341 -0.956121 0.961456 -0.251915 0.110184 -0.214711 -0.938195 -0.271462 -95.2576 -12.2509 599.586 
0.157711 0.239296 -0.958053 0.964266 -0.246469 0.0971717 -0.212878 -0.939144 -0.269615 -95.2138 -11.1049 599.196 
0.143549 0.24999 -0.957548 0.966854 -0.24187 0.0817981 -0.211154 -0.937553 -0.276424 -94.9674 -10.0669 598.373 
0.132282 0.260694 -0.956316 0.967675 -0.242962 0.0676204 -0.214721 -0.93435 -0.284407 -95.1135 -9.96562 598.012 
0.114867 0.26757 -0.956667 0.967379 -0.249028 0.0465021 -0.225795 -0.930802 -0.287447 -94.2367 -9.39969 597.924 
0.101369 0.270833 -0.957274 0.967627 -0.250394 0.0316228 -0.231132 -0.929491 -0.287448 -94.6059 -8.03034 597.407 
0.082673 0.281309 -0.956049 0.968877 -0.247293 0.011018 -0.233326 -0.927207 -0.292998 -94.2689 -7.57308 596.869 
0.0676469 0.288475 -0.955095 0.968471 -0.249035 -0.00662412 -0.239763 -0.924535 -0.296226 -94.417 -6.09794 596.34 
0.0515113 0.297891 -0.953209 0.96694 -0.253568 -0.0269908 -0.249744 -0.920307 -0.301105 -94.6468 -4.60165 595.942 
0.0348213 0.301938 -0.952692 0.961092 -0.271494 -0.0509169 -0.274024 -0.913852 -0.299644 -94.8486 -2.3728 595.752 
0.0299568 0.29523 -0.954957 0.960466 -0.27305 -0.0542855 -0.276778 -0.915579 -0.291738 -96.2451 -0.0253364 595.212 
0.0117045 0.310213 -0.950595 0.956969 -0.279139 -0.0793104 -0.289951 -0.908763 -0.300132 -97.1215 1.20107 594.839 
-0.00417144 0.302292 -0.953206 0.954002 -0.284545 -0.0944138 -0.299771 -0.909755 -0.2872 -97.8538 3.91962 594.401 
-0.00741502 0.293475 -0.955938 0.957796 -0.272622 -0.0911254 -0.287353 -0.91627 -0.279067 -99.4017 6.7916 593.311 
-0.0264214 0.303532 -0.952455 0.959788 -0.258674 -0.109061 -0.279478 -0.917037 -0.284492 -99.6835 8.27991 592.6 
-0.037991 0.301357 -0.952754 0.958788 -0.25766 -0.11973 -0.281569 -0.91804 -0.279149 -100.514 10.75 592.211 
-0.0368632 0.304258 -0.951876 0.961112 -0.250076 -0.117156 -0.273687 -0.919179 -0.283208 -102.084 13.0889 591.44 
-0.0446935 0.300613 -0.952698 0.96382 -0.237875 -0.120274 -0.262779 -0.923606 -0.279105 -102.936 15.6628 590.635 
-0.0560657 0.306162 -0.950327 0.964259 -0.230267 -0.131072 -0.258958 -0.923712 -0.282309 -103.112 17.5517 590.053 
-0.0627582 0.306662 -0.949747 0.965614 -0.221902 -0.135457 -0.25229 -0.925592 -0.282191 -103.646 19.7076 589.453 
-0.0693905 0.308642 -0.948644 0.967763 -0.209965 -0.139102 -0.242115 -0.927715 -0.284123 -104.51 21.7805 588.879 
-0.0737174 0.31025 -0.947792 0.968052 -0.206135 -0.14277 -0.239668 -0.928038 -0.285143 -105.561 24.2985 588.451 
-0.0806149 0.31104 -0.946972 0.967707 -0.203229 -0.149133 -0.238839 -0.928414 -0.284612 -105.832 26.261 588.507 
-0.0788174 0.310014 -0.947459 0.970116 -0.194931 -0.144485 -0.229482 -0.930534 -0.285385 -107.345 28.547 588.306 
-0.0809751 0.312541 -0.946447 0.971267 -0.188462 -0.145334 -0.223793 -0.931022 -0.2883 -108.184 30.6767 588.336 
-0.100084 0.32743 -0.93956 0.968953 -0.18249 -0.166812 -0.22608 -0.927086 -0.299 -108.564 32.1115 588.999 
-0.0935124 0.329126 -0.939644 0.971411 -0.176684 -0.158561 -0.218207 -0.92761 -0.303195 -110.969 34.5362 589.28 
-0.103882 0.336148 -0.936063 0.972297 -0.16382 -0.166733 -0.209393 -0.927453 -0.309818 -112.305 36.2213 589.813 
-0.109314 0.342045 -0.933304 0.973068 -0.154881 -0.170734 -0.20295 -0.926832 -0.315903 -114.365 37.4091 590.464 
-0.121044 0.344625 -0.930904 0.973592 -0.141648 -0.179035 -0.193561 -0.927993 -0.318378 -116.765 37.8209 590.912 
-0.122379 0.355121 -0.926775 0.974264 -0.135116 -0.180424 -0.189295 -0.925005 -0.329446 -121.055 39.1626 591.86 
-0.127384 0.362528 -0.923226 0.9748 -0.1261 -0.184017 -0.183131 -0.923403 -0.337329 -123.239 39.7663 591.97 
-0.127875 0.366498 -0.921589 0.974515 -0.126241 -0.185423 -0.1843 -0.921815 -0.341015 -124.981 39.6704 592.508 
-0.135843 0.363748 -0.921539 0.974745 -0.117343 -0.190004 -0.17725 -0.924077 -0.338621 -127.263 39.877 592.871 
-0.137647 0.365382 -0.920624 0.974576 -0.115934 -0.191727 -0.176785 -0.923611 -0.340135 -129.423 40.0071 593.298 
-0.155056 0.359106 -0.920326 0.973886 -0.100821 -0.203421 -0.165838 -0.927836 -0.334095 -130.827 39.7104 593.682 
-0.151074 0.359432 -0.920861 0.974797 -0.100526 -0.199161 -0.164156 -0.927741 -0.335186 -133.22 39.675 593.951 
-0.153287 0.357756 -0.921148 0.97442 -0.100305 -0.201109 -0.164344 -0.928413 -0.333229 -134.683 39.9871 594.401 
-0.152372 0.356966 -0.921606 0.97526 -0.0968015 -0.198738 -0.160156 -0.929089 -0.333385 -136.247 39.883 594.567 
-0.157856 0.363456 -0.91814 0.974361 -0.0936203 -0.204584 -0.160314 -0.926896 -0.339358 -137.125 39.2386 594.934 
-0.151751 0.358374 -0.921162 0.974877 -0.0994675 -0.199298 -0.163049 -0.928265 -0.334276 -138.016 39.2879 595.358 
RFing.0_0
-0.546612 -0.125744 -0.827891 0.125744 0.965126 -0.229609 0.827891 -0.229609 -0.511738 0.327304 -10.0113 -11.2501 
0.820013 -0.21259 0.531397 -0.457478 0.314472 0.831757 -0.343934 -0.925155 0.160617 -46.0646 -94.0295 604.228 
0.809231 -0.209855 0.54873 -0.475983 0.313282 0.821762 -0.344359 -0.926183 0.153631 -45.6243 -93.9403 604.187 
0.801127 -0.207997 0.561187 -0.489015 0.313099 0.814145 -0.345048 -0.926663 0.149119 -44.8798 -93.7642 604.186 
0.795163 -0.208781 0.56932 -0.49564 0.317139 0.808556 -0.349366 -0.925112 0.148697 -43.7247 -93.2312 604.341 
