Lower Arm L
-0.305218 -0.320392 -0.896767 0.320392 0.852254 -0.413536 0.896767 -0.413536 -0.157472 11.677 7.89292 -70.5016 
-0.403593 -0.273411 -0.873132 0.697346 -0.709709 -0.1001 -0.592301 -0.649274 0.477096 176.799 -14.6016 625.411 
-0.40078 -0.27757 -0.873116 0.697961 -0.709844 -0.094714 -0.593485 -0.64736 0.478224 176.066 -14.6355 625.18 
-0.403962 -0.279573 -0.871008 0.694801 -0.713118 -0.0933444 -0.595033 -0.642884 0.48232 176.059 -14.4753 625.193 
-0.407311 -0.276199 -0.870524 0.691935 -0.715446 -0.0967539 -0.596089 -0.641755 0.482521 176.157 -14.3376 625.105 
-0.40419 -0.276378 -0.871921 0.690401 -0.717472 -0.0926214 -0.59998 -0.639411 0.480806 175.49 -14.0213 624.774 
-0.408811 -0.272026 -0.871135 0.687234 -0.719832 -0.097728 -0.600485 -0.638625 0.48122 175.652 -13.5735 624.241 
-0.409581 -0.275249 -0.86976 0.685557 -0.721873 -0.0943889 -0.601875 -0.634929 0.484364 175.033 -13.4276 623.79 
-0.40591 -0.26889 -0.873462 0.683174 -0.724106 -0.0945679 -0.60705 -0.635112 0.47762 175.098 -13.1866 623.249 
-0.401091 -0.267183 -0.876208 0.681039 -0.726674 -0.0901651 -0.612626 -0.632896 0.473424 174.208 -13.2328 622.928 
-0.397687 -0.265516 -0.878264 0.678839 -0.729119 -0.0869573 -0.61727 -0.630781 0.470203 173.73 -13.2838 622.488 
-0.395955 -0.273067 -0.87673 0.674618 -0.734245 -0.0759864 -0.622984 -0.621545 0.474943 172.253 -13.0115 622.238 
-0.398403 -0.277678 -0.874168 0.670532 -0.738473 -0.0710198 -0.625828 -0.614452 0.480402 171.057 -12.7088 621.598 
-0.397645 -0.272106 -0.876264 0.669374 -0.739209 -0.074212 -0.627547 -0.616058 0.476083 169.49 -12.8674 620.734 
-0.403549 -0.272983 -0.873287 0.667463 -0.740659 -0.0769114 -0.625812 -0.613924 0.481097 168.28 -12.039 619.12 
-0.401403 -0.275865 -0.87337 0.66466 -0.743808 -0.0705376 -0.630159 -0.608808 0.481923 166.62 -12.3922 618.247 
-0.405299 -0.2746 -0.871968 0.660219 -0.747669 -0.0714197 -0.63233 -0.604636 0.484325 164.593 -11.5161 616.758 
-0.401725 -0.275601 -0.873305 0.657401 -0.750688 -0.0655022 -0.637526 -0.600425 0.48275 161.946 -10.9205 615.154 
-0.398014 -0.277987 -0.874248 0.645898 -0.761659 -0.0518662 -0.65146 -0.585318 0.482701 158.692 -9.95405 614.118 
-0.407104 -0.280486 -0.86925 0.634067 -0.771792 -0.0479185 -0.657438 -0.57067 0.492045 157.009 -9.43316 612.143 
-0.399275 -0.287082 -0.870726 0.622537 -0.782103 -0.0276034 -0.673072 -0.55308 0.490993 152.772 -9.02414 611.091 
-0.397284 -0.293146 -0.869616 0.60957 -0.792651 -0.0112793 -0.685995 -0.534573 0.4936 148.895 -8.7615 609.922 
-0.401709 -0.290775 -0.868378 0.597733 -0.801654 -0.0080759 -0.693789 -0.522302 0.495837 146.284 -9.36112 608.14 
-0.404137 -0.2845 -0.86933 0.583033 -0.812431 -0.00516228 -0.704801 -0.508934 0.494205 142.816 -9.21965 606.604 
-0.395138 -0.276808 -0.875925 0.578067 -0.815983 -0.00290508 -0.713935 -0.507491 0.482439 138.271 -7.70257 604.103 
-0.397612 -0.28356 -0.872639 0.563914 -0.825754 0.0113824 -0.723813 -0.487567 0.488232 134.059 -7.87852 603.247 
-0.396255 -0.276666 -0.875465 0.557196 -0.830318 0.0102002 -0.729735 -0.483763 0.483174 130.796 -8.7757 602.104 
-0.393723 -0.271341 -0.878269 0.554502 -0.832138 0.00851 -0.73315 -0.483651 0.478091 126.53 -8.18011 600.166 
-0.394759 -0.273378 -0.877172 0.550939 -0.834457 0.0121248 -0.735276 -0.478481 0.480023 123.086 -9.0285 599.191 
-0.386644 -0.268323 -0.882332 0.549782 -0.835205 0.0130739 -0.740435 -0.480035 0.470446 118.372 -8.18309 597.383 
-0.388286 -0.25745 -0.884847 0.554263 -0.83234 -0.00104637 -0.736223 -0.490844 0.465881 115.357 -7.01779 594.515 
-0.381269 -0.261916 -0.886586 0.549056 -0.835715 0.0107713 -0.743754 -0.482679 0.462438 111.052 -7.74052 594.254 
-0.377204 -0.256872 -0.889794 0.544372 -0.838766 0.0113702 -0.749249 -0.48009 0.45622 107.916 -7.32281 593.112 
-0.369353 -0.263212 -0.891234 0.541387 -0.840435 0.0238437 -0.755299 -0.473696 0.452916 103.833 -6.99903 592.117 
-0.353122 -0.272448 -0.895029 0.544898 -0.837548 0.0399702 -0.76052 -0.473585 0.444212 99.5487 -7.17732 591.231 
-0.337392 -0.282312 -0.898035 0.549614 -0.833569 0.0555575 -0.764258 -0.474828 0.436401 95.4771 -7.31565 590.122 
-0.330852 -0.291155 -0.897645 0.552176 -0.831106 0.0660542 -0.765269 -0.473804 0.435742 92.1895 -7.85246 589.237 
-0.323619 -0.296352 -0.898581 0.555968 -0.828005 0.0728485 -0.765617 -0.476006 0.432719 88.4487 -8.15076 588.106 
-0.308428 -0.312255 -0.898537 0.55902 -0.823764 0.0943848 -0.769654 -0.473189 0.428628 83.1753 -8.05102 587.187 
-0.304534 -0.321196 -0.896712 0.560217 -0.821778 0.1041 -0.770334 -0.470651 0.430198 79.7785 -9.03264 586.56 
-0.30492 -0.318375 -0.897587 0.558547 -0.823149 0.102229 -0.771394 -0.470172 0.428821 76.7396 -9.48378 585.851 
-0.30392 -0.315127 -0.899071 0.554762 -0.825746 0.101897 -0.774514 -0.467801 0.42578 73.7478 -10.2828 585.396 
-0.296786 -0.314137 -0.901796 0.553021 -0.826412 0.105876 -0.778514 -0.467289 0.418991 69.6489 -10.4801 584.894 
-0.292049 -0.318355 -0.901864 0.551374 -0.82654 0.113216 -0.781469 -0.464199 0.416922 66.6347 -11.8981 584.869 
-0.295 -0.314757 -0.902166 0.544394 -0.831315 0.112028 -0.785245 -0.458085 0.416589 64.4105 -13.0055 584.872 
-0.288404 -0.316065 -0.90384 0.542967 -0.831491 0.117513 -0.788675 -0.456864 0.411418 61.0697 -14.0306 584.465 
-0.290663 -0.316984 -0.902794 0.535103 -0.836038 0.121265 -0.793208 -0.44784 0.412623 58.9855 -15.0874 584.552 
-0.299533 -0.313687 -0.901044 0.527892 -0.841164 0.117355 -0.794738 -0.440502 0.417548 57.3373 -16.0216 584.535 
-0.303224 -0.305965 -0.902464 0.524282 -0.844394 0.110122 -0.795728 -0.439754 0.416451 56.542 -16.7657 584.134 
-0.30262 -0.303212 -0.903595 0.523112 -0.845333 0.108469 -0.796727 -0.439856 0.414428 55.2596 -17.637 583.743 
-0.306801 -0.299069 -0.903566 0.51696 -0.849466 0.105633 -0.79914 -0.434699 0.415223 54.6057 -18.5363 583.92 
-0.308612 -0.291561 -0.905401 0.512273 -0.852972 0.100067 -0.801457 -0.43293 0.412596 54.34 -19.3742 583.98 
-0.302307 -0.293192 -0.907 0.513096 -0.85196 0.104384 -0.803332 -0.433822 0.407988 53.1912 -20.3348 584.132 
-0.301027 -0.297244 -0.906107 0.509071 -0.853552 0.110882 -0.806368 -0.427894 0.408259 52.6541 -20.4355 584.462 
-0.301217 -0.29511 -0.906741 0.503689 -0.85666 0.111488 -0.809669 -0.423133 0.406683 52.8395 -20.56 584.982 
-0.302646 -0.293302 -0.906852 0.502047 -0.857829 0.109898 -0.810156 -0.422022 0.406868 53.0234 -20.9133 585.27 
-0.297357 -0.301141 -0.906032 0.500779 -0.857141 0.120538 -0.812895 -0.417878 0.405681 51.9101 -21.4555 586.063 
-0.296838 -0.299554 -0.906728 0.498022 -0.858729 0.120659 -0.814776 -0.415753 0.404086 51.7886 -21.7805 586.363 
-0.291683 -0.299422 -0.908443 0.495331 -0.85976 0.124336 -0.818271 -0.413712 0.399089 51.3773 -22.5048 586.805 
-0.293539 -0.295197 -0.909227 0.490633 -0.862821 0.121733 -0.820435 -0.410363 0.398104 52.151 -22.985 586.947 
-0.292983 -0.295038 -0.909458 0.486812 -0.864704 0.123693 -0.822906 -0.406495 0.396971 52.319 -23.497 587.062 
-0.288894 -0.304679 -0.907585 0.486464 -0.863217 0.134938 -0.824555 -0.402524 0.397593 51.5853 -24.2193 586.966 
-0.290098 -0.305161 -0.907039 0.484438 -0.864218 0.135818 -0.825325 -0.400003 0.398539 51.7895 -24.7573 586.696 
-0.286177 -0.298916 -0.910358 0.481098 -0.866477 0.133272 -0.828641 -0.399832 0.391773 52.435 -25.3927 586.653 
-0.285982 -0.302661 -0.909182 0.483283 -0.864853 0.135889 -0.827436 -0.40053 0.393602 52.6224 -26.4924 586.262 
-0.284255 -0.302008 -0.90994 0.480298 -0.866264 0.137474 -0.829766 -0.397965 0.391293 52.5488 -27.3113 586.116 
-0.284356 -0.305718 -0.908669 0.475699 -0.867884 0.143133 -0.832377 -0.391551 0.392216 52.8876 -28.2083 586.252 
-0.282807 -0.303076 -0.910036 0.471561 -0.870122 0.14324 -0.835254 -0.388628 0.388994 52.9361 -28.9892 586.308 
-0.280677 -0.308934 -0.908725 0.470971 -0.869291 0.15006 -0.836305 -0.385865 0.389487 52.831 -29.8303 586.046 
-0.277682 -0.312108 -0.90856 0.46658 -0.870533 0.156446 -0.839759 -0.380473 0.387353 52.8647 -30.9046 586.344 
-0.273641 -0.306557 -0.911671 0.463461 -0.872579 0.154303 -0.842807 -0.3803 0.380849 53.3574 -31.597 586.046 
-0.27722 -0.301883 -0.912149 0.456738 -0.876637 0.151319 -0.845304 -0.374664 0.380901 54.1825 -32.3516 586.166 
-0.278746 -0.297075 -0.913262 0.452313 -0.879487 0.148034 -0.847179 -0.371817 0.379523 55.327 -33.3248 585.918 
-0.280955 -0.297765 -0.91236 0.448438 -0.88122 0.14951 -0.848508 -0.367131 0.381111 55.608 -34.0515 585.747 
-0.278635 -0.302191 -0.911616 0.449978 -0.87965 0.15406 -0.848458 -0.36728 0.38108 55.6113 -35.0293 585.353 
-0.283479 -0.301061 -0.910496 0.446949 -0.881496 0.152317 -0.848455 -0.363766 0.384443 56.8721 -35.5955 585.261 
-0.279613 -0.29731 -0.91292 0.447926 -0.881421 0.149861 -0.849222 -0.367017 0.379629 57.2015 -35.9114 584.849 
-0.274193 -0.296636 -0.914782 0.449261 -0.880567 0.150882 -0.850283 -0.369604 0.374711 57.4121 -36.4491 585.105 
-0.276062 -0.297751 -0.913857 0.451243 -0.879654 0.150294 -0.848628 -0.370881 0.377195 58.3347 -36.7605 584.997 
-0.279632 -0.300919 -0.911731 0.450727 -0.879611 0.152079 -0.847732 -0.368415 0.381599 58.937 -36.8249 585.345 
-0.278163 -0.305356 -0.910705 0.454658 -0.877039 0.1552 -0.846115 -0.370888 0.382791 58.7709 -37.1473 585.298 
-0.27985 -0.306537 -0.909791 0.453809 -0.877335 0.156012 -0.846014 -0.369211 0.384631 59.2133 -37.4516 585.555 
-0.282702 -0.305354 -0.909307 0.452165 -0.878465 0.154421 -0.845947 -0.367501 0.386413 59.5949 -37.6155 585.751 
-0.279953 -0.302852 -0.910993 0.452477 -0.878549 0.153019 -0.846693 -0.369365 0.382985 59.4282 -38.1468 586.248 
-0.278341 -0.310041 -0.909066 0.451412 -0.87765 0.161112 -0.847792 -0.365519 0.384241 59.103 -38.5331 586.681 
-0.282113 -0.30355 -0.910093 0.448278 -0.880407 0.154691 -0.848208 -0.364335 0.384448 59.65 -38.9488 586.931 
-0.281862 -0.303078 -0.910329 0.448998 -0.880159 0.154013 -0.847911 -0.365325 0.384164 59.6486 -39.5736 587.094 
-0.28348 -0.303457 -0.9097 0.445756 -0.881601 0.155179 -0.849081 -0.361514 0.385183 59.7117 -39.9317 587.398 
-0.281528 -0.299755 -0.911531 0.443115 -0.88321 0.153586 -0.851111 -0.360674 0.381473 59.6897 -40.0348 587.358 
-0.28451 -0.299151 -0.910804 0.441887 -0.884042 0.152329 -0.850758 -0.359133 0.383709 60.1034 -40.6175 587.364 
-0.280851 -0.304446 -0.910184 0.442958 -0.882424 0.15848 -0.851416 -0.358664 0.382686 59.5845 -41.2176 587.297 
-0.278704 -0.318807 -0.905918 0.445498 -0.878579 0.172131 -0.850797 -0.35561 0.38689 58.9881 -42.1038 587.326 
-0.281071 -0.313761 -0.906947 0.440194 -0.881915 0.168682 -0.852776 -0.351821 0.385996 59.4396 -42.2842 587.432 
-0.275877 -0.317331 -0.9073 0.439796 -0.881 0.174407 -0.854676 -0.350911 0.382607 58.6404 -42.7988 587.551 
-0.278659 -0.316346 -0.906794 0.438085 -0.882107 0.173111 -0.854652 -0.349014 0.384392 59.0479 -43.1984 587.301 
-0.279344 -0.312802 -0.907812 0.436449 -0.883498 0.170125 -0.855265 -0.34869 0.383321 58.9597 -43.9943 587.373 
-0.276477 -0.317311 -0.907124 0.437001 -0.882193 0.1754 -0.855914 -0.34792 0.38257 58.2848 -44.8574 587.358 
-0.277546 -0.314266 -0.907858 0.434122 -0.884027 0.1733 -0.857033 -0.346022 0.381787 58.4742 -45.3081 587.368 
-0.268506 -0.315483 -0.910151 0.437716 -0.881626 0.176465 -0.858084 -0.351006 0.374812 57.5416 -46.509 587.457 
-0.26835 -0.316698 -0.909775 0.438361 -0.881113 0.177421 -0.857803 -0.351198 0.375274 57.5097 -47.4462 587.697 
-0.26706 -0.311399 -0.911981 0.436611 -0.882749 0.173563 -0.859097 -0.351829 0.371706 57.6636 -48.1759 587.909 
-0.263282 -0.312241 -0.912792 0.435768 -0.882636 0.176235 -0.86069 -0.351366 0.368446 57.5829 -49.0683 588.202 
-0.260849 -0.305537 -0.915754 0.434493 -0.884243 0.17126 -0.862074 -0.353215 0.363406 57.637 -49.7763 588.082 
-0.263526 -0.290015 -0.920025 0.43029 -0.888938 0.156967 -0.863368 -0.354512 0.359047 58.4428 -50.3641 587.956 
-0.259453 -0.290687 -0.92097 0.435306 -0.886458 0.157161 -0.862086 -0.360128 0.356531 57.836 -51.1589 587.491 
-0.263521 -0.303888 -0.915538 0.439319 -0.882755 0.166558 -0.85881 -0.358321 0.366127 57.4585 -51.9649 587.384 
-0.269194 -0.299968 -0.91518 0.429209 -0.888038 0.164824 -0.862156 -0.348434 0.367802 58.3557 -51.7219 587.629 
-0.26994 -0.310939 -0.91129 0.427721 -0.886644 0.175832 -0.862662 -0.342313 0.372334 58.1866 -52.373 587.909 
-0.275467 -0.312735 -0.909019 0.42416 -0.888119 0.177009 -0.862673 -0.336809 0.377296 58.9644 -52.4726 588.275 
-0.271314 -0.312276 -0.910425 0.421406 -0.888963 0.179333 -0.865335 -0.335002 0.372782 58.6424 -52.3113 588.507 
-0.272902 -0.300894 -0.913777 0.415248 -0.893635 0.170248 -0.867809 -0.332983 0.368819 59.5027 -52.2163 589.071 
-0.266146 -0.315565 -0.910816 0.42156 -0.887848 0.184426 -0.866864 -0.334879 0.369325 58.3752 -52.957 588.956 
-0.270426 -0.314518 -0.909917 0.417958 -0.889773 0.18334 -0.867283 -0.330727 0.372072 59.2776 -52.8426 589.287 
-0.267823 -0.323823 -0.90742 0.418808 -0.887319 0.19304 -0.867681 -0.328333 0.373262 58.9635 -53.2315 589.8 
-0.267861 -0.31889 -0.909153 0.414512 -0.88998 0.19004 -0.869729 -0.32595 0.370574 59.0481 -53.3844 590.28 
-0.267021 -0.325828 -0.906938 0.415595 -0.88803 0.196677 -0.869471 -0.324402 0.372534 58.7263 -53.9831 590.615 
-0.266417 -0.325155 -0.907357 0.410816 -0.889897 0.198276 -0.871924 -0.319933 0.370661 58.6724 -53.9186 591.195 
-0.267119 -0.329829 -0.905462 0.40913 -0.889533 0.203331 -0.872502 -0.316138 0.372553 58.3325 -54.0914 591.696 
-0.275717 -0.332837 -0.901776 0.407464 -0.890152 0.203966 -0.870604 -0.311204 0.381048 58.8802 -54.2766 591.873 
-0.272521 -0.335548 -0.901743 0.410873 -0.888049 0.206281 -0.870008 -0.314286 0.379878 57.8296 -54.8731 591.844 
-0.274711 -0.333473 -0.901848 0.405749 -0.890537 0.205697 -0.871723 -0.309417 0.379945 58.131 -54.6112 592.263 
-0.277334 -0.344562 -0.896863 0.406358 -0.887942 0.215479 -0.870608 -0.304688 0.38627 57.9124 -54.7135 592.446 
-0.281386 -0.350456 -0.89331 0.407342 -0.88651 0.21948 -0.868846 -0.302124 0.392206 57.704 -55.182 592.616 
-0.288603 -0.361583 -0.886547 0.406726 -0.884547 0.228365 -0.866765 -0.294674 0.402347 57.986 -55.3358 593.146 
-0.278515 -0.352946 -0.893229 0.407095 -0.885732 0.22305 -0.869886 -0.301506 0.390372 57.4138 -55.5691 593.219 
-0.284043 -0.349111 -0.892996 0.40484 -0.887931 0.218361 -0.86915 -0.299496 0.393544 57.8824 -56.068 593.763 
-0.279982 -0.350335 -0.893799 0.407145 -0.886488 0.219933 -0.869391 -0.302329 0.390837 57.0114 -56.7126 593.511 
-0.28846 -0.340754 -0.894806 0.401967 -0.891287 0.209832 -0.86903 -0.299154 0.394071 58.0469 -57.1622 593.94 
-0.286538 -0.343809 -0.894255 0.404441 -0.889555 0.212411 -0.868517 -0.30081 0.39394 57.7307 -57.6318 593.619 
-0.295558 -0.36118 -0.884418 0.402385 -0.886714 0.227649 -0.866447 -0.288592 0.407408 58.0981 -57.7338 594.082 
-0.287358 -0.353762 -0.8901 0.406968 -0.886334 0.220882 -0.867065 -0.29877 0.398663 56.8496 -59.0152 593.513 
-0.295465 -0.369141 -0.881156 0.408028 -0.88274 0.232987 -0.863836 -0.290696 0.411438 57.2432 -59.5004 594.058 
-0.284477 -0.358878 -0.888977 0.411219 -0.883329 0.225007 -0.866008 -0.301554 0.398863 55.8996 -60.474 593.254 
-0.2916 -0.348083 -0.890959 0.407064 -0.888044 0.213719 -0.865602 -0.300357 0.400644 57.5221 -60.7626 593.519 
-0.28304 -0.349271 -0.893252 0.411083 -0.885629 0.216034 -0.866544 -0.306054 0.394247 56.1643 -61.4296 593.267 
-0.295354 -0.342557 -0.891864 0.409028 -0.888968 0.20599 -0.863401 -0.303956 0.402675 57.9511 -61.1994 593.262 
-0.291365 -0.358535 -0.886882 0.424864 -0.879151 0.215831 -0.857086 -0.313918 0.408481 56.7768 -62.5291 592.67 
-0.293819 -0.349942 -0.889501 0.417492 -0.884102 0.209913 -0.859866 -0.309682 0.405862 57.741 -61.6595 593.393 
-0.28883 -0.352515 -0.890118 0.425609 -0.880096 0.210444 -0.857574 -0.31806 0.404231 57.2472 -62.1226 592.95 
-0.28431 -0.350631 -0.892315 0.427591 -0.879403 0.209319 -0.858098 -0.322034 0.399949 57.3185 -62.349 593.479 
-0.284613 -0.35038 -0.892317 0.425088 -0.880424 0.210125 -0.859241 -0.319508 0.399522 58.0265 -62.0576 594.047 
-0.273614 -0.348425 -0.896513 0.430837 -0.877741 0.20964 -0.85995 -0.32889 0.390276 56.8684 -62.1679 593.806 
-0.277174 -0.342427 -0.89773 0.430519 -0.879555 0.202573 -0.858969 -0.330341 0.39121 57.9447 -62.1007 594.181 
-0.277749 -0.33766 -0.899356 0.424733 -0.882881 0.200304 -0.861659 -0.326352 0.388634 58.3658 -61.6139 594.712 
-0.275293 -0.340729 -0.898954 0.425735 -0.881603 0.203778 -0.861953 -0.326618 0.387758 57.9377 -61.6564 594.747 
-0.275797 -0.344307 -0.897435 0.429506 -0.879396 0.205393 -0.859918 -0.328807 0.390415 57.8458 -62.1752 594.634 
-0.275173 -0.344043 -0.897728 0.427115 -0.880313 0.206449 -0.861308 -0.326623 0.389183 58.2481 -62.2775 594.967 
-0.275152 -0.346044 -0.896965 0.424426 -0.88086 0.209635 -0.862643 -0.323013 0.38924 58.2787 -62.516 595.301 
-0.279606 -0.340469 -0.89772 0.423527 -0.882863 0.202923 -0.861652 -0.32347 0.391051 59.1219 -62.6311 595.172 
-0.279264 -0.340228 -0.897918 0.425032 -0.882321 0.202129 -0.861022 -0.325197 0.391007 59.2301 -62.9558 594.968 
-0.273366 -0.33154 -0.902969 0.42922 -0.88213 0.193948 -0.860837 -0.334553 0.383447 59.116 -63.8734 594.516 
-0.272702 -0.333159 -0.902574 0.437579 -0.878433 0.192039 -0.856829 -0.342578 0.385333 58.8639 -65.0365 593.616 
-0.26356 -0.325135 -0.908198 0.434847 -0.880445 0.189007 -0.861071 -0.345112 0.373432 58.0419 -65.2407 593.596 
-0.277988 -0.327478 -0.90304 0.426405 -0.884463 0.18948 -0.860755 -0.332387 0.385508 60.1446 -65.3153 594.187 
-0.276677 -0.335053 -0.900661 0.426152 -0.882827 0.197508 -0.861303 -0.329172 0.387041 59.8914 -65.7538 594.03 
-0.280379 -0.345979 -0.89537 0.420992 -0.882606 0.209218 -0.862643 -0.318283 0.393117 60.4949 -65.7449 594.333 
-0.288816 -0.298278 -0.909734 0.390721 -0.904215 0.172426 -0.874026 -0.305653 0.377695 62.8774 -65.7443 595.627 
-0.294937 -0.367562 -0.881993 0.42882 -0.875793 0.221583 -0.853888 -0.312863 0.41592 60.7097 -67.751 593.556 
-0.290574 -0.338748 -0.894884 0.415413 -0.887161 0.200939 -0.861973 -0.313358 0.398505 61.1268 -68.2163 593.731 
-0.306775 -0.357504 -0.882089 0.420219 -0.88243 0.211499 -0.853993 -0.305788 0.420937 61.6957 -68.4083 593.233 
-0.314955 -0.367684 -0.874993 0.419121 -0.881032 0.21936 -0.851551 -0.297639 0.431589 62.3004 -68.5363 593.707 
-0.308258 -0.365426 -0.878317 0.416531 -0.881916 0.220737 -0.855265 -0.297802 0.424068 61.4954 -68.9498 593.658 
-0.307633 -0.368329 -0.877323 0.422159 -0.879153 0.221069 -0.852727 -0.302361 0.425949 61.0707 -69.7329 593.092 
-0.301736 -0.371699 -0.87795 0.424718 -0.876852 0.225267 -0.853563 -0.304909 0.422444 60.3636 -69.897 592.749 
-0.309613 -0.374381 -0.874059 0.426787 -0.876146 0.224098 -0.849701 -0.303653 0.431046 61.0217 -70.2892 592.659 
-0.305552 -0.370791 -0.877014 0.428359 -0.876122 0.221175 -0.85038 -0.308096 0.426531 60.6529 -70.1785 592.662 
-0.303156 -0.37418 -0.876405 0.424047 -0.87658 0.227574 -0.853393 -0.302646 0.424409 60.5596 -69.3885 593.534 
-0.306006 -0.381959 -0.872048 0.43369 -0.871352 0.229471 -0.847509 -0.307979 0.43229 60.5321 -70.0383 593.264 
-0.289279 -0.371573 -0.882186 0.43179 -0.873155 0.226181 -0.854327 -0.315489 0.413026 58.8485 -69.8669 594.124 
-0.285414 -0.371854 -0.883326 0.429146 -0.873687 0.229135 -0.856955 -0.313677 0.408941 58.6368 -69.2586 594.597 
-0.282653 -0.365109 -0.887019 0.423237 -0.877315 0.226249 -0.8608 -0.311469 0.402502 58.8256 -68.5805 595.425 
-0.286406 -0.372828 -0.882594 0.417967 -0.877526 0.235056 -0.862134 -0.301573 0.407157 59.4042 -68.1538 597.084 
-0.274531 -0.371207 -0.887039 0.412481 -0.878759 0.240084 -0.868614 -0.299977 0.394361 58.0106 -67.6482 597.787 
-0.279635 -0.375793 -0.883507 0.406868 -0.879886 0.245477 -0.869633 -0.290826 0.398944 58.7926 -67.0819 598.9 
-0.279873 -0.374073 -0.884161 0.396752 -0.883707 0.248293 -0.874218 -0.281302 0.395739 58.9566 -66.2499 600.11 
-0.29229 -0.37926 -0.877912 0.385506 -0.886836 0.254767 -0.875186 -0.263974 0.405419 60.5729 -65.4 601.617 
-0.299068 -0.38267 -0.874141 0.377089 -0.888899 0.260119 -0.876562 -0.251835 0.410141 61.2179 -64.6384 602.698 
-0.308896 -0.37746 -0.872988 0.356903 -0.896801 0.261472 -0.881591 -0.230804 0.411734 63.0684 -63.2758 604.639 
-0.294109 -0.373119 -0.879933 0.362006 -0.895546 0.258744 -0.884562 -0.242442 0.398458 61.2027 -64.3516 604.43 
-0.302865 -0.380992 -0.873567 0.360088 -0.894417 0.265244 -0.882388 -0.234228 0.408077 61.1808 -64.0522 605.299 
-0.311287 -0.396002 -0.863877 0.366094 -0.88885 0.275534 -0.876969 -0.23049 0.421661 60.99 -64.4992 605.947 
-0.334105 -0.403011 -0.852031 0.367394 -0.888158 0.276035 -0.867983 -0.220806 0.444801 62.5697 -64.2255 606.394 
-0.32857 -0.398078 -0.856491 0.368264 -0.88906 0.271942 -0.869726 -0.226062 0.438715 62.3197 -65.0623 606.941 
-0.316677 -0.377913 -0.869999 0.359763 -0.896524 0.258484 -0.877659 -0.231137 0.419866 61.6055 -65.8879 607.447 
-0.315295 -0.367721 -0.874855 0.357643 -0.899946 0.249376 -0.879022 -0.234258 0.41526 61.9887 -66.1514 608.17 
-0.331083 -0.395042 -0.856929 0.36958 -0.889879 0.267442 -0.868213 -0.228158 0.440622 62.0065 -67.0006 609.358 
-0.323282 -0.390463 -0.861991 0.373299 -0.889653 0.262992 -0.869561 -0.236759 0.433367 61.0647 -67.5376 609.737 
-0.324562 -0.396314 -0.858833 0.380228 -0.88606 0.265187 -0.866075 -0.240482 0.43827 60.7312 -68.2911 610.779 
-0.32898 -0.408301 -0.851506 0.381625 -0.88227 0.275612 -0.86379 -0.234284 0.446066 61.4656 -68.6818 612.997 
-0.304403 -0.370841 -0.877392 0.370253 -0.894736 0.249718 -0.877639 -0.248842 0.409664 60.7685 -68.9961 616.624 
-0.315775 -0.369541 -0.873914 0.366437 -0.897078 0.246931 -0.87522 -0.242259 0.418687 61.5565 -68.6417 618.434 
-0.31648 -0.354327 -0.87994 0.357416 -0.903796 0.235386 -0.878688 -0.240009 0.412674 62.159 -69.1821 621.151 
-0.323212 -0.34813 -0.879966 0.349438 -0.908063 0.230898 -0.879446 -0.232864 0.415146 62.6096 -69.6027 622.921 
-0.332303 -0.369133 -0.867938 0.355777 -0.901308 0.247112 -0.873496 -0.226676 0.430836 62.633 -68.6527 623.653 
-0.334071 -0.360116 -0.871042 0.35461 -0.904257 0.237845 -0.873297 -0.229423 0.429785 63.2127 -68.9856 625.424 
-0.330552 -0.369976 -0.868248 0.36597 -0.898226 0.243423 -0.869943 -0.237288 0.432309 61.7538 -69.4602 626.245 
-0.316879 -0.323257 -0.89168 0.34751 -0.914322 0.207971 -0.88251 -0.243965 0.402064 63.1999 -69.5023 627.943 
-0.318384 -0.329002 -0.889039 0.352808 -0.911594 0.211002 -0.879862 -0.24648 0.406311 63.3059 -69.7198 629.588 
-0.334489 -0.33572 -0.880574 0.351284 -0.911469 0.214063 -0.87448 -0.23773 0.422808 66.0707 -69.1661 631.354 
-0.329832 -0.340394 -0.880536 0.356285 -0.908638 0.217801 -0.874226 -0.241883 0.420974 65.81 -69.082 633.287 
-0.334284 -0.340574 -0.878785 0.35653 -0.90883 0.216598 -0.872433 -0.240908 0.425231 68.1798 -68.9661 635.471 
-0.321091 -0.334808 -0.885892 0.362171 -0.90773 0.211794 -0.875061 -0.252839 0.412721 68.2582 -68.2214 636.993 
-0.31703 -0.352741 -0.880379 0.366127 -0.901823 0.229489 -0.874895 -0.249575 0.415052 69.3902 -67.3181 639.137 
-0.372963 -0.443357 -0.815067 0.449122 -0.854944 0.259539 -0.811903 -0.269266 0.517983 70.8368 -68.5233 641.189 
-0.398869 -0.444915 -0.801845 0.4619 -0.852863 0.243458 -0.792181 -0.273264 0.545686 72.5613 -69.073 644.115 
-0.412161 -0.44329 -0.796001 0.455874 -0.856771 0.241086 -0.78886 -0.263509 0.555211 78.06 -68.7744 649.422 
-0.399824 -0.396848 -0.826228 0.441721 -0.873256 0.205682 -0.803133 -0.282726 0.524444 82.3479 -65.8998 653.079 
-0.389931 -0.435541 -0.811331 0.480146 -0.847985 0.224457 -0.785756 -0.302034 0.539778 82.8487 -64.5207 654 
-0.359263 -0.331296 -0.872453 0.458575 -0.876887 0.144146 -0.812796 -0.348298 0.466956 88.751 -60.1366 655.858 
-0.342893 -0.354587 -0.869881 0.479031 -0.862572 0.162782 -0.808055 -0.360883 0.465627 89.4843 -58.055 657.111 
-0.346126 -0.349139 -0.870804 0.488582 -0.859459 0.150391 -0.800927 -0.373404 0.468063 93.5877 -55.3076 657.748 
-0.337525 -0.360462 -0.869566 0.503558 -0.849624 0.156739 -0.795302 -0.384973 0.468282 95.9252 -54.5603 659.741 
-0.338325 -0.310579 -0.8883 0.507102 -0.855352 0.105922 -0.792706 -0.414622 0.446881 102.084 -50.6466 659.861 
-0.317983 -0.30461 -0.897831 0.538611 -0.837368 0.0933394 -0.780247 -0.453901 0.430334 103.532 -46.3773 658.064 
-0.312378 -0.311367 -0.89748 0.543851 -0.833228 0.0997837 -0.778874 -0.456925 0.429618 106.588 -44.5363 659.97 
-0.303734 -0.336724 -0.89127 0.573804 -0.811433 0.111017 -0.760588 -0.477694 0.439673 108.886 -40.5751 658.069 
-0.297655 -0.32604 -0.897274 0.577702 -0.809773 0.102604 -0.76004 -0.487816 0.429386 113.219 -40.2641 660.817 
-0.286573 -0.331387 -0.898921 0.583221 -0.80473 0.110735 -0.760084 -0.492536 0.423885 115.616 -38.4303 662.48 
-0.292849 -0.342973 -0.89253 0.588189 -0.800556 0.11464 -0.753838 -0.491404 0.436174 119.601 -36.3811 663.34 
-0.283782 -0.349643 -0.892871 0.596429 -0.793469 0.121155 -0.750826 -0.498152 0.433708 122.084 -34.8865 664.076 
-0.279924 -0.35147 -0.893371 0.604884 -0.787194 0.120168 -0.745491 -0.506748 0.432952 125.207 -33.6363 664.581 
-0.272618 -0.351397 -0.895656 0.61722 -0.777987 0.117364 -0.73805 -0.520821 0.428982 127.957 -31.7035 664.111 
-0.269964 -0.35942 -0.893273 0.619648 -0.774936 0.124538 -0.73699 -0.519894 0.431918 129.886 -30.8148 664.795 
-0.262007 -0.359155 -0.895746 0.625111 -0.770296 0.126011 -0.735246 -0.526925 0.426334 132.54 -30.3106 664.998 
-0.257101 -0.361 -0.896425 0.628402 -0.767165 0.128717 -0.734172 -0.530222 0.424091 134.659 -29.5782 665.069 
-0.251507 -0.364042 -0.896782 0.632066 -0.763474 0.132662 -0.732964 -0.53346 0.422116 136.638 -28.9366 665.216 
-0.244405 -0.368521 -0.896916 0.635265 -0.759677 0.139027 -0.7326 -0.5358 0.419777 137.924 -28.3183 665.153 
-0.244843 -0.371385 -0.895615 0.636631 -0.75828 0.140396 -0.731267 -0.535801 0.422094 140.286 -28.1562 665.237 
-0.235917 -0.364794 -0.900704 0.644892 -0.752128 0.135707 -0.72695 -0.548841 0.412692 141.998 -27.639 664.608 
-0.23038 -0.338291 -0.912406 0.6623 -0.74146 0.107682 -0.712939 -0.579478 0.394867 144.988 -24.9844 661.405 
-0.228887 -0.341052 -0.911754 0.663014 -0.740404 0.110515 -0.712757 -0.57921 0.39559 146.169 -25.7847 661.596 
-0.223033 -0.338075 -0.914309 0.660561 -0.742175 0.113293 -0.716878 -0.578689 0.388848 147.669 -26.0186 661.524 
LFing.0_Hand
0.281918 0.0634359 -0.957339 -0.0634359 0.996861 0.047374 0.957339 0.047374 0.285057 17.1629 13.0369 -53.3627 
0.170115 0.0430901 -0.984481 0.948048 -0.279696 0.151575 -0.268825 -0.95912 -0.0884315 180.336 0.240195 614.57 
0.178853 0.0365869 -0.983195 0.946045 -0.280839 0.161643 -0.270205 -0.959057 -0.0848413 179.665 0.1639 614.301 
0.178374 0.0335542 -0.98339 0.944904 -0.284635 0.16168 -0.274483 -0.958048 -0.0824766 179.598 0.276786 614.231 
0.175791 0.0358112 -0.983775 0.944191 -0.288924 0.158199 -0.278572 -0.956681 -0.0846027 179.624 0.414154 614.12 
0.178873 0.0398244 -0.983065 0.943264 -0.291041 0.159839 -0.279747 -0.955881 -0.0896238 179.019 0.675674 613.735 
0.169266 0.0426356 -0.984647 0.944988 -0.290759 0.149857 -0.279906 -0.955845 -0.0895053 179.084 1.13516 613.187 
0.171366 0.0400239 -0.984393 0.943693 -0.293662 0.152339 -0.282982 -0.95507 -0.0880936 178.454 1.23194 612.668 
0.17386 0.0467263 -0.98366 0.942512 -0.297369 0.15246 -0.285387 -0.953618 -0.0957403 178.582 1.44805 612.114 
0.17301 0.0544874 -0.983411 0.941741 -0.301551 0.148969 -0.288432 -0.951891 -0.103484 177.786 1.33767 611.739 
0.176874 0.0577797 -0.982535 0.94026 -0.30498 0.151327 -0.29091 -0.950604 -0.10827 177.372 1.23257 611.249 
0.181024 0.0510456 -0.982152 0.936777 -0.313036 0.15639 -0.299466 -0.948368 -0.104485 175.941 1.35604 610.824 
0.184992 0.0441236 -0.981748 0.933874 -0.318991 0.161633 -0.306037 -0.94673 -0.100216 174.703 1.56656 610.056 
0.179768 0.0528093 -0.98229 0.935163 -0.318994 0.153993 -0.305213 -0.946284 -0.10673 173.143 1.42456 609.214 
0.178703 0.0439424 -0.982921 0.93533 -0.317599 0.15585 -0.305326 -0.947206 -0.0978559 171.817 2.25645 607.568 
0.17576 0.043645 -0.983464 0.934805 -0.320596 0.152835 -0.308624 -0.94621 -0.0971469 170.204 1.81209 606.597 
0.178036 0.0415488 -0.983146 0.931719 -0.32852 0.154838 -0.31655 -0.943582 -0.0971995 168.098 2.64588 605.034 
0.178552 0.0409462 -0.983077 0.929679 -0.334205 0.154932 -0.322206 -0.94161 -0.0977394 165.523 3.15405 603.347 
0.186575 0.043008 -0.981498 0.920931 -0.355604 0.159478 -0.342166 -0.933646 -0.105954 162.346 3.86008 602.03 
0.185423 0.0338732 -0.982074 0.916686 -0.36598 0.160452 -0.353985 -0.930005 -0.0989116 160.486 4.20618 599.807 
0.197171 0.0311472 -0.979873 0.906783 -0.385714 0.170202 -0.37265 -0.922092 -0.104295 156.414 4.28632 598.447 
0.201936 0.0292512 -0.978961 0.898731 -0.402781 0.17335 -0.389237 -0.914828 -0.107624 152.582 4.23796 596.971 
0.191313 0.029988 -0.98107 0.894987 -0.415708 0.161818 -0.402987 -0.909003 -0.106369 149.882 3.46568 594.993 
0.191803 0.0337247 -0.980853 0.888481 -0.430512 0.158936 -0.416909 -0.901954 -0.112536 146.358 3.4013 593.244 
0.200019 0.0431368 -0.978841 0.881156 -0.444767 0.160455 -0.428435 -0.894606 -0.126971 141.98 4.83603 590.711 
0.201047 0.0383852 -0.978828 0.874799 -0.456681 0.161769 -0.440803 -0.888801 -0.125393 137.728 4.34727 589.558 
0.190958 0.0490498 -0.980371 0.87488 -0.461389 0.147325 -0.445107 -0.88584 -0.131018 134.483 3.3789 588.357 
0.195577 0.0529349 -0.979258 0.873198 -0.463929 0.149315 -0.446403 -0.884289 -0.136956 130.259 3.95775 586.416 
0.184078 0.0532106 -0.98147 0.873803 -0.466107 0.138613 -0.450095 -0.883126 -0.132295 126.798 3.02981 585.366 
0.198887 0.0571877 -0.978352 0.868111 -0.473544 0.148795 -0.454784 -0.878911 -0.143827 122.236 3.85156 583.579 
0.193999 0.0637603 -0.978927 0.87334 -0.465728 0.142739 -0.446813 -0.882627 -0.146035 119.172 5.21046 580.868 
0.197116 0.0705424 -0.977838 0.86965 -0.473051 0.141179 -0.452609 -0.878206 -0.154593 115.011 4.30772 580.489 
0.201087 0.0749801 -0.976699 0.866732 -0.478213 0.141733 -0.456444 -0.875036 -0.161149 111.947 4.66133 579.312 
0.218221 0.0728737 -0.973174 0.85965 -0.486373 0.156343 -0.461933 -0.870706 -0.168782 108.026 4.82518 578.228 
0.237698 0.0731364 -0.968581 0.852498 -0.493646 0.171934 -0.465562 -0.866581 -0.179687 104.069 4.53072 577.346 
0.254157 0.0725885 -0.964434 0.846481 -0.499056 0.18551 -0.467841 -0.863524 -0.188283 100.313 4.29507 576.261 
0.262722 0.065803 -0.962625 0.842918 -0.501154 0.195792 -0.46954 -0.862852 -0.18713 97.161 3.68428 575.363 
0.273604 0.063933 -0.959715 0.839779 -0.502352 0.205945 -0.468948 -0.862296 -0.191134 93.5634 3.3641 574.265 
0.29476 0.0593488 -0.953726 0.831549 -0.507658 0.225408 -0.47079 -0.859511 -0.198988 88.5936 3.28185 573.312 
0.29425 0.0545751 -0.954168 0.831346 -0.507118 0.227367 -0.471468 -0.860147 -0.19459 85.2787 2.21505 572.648 
0.294113 0.0547607 -0.9542 0.829951 -0.509757 0.226559 -0.474004 -0.858573 -0.195374 82.2298 1.76262 571.934 
0.293201 0.0585829 -0.954254 0.830175 -0.510643 0.223726 -0.474177 -0.857794 -0.198355 79.2533 0.920362 571.45 
0.299262 0.0674854 -0.951781 0.826352 -0.51705 0.223162 -0.477059 -0.85329 -0.210499 75.286 0.660517 570.951 
0.302807 0.0646891 -0.950853 0.822721 -0.521357 0.226531 -0.481081 -0.850882 -0.211091 72.364 -0.85372 570.887 
0.299412 0.0644994 -0.951941 0.820262 -0.52703 0.222284 -0.487364 -0.847395 -0.210705 70.0814 -2.03531 570.808 
0.305268 0.0680244 -0.949833 0.818379 -0.528736 0.225152 -0.486896 -0.846055 -0.217075 66.864 -3.13501 570.393 
0.300228 0.0670315 -0.951509 0.815425 -0.535609 0.219556 -0.49492 -0.841801 -0.215463 64.739 -4.3287 570.359 
0.296124 0.0656757 -0.952888 0.813704 -0.53979 0.215665 -0.500196 -0.839233 -0.213285 62.9229 -5.3126 570.237 
0.284979 0.0713354 -0.955875 0.816686 -0.540135 0.203171 -0.501809 -0.838549 -0.212185 62.0504 -6.02715 569.828 
0.284669 0.073145 -0.955831 0.816028 -0.541725 0.201575 -0.503053 -0.837367 -0.2139 60.776 -6.89614 569.442 
0.276537 0.075901 -0.958001 0.81706 -0.54336 0.192802 -0.505906 -0.836061 -0.212274 60.0391 -7.84368 569.551 
0.271949 0.0807767 -0.958915 0.816094 -0.547397 0.185331 -0.509937 -0.832965 -0.214784 59.7301 -8.68362 569.594 
0.278352 0.0819975 -0.956972 0.812949 -0.550719 0.189271 -0.511503 -0.830653 -0.219953 58.7009 -9.67823 569.765 
0.28181 0.0802625 -0.956107 0.808849 -0.555878 0.19174 -0.516089 -0.82738 -0.221571 58.1928 -9.8969 570.02 
0.277965 0.0841188 -0.9569 0.806981 -0.560816 0.185114 -0.521074 -0.823655 -0.223769 58.372 -10.096 570.484 
0.277887 0.0838229 -0.956949 0.807914 -0.559305 0.185616 -0.519668 -0.824713 -0.223144 58.5269 -10.4538 570.757 
0.286576 0.0780218 -0.954875 0.80206 -0.564659 0.194574 -0.523999 -0.821627 -0.224395 57.5217 -11.1222 571.501 
0.287604 0.0813583 -0.954287 0.799973 -0.56827 0.192647 -0.52662 -0.81881 -0.22852 57.4079 -11.4837 571.778 
0.290329 0.0829234 -0.953327 0.797445 -0.571649 0.193131 -0.528953 -0.816297 -0.232092 57.0918 -12.2804 572.206 
0.283038 0.0873895 -0.955119 0.797536 -0.574601 0.183765 -0.532754 -0.813754 -0.232329 57.8259 -12.7937 572.31 
0.283845 0.087107 -0.954905 0.794401 -0.579072 0.183311 -0.536991 -0.810609 -0.233564 58.0039 -13.375 572.381 
0.294243 0.0811688 -0.952277 0.79024 -0.581063 0.194646 -0.537534 -0.8098 -0.235116 57.3577 -14.2189 572.235 
0.293067 0.0812028 -0.952637 0.790047 -0.58172 0.193461 -0.538459 -0.809325 -0.234636 57.5403 -14.7921 571.933 
0.294978 0.0881666 -0.951427 0.786834 -0.587345 0.189518 -0.542108 -0.804519 -0.242625 58.2504 -15.4438 571.905 
0.296849 0.0847679 -0.951154 0.787408 -0.585247 0.193585 -0.54025 -0.806412 -0.240476 58.4461 -16.5428 571.518 
0.300448 0.0864859 -0.949868 0.784226 -0.589235 0.194403 -0.542883 -0.803319 -0.244858 58.4035 -17.4166 571.347 
0.297382 0.0838907 -0.951065 0.780252 -0.595444 0.191447 -0.550247 -0.799004 -0.242529 58.7449 -18.4321 571.405 
0.298753 0.0887355 -0.950196 0.77663 -0.60124 0.188032 -0.554611 -0.794125 -0.248536 58.8187 -19.2675 571.435 
0.303049 0.0856666 -0.949116 0.775242 -0.601377 0.19325 -0.554222 -0.794358 -0.248659 58.7596 -20.1879 571.14 
0.305064 0.0828257 -0.948723 0.771433 -0.605636 0.195182 -0.558415 -0.791419 -0.248652 58.8518 -21.3862 571.381 
0.307258 0.089831 -0.947376 0.770155 -0.60824 0.192105 -0.558976 -0.788653 -0.25607 59.4121 -22.0965 571.1 
0.306254 0.0938876 -0.947308 0.767742 -0.61272 0.187475 -0.562833 -0.784703 -0.259729 60.1661 -22.9071 571.155 
0.300925 0.0954682 -0.948857 0.767553 -0.61473 0.181574 -0.565957 -0.782938 -0.258264 61.2765 -23.9034 570.88 
0.299578 0.0944516 -0.949385 0.765208 -0.618118 0.179964 -0.569834 -0.78039 -0.257448 61.518 -24.6962 570.652 
0.302074 0.0913103 -0.948901 0.765671 -0.616221 0.184445 -0.567892 -0.782261 -0.256057 61.5694 -25.7018 570.259 
0.297712 0.0886176 -0.950533 0.765602 -0.616953 0.182271 -0.570283 -0.781994 -0.251519 62.7399 -26.2892 570.12 
0.299058 0.0939176 -0.949601 0.765251 -0.618092 0.179868 -0.570049 -0.780475 -0.256715 63.1355 -26.5665 569.757 
0.30108 0.099447 -0.948399 0.76474 -0.619312 0.177834 -0.569671 -0.77882 -0.262513 63.4443 -27.0975 570.056 
0.296721 0.0976331 -0.94996 0.766963 -0.617043 0.176143 -0.568969 -0.780849 -0.25797 64.3343 -27.3768 569.955 
0.296614 0.0930195 -0.950456 0.766631 -0.616664 0.178894 -0.569472 -0.781711 -0.254222 64.8752 -27.4667 570.263 
0.300886 0.0889258 -0.949504 0.767822 -0.613101 0.185892 -0.565612 -0.784983 -0.252752 64.7414 -27.7707 570.24 
0.301809 0.0854085 -0.949535 0.766448 -0.614061 0.18838 -0.566983 -0.784623 -0.250789 65.1543 -28.0946 570.473 
0.298487 0.0846625 -0.950651 0.766934 -0.614146 0.186108 -0.568083 -0.784637 -0.248244 65.4821 -28.2632 570.645 
0.301555 0.0886842 -0.949315 0.766482 -0.614729 0.186048 -0.567073 -0.783736 -0.253349 65.3629 -28.7756 571.173 
0.303604 0.0836622 -0.949118 0.76355 -0.617214 0.189837 -0.569927 -0.782334 -0.251268 65.0757 -29.2611 571.56 
0.298287 0.0871713 -0.950487 0.763583 -0.619284 0.182835 -0.572683 -0.780313 -0.251286 65.5459 -29.65 571.796 
0.297368 0.0893412 -0.950573 0.764915 -0.618122 0.181192 -0.571383 -0.780988 -0.252147 65.5485 -30.2583 571.97 
0.297148 0.0870219 -0.950857 0.762704 -0.620747 0.181537 -0.574445 -0.779165 -0.250825 65.5824 -30.6711 572.229 
0.296599 0.0942882 -0.950336 0.759833 -0.626116 0.175021 -0.578519 -0.774007 -0.257348 65.5916 -30.7921 572.19 
0.295099 0.0917813 -0.951048 0.761084 -0.624348 0.175901 -0.577641 -0.775735 -0.254097 65.9498 -31.3776 572.174 
0.301977 0.0891808 -0.949134 0.758389 -0.625733 0.182494 -0.577631 -0.774922 -0.25659 65.5047 -32.0284 572.104 
0.307923 0.0761876 -0.948355 0.756848 -0.623623 0.19564 -0.576512 -0.778003 -0.249689 64.9636 -33.0259 572.088 
0.302834 0.0810459 -0.94959 0.755295 -0.628061 0.187266 -0.581224 -0.773931 -0.251411 65.3664 -33.2392 572.156 
0.306689 0.0819657 -0.948273 0.753285 -0.629899 0.189178 -0.581811 -0.772339 -0.254926 64.6662 -33.8198 572.275 
0.306643 0.0800481 -0.948452 0.752491 -0.630581 0.190065 -0.582862 -0.771984 -0.253598 65.0218 -34.228 571.998 
0.303423 0.0821096 -0.949311 0.752666 -0.631601 0.185939 -0.584319 -0.770932 -0.253442 64.9171 -35.0138 572.07 
0.307735 0.0792629 -0.948164 0.750939 -0.632185 0.190874 -0.584286 -0.770752 -0.254066 64.2997 -35.9256 572.049 
0.305442 0.0825459 -0.948626 0.751439 -0.632782 0.186887 -0.584847 -0.769917 -0.255305 64.4662 -36.3918 572.042 
0.313826 0.0847384 -0.945691 0.749398 -0.6337 0.191903 -0.583024 -0.768923 -0.262374 63.7 -37.5791 572.204 
0.313173 0.0829871 -0.946063 0.749407 -0.633507 0.192503 -0.583363 -0.769273 -0.260587 63.6723 -38.5181 572.445 
0.311487 0.0884255 -0.946127 0.748765 -0.635887 0.187079 -0.585088 -0.766699 -0.26428 63.8439 -39.2297 572.674 
0.312245 0.0888608 -0.945836 0.746789 -0.638359 0.186559 -0.587206 -0.764592 -0.265684 63.8328 -40.1615 572.973 
0.312615 0.0949489 -0.945122 0.744814 -0.642012 0.18186 -0.589513 -0.760792 -0.271421 63.9232 -40.8334 572.889 
0.306487 0.107976 -0.94573 0.744504 -0.646267 0.167488 -0.59311 -0.755433 -0.27846 64.6603 -41.3255 572.792 
0.312989 0.108212 -0.943571 0.743907 -0.645577 0.17272 -0.590458 -0.755989 -0.282558 64.1282 -42.0563 572.396 
0.317832 0.0921874 -0.943654 0.743727 -0.641557 0.187818 -0.588094 -0.761515 -0.272469 63.6942 -42.9088 572.238 
0.312133 0.0977861 -0.944992 0.741556 -0.646847 0.178001 -0.59386 -0.756324 -0.274415 64.4834 -42.7805 572.37 
0.311321 0.0873289 -0.946283 0.741417 -0.645218 0.184375 -0.594458 -0.75899 -0.265616 64.3139 -43.5679 572.572 
0.306021 0.0827419 -0.948422 0.742098 -0.644771 0.183195 -0.596358 -0.759883 -0.258715 64.9927 -43.727 572.864 
0.309949 0.0881289 -0.946659 0.739745 -0.647837 0.181891 -0.597252 -0.756663 -0.265988 64.7462 -43.6269 573.092 
0.304904 0.101758 -0.946931 0.739235 -0.652171 0.167943 -0.600472 -0.75121 -0.274072 65.564 -43.5169 573.647 
0.314352 0.089164 -0.945109 0.739789 -0.646897 0.185029 -0.594891 -0.757346 -0.269315 64.5768 -44.3249 573.55 
0.310987 0.0863934 -0.946479 0.739393 -0.647695 0.183822 -0.597149 -0.756985 -0.265302 65.4 -44.2465 573.83 
0.316482 0.0805449 -0.945172 0.735908 -0.649566 0.191057 -0.598564 -0.756026 -0.264849 65.143 -44.7279 574.314 
0.312826 0.0877291 -0.94575 0.73301 -0.655515 0.18165 -0.604018 -0.750069 -0.269367 65.222 -44.9056 574.778 
0.314441 0.0809045 -0.945822 0.733185 -0.653571 0.187843 -0.602965 -0.752528 -0.264827 64.9224 -45.561 575.091 
0.316057 0.0813017 -0.94525 0.730215 -0.656942 0.187652 -0.605718 -0.749544 -0.266998 64.8788 -45.5771 575.632 
0.314613 0.0780134 -0.946008 0.728282 -0.659026 0.187856 -0.608789 -0.748063 -0.264153 64.5306 -45.8267 576.088 
0.310802 0.0669214 -0.948115 0.729335 -0.656443 0.192748 -0.609486 -0.7514 -0.252831 64.9239 -46.0409 576.19 
0.315865 0.0696156 -0.946246 0.730636 -0.654099 0.195769 -0.605311 -0.753198 -0.25747 63.934 -46.617 576.195 
0.313516 0.0726641 -0.946798 0.728513 -0.657942 0.190738 -0.609079 -0.749554 -0.259211 64.1936 -46.4169 576.565 
0.313868 0.0637433 -0.947324 0.727607 -0.657144 0.196852 -0.609981 -0.751065 -0.252636 63.9357 -46.6168 576.683 
0.315529 0.0535011 -0.947406 0.727482 -0.654688 0.205312 -0.609272 -0.754002 -0.245493 63.6568 -47.1156 576.811 
0.310712 0.0401091 -0.949657 0.726985 -0.653673 0.210248 -0.612333 -0.755713 -0.232262 63.8117 -47.3742 577.24 
0.31397 0.0525179 -0.947979 0.725795 -0.656971 0.203986 -0.612082 -0.752084 -0.244386 63.4209 -47.5447 577.413 
