Lower Arm R
-0.0148834 -0.327094 -0.944875 0.327094 0.891393 -0.313732 0.944875 -0.313732 0.0937236 43.3573 -12.3442 -85.718 
0.3075 -0.289956 -0.906295 0.847783 -0.349019 0.399311 -0.432097 -0.891129 0.138496 -130.657 -36.7283 621.788 
0.309943 -0.292522 -0.904637 0.846498 -0.348301 0.40265 -0.43287 -0.890572 0.139665 -130.996 -36.4509 621.266 
0.312343 -0.297714 -0.902114 0.843436 -0.350033 0.407544 -0.437101 -0.888169 0.141772 -131.681 -36.5919 621.372 
0.307039 -0.296283 -0.904403 0.84515 -0.352022 0.402246 -0.437549 -0.887861 0.142318 -131.467 -36.7365 621.142 
0.307724 -0.302992 -0.901944 0.843066 -0.352607 0.406088 -0.441073 -0.885361 0.146935 -132.976 -36.9557 621.369 
0.301858 -0.306205 -0.90284 0.843885 -0.354784 0.402475 -0.443553 -0.883384 0.151307 -133.588 -37.2429 621.427 
0.300229 -0.304111 -0.904091 0.843135 -0.358642 0.400624 -0.446079 -0.882549 0.148731 -134.239 -37.3604 621.384 
0.298373 -0.310325 -0.902592 0.839687 -0.364239 0.40281 -0.453761 -0.878082 0.151896 -135.88 -37.9351 621.544 
0.296881 -0.309375 -0.90341 0.838216 -0.368776 0.401745 -0.457446 -0.876522 0.14984 -136.697 -38.6673 621.037 
0.295024 -0.312218 -0.90304 0.835154 -0.374892 0.402461 -0.464198 -0.872912 0.150148 -137.823 -39.8385 620.46 
0.294093 -0.315338 -0.90226 0.831449 -0.38117 0.40423 -0.471383 -0.869064 0.150088 -138.771 -41.4892 619.657 
0.294977 -0.317145 -0.901337 0.825932 -0.389681 0.407413 -0.480443 -0.86462 0.146993 -139.893 -43.795 618.865 
0.294693 -0.322838 -0.899407 0.82025 -0.39741 0.411405 -0.49025 -0.858977 0.147694 -140.468 -46.3897 617.966 
0.294369 -0.333144 -0.895747 0.816778 -0.398946 0.416792 -0.496207 -0.854317 0.154667 -141.285 -47.9837 616.172 
0.289914 -0.338196 -0.895307 0.812575 -0.407262 0.416965 -0.50564 -0.848387 0.156738 -141.379 -50.8897 614.931 
0.292272 -0.342346 -0.89296 0.808297 -0.410599 0.421978 -0.511111 -0.845108 0.15671 -141.462 -52.3631 613.031 
0.296709 -0.351868 -0.88778 0.801198 -0.414158 0.431921 -0.51966 -0.839442 0.159031 -141.804 -54.7773 611.744 
0.291914 -0.351271 -0.889605 0.798378 -0.422678 0.428878 -0.526669 -0.835435 0.157061 -140.913 -57.9289 610.441 
0.296052 -0.350023 -0.888728 0.791678 -0.430657 0.433336 -0.534414 -0.831877 0.149608 -140.061 -60.8123 609.098 
0.306089 -0.359643 -0.881458 0.782931 -0.431649 0.447992 -0.541598 -0.827246 0.149452 -139.478 -62.8732 607.304 
0.313898 -0.359061 -0.878945 0.774258 -0.439005 0.455851 -0.549539 -0.82362 0.140202 -137.736 -65.8647 605.82 
0.322208 -0.359634 -0.875698 0.765239 -0.445623 0.464575 -0.557308 -0.819807 0.131623 -136.052 -69.352 604.201 
0.328079 -0.370546 -0.868942 0.755555 -0.449197 0.476821 -0.56701 -0.812969 0.132595 -133.843 -72.686 602.957 
0.334756 -0.376204 -0.86395 0.744869 -0.455918 0.487143 -0.577155 -0.806604 0.127601 -131.689 -75.9003 601.963 
0.342462 -0.376652 -0.860729 0.737076 -0.460393 0.49473 -0.582615 -0.803848 0.119953 -128.72 -78.83 600.575 
0.349578 -0.37801 -0.857266 0.727708 -0.466764 0.502566 -0.590116 -0.799525 0.111909 -125.685 -82.3421 599.975 
0.355123 -0.37973 -0.854221 0.721669 -0.469472 0.508714 -0.594207 -0.79712 0.107318 -122.793 -85.574 599.22 
0.351628 -0.360443 -0.863967 0.718493 -0.487709 0.495891 -0.600105 -0.795123 0.0874837 -118.315 -91.065 599.734 
0.377463 -0.372413 -0.847839 0.704896 -0.478202 0.523874 -0.600536 -0.795382 0.0820089 -117.066 -92.0926 598.194 
0.386609 -0.381923 -0.839446 0.697681 -0.474155 0.537045 -0.603137 -0.793292 0.0831473 -113.82 -95.4526 598.046 
0.394216 -0.388887 -0.832683 0.689923 -0.473332 0.547689 -0.607124 -0.790395 0.0817065 -111.129 -98.2688 597.93 
0.401473 -0.386386 -0.830377 0.684151 -0.476249 0.55238 -0.608898 -0.789869 0.0731449 -107.541 -101.414 597.676 
0.412589 -0.384046 -0.826003 0.67411 -0.481145 0.560424 -0.612656 -0.788041 0.060373 -104.979 -104.487 597.993 
0.423922 -0.384953 -0.819819 0.664027 -0.483464 0.570378 -0.615921 -0.786177 0.0506672 -102.375 -107.148 598.248 
0.428917 -0.389286 -0.815161 0.663067 -0.477165 0.576763 -0.613492 -0.78789 0.0534583 -99.2221 -109.89 597.773 
0.445986 -0.386037 -0.807511 0.651326 -0.478834 0.588636 -0.613899 -0.788475 0.0378822 -97.4144 -112.521 598.232 
0.453236 -0.395034 -0.799079 0.647447 -0.470272 0.599714 -0.612691 -0.789172 0.0426189 -95.2477 -115.643 598.601 
0.466447 -0.386678 -0.795555 0.640772 -0.472306 0.605259 -0.609786 -0.792091 0.0274668 -92.7398 -118.086 598.935 
0.479252 -0.383497 -0.789461 0.634358 -0.470274 0.61354 -0.606554 -0.794841 0.0178941 -89.7353 -120.482 599.361 
0.489154 -0.381135 -0.784516 0.630264 -0.467298 0.619999 -0.602906 -0.797727 0.011634 -86.7077 -122.695 599.796 
0.498075 -0.387541 -0.775716 0.625908 -0.458449 0.630923 -0.600134 -0.799773 0.0142221 -84.5202 -124.654 600.572 
0.510153 -0.39428 -0.764387 0.61904 -0.448673 0.644579 -0.597104 -0.80202 0.0151824 -81.9974 -125.953 601.358 
0.51526 -0.397619 -0.759215 0.615741 -0.444432 0.650648 -0.596129 -0.802733 0.0158323 -79.5515 -127.503 602.488 
0.522115 -0.392111 -0.757394 0.613098 -0.444774 0.652907 -0.592881 -0.805249 0.00817832 -76.4386 -129.06 603.405 
0.532935 -0.379209 -0.756427 0.61152 -0.445256 0.654057 -0.584828 -0.81114 -0.005399 -74.0788 -130.275 603.911 
0.541467 -0.379826 -0.750031 0.606994 -0.440646 0.661354 -0.581697 -0.813366 -0.00804372 -72.5285 -130.9 604.691 
0.541883 -0.387996 -0.745535 0.605324 -0.435208 0.666466 -0.583049 -0.812437 -0.00096852 -71.1818 -131.689 605.74 
0.537341 -0.380671 -0.752566 0.608707 -0.442569 0.658489 -0.58373 -0.811925 -0.00609426 -68.7611 -132.765 606.827 
0.542994 -0.380846 -0.748408 0.604014 -0.442019 0.663164 -0.583373 -0.812143 -0.00997806 -68.4149 -133.129 607.838 
0.54362 -0.382419 -0.74715 0.601461 -0.443394 0.664564 -0.585424 -0.810652 -0.0110285 -67.9438 -132.979 608.807 
0.541189 -0.381153 -0.749559 0.600793 -0.448412 0.661797 -0.588356 -0.808486 -0.0136825 -67.0727 -133.118 609.675 
0.537916 -0.381085 -0.751946 0.598563 -0.455443 0.659009 -0.593607 -0.804578 -0.0168876 -66.543 -132.973 610.336 
0.532851 -0.382578 -0.754788 0.596545 -0.462791 0.655712 -0.60017 -0.799661 -0.0183743 -65.7163 -132.925 610.749 
0.527427 -0.390501 -0.75454 0.595541 -0.463466 0.656147 -0.60593 -0.795429 -0.0118856 -65.942 -132.377 610.734 
0.523046 -0.391098 -0.757276 0.591397 -0.473264 0.652894 -0.613737 -0.789344 -0.0162451 -65.4697 -132.236 611.043 
0.520116 -0.394503 -0.757528 0.586073 -0.480325 0.652538 -0.621287 -0.783362 -0.0186177 -65.2763 -131.597 611.205 
0.51337 -0.400346 -0.759062 0.587045 -0.481351 0.650906 -0.625963 -0.779759 -0.0120909 -64.7022 -131.403 610.874 
0.508273 -0.406489 -0.759227 0.582683 -0.486845 0.65074 -0.634145 -0.773142 -0.0105965 -64.6393 -130.894 610.709 
0.496659 -0.414339 -0.762663 0.580835 -0.494274 0.646779 -0.64495 -0.76421 -0.00482354 -63.4755 -130.407 610.452 
0.488516 -0.419325 -0.765193 0.575412 -0.504427 0.643781 -0.655937 -0.754799 -0.00513652 -62.939 -129.99 610.377 
0.481712 -0.427388 -0.765046 0.569628 -0.51071 0.643971 -0.665942 -0.746 -0.00256381 -62.2375 -129.315 610.085 
0.478307 -0.434418 -0.76322 0.562158 -0.516226 0.646134 -0.674686 -0.7381 -0.00270341 -61.534 -128.827 609.742 
0.473361 -0.437375 -0.764614 0.555759 -0.525163 0.644466 -0.683419 -0.730005 -0.00551718 -60.4279 -128.792 609.625 
0.466163 -0.436137 -0.769725 0.558209 -0.529992 0.638365 -0.686363 -0.72725 -0.00360741 -58.2709 -128.868 608.645 
0.465989 -0.439391 -0.767978 0.553117 -0.532803 0.640455 -0.690591 -0.723227 -0.00524558 -57.8306 -128.316 608.1 
0.455239 -0.445351 -0.770987 0.553367 -0.536851 0.636848 -0.697526 -0.716557 0.00204662 -56.3208 -128.658 607.765 
0.444451 -0.441292 -0.779567 0.557351 -0.545067 0.626308 -0.701301 -0.712856 0.00369902 -54.3694 -128.853 606.929 
0.436941 -0.440719 -0.784124 0.559948 -0.548959 0.620566 -0.703947 -0.710219 0.00691657 -53.0866 -128.518 605.624 
0.431837 -0.444679 -0.784716 0.556409 -0.553406 0.619799 -0.709878 -0.704275 0.00844198 -52.4524 -128.695 604.942 
0.426527 -0.444271 -0.787845 0.556996 -0.557269 0.615797 -0.712623 -0.70148 0.0097664 -51.3854 -128.633 603.767 
0.428424 -0.445012 -0.786396 0.553365 -0.558795 0.617686 -0.714311 -0.699795 0.00685241 -50.8233 -128.153 602.632 
0.427232 -0.450052 -0.784173 0.550356 -0.558673 0.620477 -0.717343 -0.696662 0.00900496 -50.1876 -127.984 601.824 
0.42528 -0.465093 -0.776419 0.550612 -0.547891 0.629795 -0.718306 -0.695345 0.0230786 -49.6628 -127.515 600.694 
0.424766 -0.461211 -0.779011 0.555282 -0.546888 0.626558 -0.715007 -0.698712 0.0238024 -48.6972 -127.476 599.393 
0.426448 -0.458794 -0.77952 0.548406 -0.554197 0.626192 -0.719301 -0.694531 0.015268 -48.4635 -127.605 599.318 
0.423815 -0.461483 -0.779369 0.551614 -0.55098 0.626213 -0.718403 -0.695309 0.0210467 -47.5689 -127.409 598.593 
0.42696 -0.461615 -0.777571 0.549087 -0.550866 0.62853 -0.718477 -0.695311 0.0182682 -46.9844 -127.321 598.112 
0.420233 -0.457734 -0.783508 0.552139 -0.556226 0.621092 -0.720102 -0.693609 0.0189878 -44.7967 -127.187 597.364 
0.423726 -0.466525 -0.776409 0.550288 -0.548261 0.629756 -0.719472 -0.694093 0.0244096 -44.9604 -126.395 596.622 
0.42699 -0.470551 -0.77218 0.542153 -0.550217 0.635084 -0.723706 -0.689814 0.0201727 -44.7089 -125.767 596.358 
0.422554 -0.464009 -0.778553 0.540634 -0.560408 0.627422 -0.727436 -0.686031 0.0140562 -43.3318 -125.843 595.828 
0.419363 -0.474224 -0.774111 0.542913 -0.552411 0.632525 -0.727585 -0.685532 0.025801 -42.8359 -125.346 594.833 
0.422156 -0.482239 -0.767614 0.535483 -0.550594 0.640394 -0.731466 -0.68139 0.0257938 -43.2287 -124.879 594.592 
0.416366 -0.49069 -0.765418 0.535454 -0.548039 0.642606 -0.734798 -0.677405 0.0345568 -42.4735 -124.564 593.934 
0.412275 -0.496898 -0.763625 0.533336 -0.54791 0.644474 -0.738636 -0.672969 0.0391233 -42.5516 -124.44 593.501 
0.407501 -0.493958 -0.768082 0.532531 -0.554732 0.639283 -0.741859 -0.669535 0.0369936 -42.1428 -124.515 593.079 
0.400869 -0.504554 -0.764677 0.526735 -0.555985 0.642986 -0.749569 -0.660535 0.0428889 -42.3924 -123.984 593.215 
0.391893 -0.507895 -0.767114 0.527441 -0.559148 0.639656 -0.753808 -0.655284 0.0487577 -41.9131 -123.609 592.76 
0.381653 -0.494435 -0.780946 0.533022 -0.57253 0.622973 -0.755135 -0.654021 0.0450361 -40.5573 -124.115 592.211 
0.380612 -0.495601 -0.780715 0.53558 -0.570102 0.623007 -0.75385 -0.655259 0.0484455 -40.679 -124.052 591.379 
0.38616 -0.506097 -0.771199 0.534975 -0.558206 0.634198 -0.751453 -0.657474 0.0551919 -41.9279 -123.265 590.494 
0.379396 -0.502808 -0.776688 0.542608 -0.559025 0.626951 -0.749423 -0.6593 0.0607357 -41.2268 -124.073 589.925 
0.378498 -0.506372 -0.774808 0.548725 -0.551372 0.628402 -0.745412 -0.663006 0.0691658 -41.2426 -124.539 589.092 
0.387033 -0.505826 -0.770939 0.549863 -0.544551 0.633336 -0.740173 -0.669033 0.0673757 -42.0302 -124.446 588.202 
0.381728 -0.503822 -0.774886 0.554816 -0.545621 0.628073 -0.739231 -0.669672 0.0712494 -41.5687 -125.107 587.692 
0.386222 -0.513136 -0.766502 0.551212 -0.537893 0.637837 -0.739593 -0.668851 0.0751004 -42.2943 -124.856 587.341 
0.386301 -0.51626 -0.764361 0.554306 -0.53242 0.639745 -0.737236 -0.670824 0.0804908 -42.4405 -125.048 586.672 
0.384864 -0.523344 -0.760258 0.554804 -0.527103 0.643703 -0.737612 -0.669532 0.0874901 -42.4876 -125.123 586.275 
0.384216 -0.519808 -0.763007 0.558918 -0.526832 0.640358 -0.734839 -0.672494 0.088112 -42.2738 -125.802 585.799 
0.381495 -0.525147 -0.760712 0.563309 -0.520412 0.641758 -0.732901 -0.673344 0.0972852 -42.0219 -126.311 585.334 
0.384538 -0.512636 -0.767682 0.572821 -0.51963 0.633925 -0.723883 -0.683513 0.0938307 -41.2829 -127.391 584.361 
0.383091 -0.517583 -0.765081 0.576219 -0.51345 0.635877 -0.72195 -0.684454 0.101543 -41.0275 -127.451 584.192 
0.379638 -0.522214 -0.763655 0.578014 -0.510618 0.636528 -0.72234 -0.683054 0.107996 -40.8241 -127.684 584.394 
0.395659 -0.544004 -0.739942 0.578906 -0.477738 0.660783 -0.712967 -0.689801 0.125905 -42.1566 -124.626 581.789 
0.395696 -0.544105 -0.739848 0.576988 -0.479468 0.661207 -0.714499 -0.688521 0.124218 -42.0323 -125.078 582.053 
0.380502 -0.528841 -0.758648 0.576209 -0.506072 0.641774 -0.723327 -0.681336 0.112161 -40.5006 -127.634 583.96 
0.381241 -0.516637 -0.766644 0.571552 -0.520078 0.634702 -0.726625 -0.680151 0.0970096 -40.281 -128.083 584.362 
0.39074 -0.513131 -0.764212 0.569941 -0.51707 0.638596 -0.722834 -0.685081 0.0904142 -40.5068 -125.986 582.527 
0.376633 -0.493121 -0.784206 0.575178 -0.539113 0.615246 -0.726166 -0.682781 0.0805846 -38.7346 -127.826 583.557 
0.379618 -0.492309 -0.783277 0.570993 -0.541476 0.617066 -0.727913 -0.681495 0.0755509 -39.2099 -127.865 583.913 
0.374954 -0.482049 -0.791858 0.573844 -0.550171 0.606642 -0.728088 -0.681866 0.0703313 -38.3387 -127.672 583.688 
0.369348 -0.481648 -0.794732 0.571144 -0.556961 0.602983 -0.73306 -0.676617 0.0693776 -37.5969 -127.041 583.727 
0.375516 -0.47892 -0.793489 0.581582 -0.544841 0.604078 -0.72163 -0.68832 0.0739339 -37.4812 -123.998 580.065 
0.363783 -0.463274 -0.808109 0.574979 -0.570863 0.586101 -0.732845 -0.677859 0.0587018 -36.5372 -124.692 581.38 
0.359675 -0.445374 -0.819925 0.576663 -0.584722 0.570578 -0.733548 -0.678044 0.0465205 -35.6394 -124.168 580.569 
0.356701 -0.430519 -0.829107 0.577187 -0.596284 0.557943 -0.734588 -0.677569 0.0357942 -35.4757 -123.969 580.128 
0.35169 -0.415527 -0.83884 0.578902 -0.607655 0.543716 -0.735654 -0.676826 0.0268433 -34.9288 -123.629 579.332 
0.353564 -0.423163 -0.834222 0.573363 -0.606608 0.55071 -0.739086 -0.673023 0.0281509 -35.4483 -122.431 578.653 
0.347076 -0.407561 -0.84465 0.582588 -0.612085 0.534736 -0.734935 -0.677677 0.0250002 -34.4674 -122.842 577.345 
0.345702 -0.418415 -0.839893 0.576545 -0.611479 0.541931 -0.740328 -0.671583 0.0298452 -35.1369 -121.79 577.021 
0.343575 -0.414532 -0.842687 0.576267 -0.615458 0.537706 -0.741534 -0.670355 0.0274246 -34.8355 -121.1 575.75 
0.337869 -0.419799 -0.842386 0.57805 -0.613773 0.537718 -0.742767 -0.66862 0.0352893 -34.9394 -120.739 574.675 
0.334337 -0.419323 -0.844031 0.580737 -0.613679 0.534923 -0.742269 -0.669004 0.0383405 -34.8424 -120.582 573.357 
0.332471 -0.425725 -0.84156 0.581164 -0.610288 0.538327 -0.742773 -0.668063 0.0445124 -35.3508 -120.258 572.196 
0.330004 -0.427278 -0.841743 0.589737 -0.602952 0.53727 -0.737094 -0.673708 0.0530046 -35.2127 -119.587 569.691 
0.333265 -0.430609 -0.838756 0.585602 -0.602673 0.542084 -0.738922 -0.671834 0.0513148 -36.1726 -119.099 568.414 
0.323051 -0.415505 -0.850291 0.588421 -0.615499 0.524329 -0.741214 -0.669714 0.0456539 -34.8577 -119.601 567.321 
0.321384 -0.409491 -0.853833 0.589457 -0.619166 0.518819 -0.741116 -0.670038 0.0423865 -34.5887 -119.124 565.676 
0.317416 -0.412439 -0.853898 0.587587 -0.621227 0.518478 -0.744305 -0.666312 0.0451559 -34.3979 -118.538 564.586 
0.313937 -0.420427 -0.851285 0.587732 -0.618118 0.522016 -0.745664 -0.664208 0.0530477 -34.367 -118.043 563.377 
0.309381 -0.407256 -0.859318 0.593387 -0.623455 0.509112 -0.743085 -0.667418 0.0487747 -33.482 -118.185 562.037 
0.302459 -0.407589 -0.861621 0.594935 -0.625526 0.504747 -0.744695 -0.665274 0.053293 -32.5519 -117.916 561.213 
0.305253 -0.404146 -0.862257 0.598364 -0.62299 0.50383 -0.740798 -0.669739 0.0516566 -32.6424 -117.366 559.831 
0.306727 -0.412742 -0.85765 0.59112 -0.623631 0.511527 -0.745986 -0.663873 0.0526954 -32.5322 -115.801 559.38 
0.29653 -0.409745 -0.862659 0.59317 -0.62891 0.502614 -0.748478 -0.660743 0.0565573 -31.155 -115.621 558.886 
0.294286 -0.416038 -0.860412 0.59144 -0.627903 0.505901 -0.75073 -0.657762 0.0612776 -30.548 -114.709 558.394 
0.289973 -0.416716 -0.861548 0.590041 -0.630932 0.503762 -0.753503 -0.654426 0.0629255 -29.4037 -114.024 558.09 
0.287013 -0.411411 -0.865081 0.588184 -0.637103 0.498136 -0.756084 -0.651798 0.0591285 -28.5861 -113.378 557.842 
0.281747 -0.417646 -0.863824 0.587241 -0.636922 0.499478 -0.758793 -0.647999 0.0658078 -27.9373 -112.52 557.929 
0.272494 -0.425321 -0.863047 0.587806 -0.636548 0.49929 -0.761729 -0.643358 0.0765501 -27.1997 -111.759 557.73 
0.276127 -0.428391 -0.86037 0.577664 -0.641473 0.504794 -0.768153 -0.636392 0.070338 -27.8932 -111.061 558.335 
0.276068 -0.425739 -0.861704 0.579561 -0.641477 0.502609 -0.766744 -0.638164 0.0696497 -27.0161 -110.455 557.678 
0.272401 -0.424663 -0.863401 0.587129 -0.637545 0.498814 -0.762284 -0.642805 0.0756633 -26.2867 -110.281 556.701 
0.274964 -0.431666 -0.859104 0.581785 -0.636689 0.506116 -0.765455 -0.638977 0.07607 -26.6393 -109.724 556.663 
0.277324 -0.437512 -0.85538 0.58189 -0.631958 0.511891 -0.764523 -0.639697 0.0793266 -26.3199 -109.017 555.671 
0.269297 -0.436532 -0.858441 0.585425 -0.63357 0.505831 -0.764694 -0.638771 0.0849379 -25.0714 -108.972 554.966 
0.269676 -0.441107 -0.855979 0.589541 -0.627219 0.508956 -0.761391 -0.641888 0.0909049 -24.9195 -108.859 553.797 
0.266453 -0.441686 -0.85669 0.593497 -0.625148 0.506903 -0.75945 -0.643509 0.0955662 -24.2836 -109.079 552.898 
0.265163 -0.446657 -0.85451 0.592061 -0.624056 0.50992 -0.761021 -0.641133 0.0989715 -23.6162 -108.669 552.157 
0.2689 -0.441071 -0.856242 0.597638 -0.620746 0.507447 -0.755329 -0.648175 0.0966815 -23.4059 -108.771 550.828 
0.262409 -0.434545 -0.861576 0.608856 -0.618131 0.4972 -0.748623 -0.655045 0.102372 -21.9907 -109.402 549.438 
0.265392 -0.452382 -0.851421 0.607383 -0.607374 0.512037 -0.748768 -0.653029 0.113577 -22.357 -108.433 548.45 
0.267142 -0.444443 -0.855047 0.61945 -0.60049 0.505662 -0.738185 -0.664742 0.114893 -21.7831 -109.201 546.84 
0.271959 -0.452991 -0.849022 0.626672 -0.586183 0.51349 -0.730288 -0.671706 0.124458 -22.072 -109.287 545.504 
0.270936 -0.463111 -0.843874 0.6318 -0.575851 0.518869 -0.726239 -0.673739 0.136574 -22.0351 -109.606 544.512 
0.278531 -0.464922 -0.840399 0.635439 -0.56692 0.524231 -0.720165 -0.680037 0.137524 -22.0336 -110.1 543.281 
0.280048 -0.467628 -0.83839 0.639388 -0.560577 0.526247 -0.71607 -0.683431 0.142007 -21.9713 -110.436 542.193 
0.27975 -0.460121 -0.842633 0.642639 -0.562312 0.520404 -0.713271 -0.687091 0.138385 -21.681 -110.621 541.039 
0.277125 -0.461096 -0.842967 0.64472 -0.561264 0.518959 -0.712417 -0.687294 0.141737 -21.6658 -111.09 540.444 
0.276061 -0.456705 -0.845702 0.645921 -0.563423 0.515112 -0.711742 -0.688459 0.139456 -21.6784 -111.471 539.933 
0.288318 -0.476383 -0.830622 0.653603 -0.53603 0.534299 -0.699769 -0.696944 0.156818 -22.8272 -108.881 536.755 
0.287607 -0.472365 -0.833159 0.657303 -0.535353 0.530423 -0.696588 -0.700192 0.156515 -22.6094 -108.847 536.081 
0.28751 -0.47278 -0.832958 0.659461 -0.532978 0.530138 -0.694586 -0.701722 0.158543 -22.2606 -108.793 535.783 
0.286993 -0.478682 -0.829759 0.659008 -0.529991 0.533683 -0.695229 -0.699981 0.163351 -22.8306 -108.602 536.078 
0.288393 -0.486948 -0.824447 0.65989 -0.522824 0.539629 -0.693812 -0.699669 0.170553 -23.0257 -108.011 536.073 
0.28397 -0.483433 -0.828043 0.661939 -0.52594 0.534063 -0.693684 -0.699772 0.170652 -22.6746 -107.557 536.129 
0.286333 -0.483842 -0.826989 0.662882 -0.523177 0.535606 -0.69181 -0.701558 0.170927 -22.9567 -106.718 535.946 
0.283664 -0.471422 -0.835043 0.66312 -0.532597 0.525938 -0.692681 -0.702924 0.161531 -22.3358 -105.915 536.139 
0.271795 -0.455736 -0.847604 0.658784 -0.55393 0.509082 -0.70152 -0.696754 0.149676 -21.038 -106.476 537.891 
0.272186 -0.450769 -0.850131 0.657328 -0.558114 0.506388 -0.702734 -0.696647 0.144392 -20.8775 -105.628 538.396 
0.278664 -0.462709 -0.841575 0.663319 -0.540967 0.517071 -0.694517 -0.702321 0.156175 -21.6553 -101.992 536.253 
0.265863 -0.447187 -0.854015 0.658558 -0.562705 0.499663 -0.704002 -0.69526 0.144896 -20.1551 -102.353 537.353 
0.268402 -0.445641 -0.854029 0.666702 -0.553987 0.498605 -0.695319 -0.703209 0.148418 -19.7329 -100.281 535.414 
0.275824 -0.447844 -0.850504 0.672244 -0.542559 0.503704 -0.68703 -0.71068 0.151409 -20.0756 -97.9421 533.403 
0.267199 -0.434676 -0.860036 0.6683 -0.559396 0.490358 -0.694247 -0.705786 0.141024 -19.1113 -98.5442 533.983 
0.271099 -0.414595 -0.868687 0.668801 -0.567917 0.479766 -0.692251 -0.711043 0.123319 -18.6047 -97.0477 532.402 
0.270014 -0.4089 -0.871719 0.670361 -0.570048 0.475038 -0.691165 -0.712633 0.120189 -18.286 -96.1036 531.136 
0.260315 -0.396102 -0.880534 0.66542 -0.587208 0.460872 -0.699609 -0.705896 0.110714 -17.544 -97.1898 532.078 
0.256937 -0.390481 -0.88403 0.670086 -0.587169 0.454111 -0.696397 -0.709054 0.11079 -17.3925 -97.0676 531.099 
0.264437 -0.392039 -0.881124 0.66489 -0.58769 0.461023 -0.698566 -0.707762 0.105255 -18.5543 -96.5029 530.407 
0.264212 -0.399837 -0.877681 0.675927 -0.572376 0.464229 -0.687979 -0.715903 0.119032 -18.7607 -94.6817 527.351 
0.257843 -0.401286 -0.878913 0.674259 -0.576808 0.461158 -0.69202 -0.711521 0.121844 -18.6855 -94.1969 526.485 
0.251052 -0.391436 -0.885298 0.669188 -0.590641 0.450921 -0.6994 -0.705635 0.113662 -18.5677 -94.8024 526.626 
0.247745 -0.392269 -0.88586 0.668965 -0.592134 0.449291 -0.700791 -0.703919 0.115716 -18.4951 -94.2691 525.445 
0.254459 -0.39639 -0.882115 0.666757 -0.588784 0.456913 -0.70049 -0.704421 0.114474 -20.1487 -93.6545 523.937 
0.246133 -0.390749 -0.886981 0.6645 -0.598174 0.447914 -0.705591 -0.699645 0.112422 -19.3281 -93.1039 522.547 
0.24412 -0.391249 -0.887317 0.668421 -0.595029 0.446266 -0.70258 -0.702044 0.11626 -19.4447 -92.1506 520.062 
0.243287 -0.377059 -0.893666 0.665225 -0.605658 0.436639 -0.705895 -0.700717 0.10348 -19.0639 -92.5405 518.982 
0.241123 -0.365386 -0.899085 0.656334 -0.621041 0.42841 -0.714903 -0.693399 0.0900674 -19.6748 -92.4081 515.27 
0.238831 -0.357269 -0.90295 0.647504 -0.634373 0.422267 -0.72367 -0.685514 0.0798247 -19.3494 -93.1956 515.514 
0.241105 -0.372441 -0.89619 0.663832 -0.610327 0.432235 -0.707951 -0.699134 0.100085 -20.0235 -91.481 511.254 
0.235481 -0.36982 -0.898768 0.658701 -0.619238 0.427383 -0.714606 -0.69266 0.0977813 -19.7847 -91.7174 510.979 
0.237113 -0.367067 -0.899467 0.647034 -0.630961 0.428059 -0.724655 -0.683484 0.0878948 -20.2798 -91.7299 511.52 
0.233077 -0.364758 -0.901458 0.64502 -0.635737 0.424013 -0.727753 -0.680286 0.0870999 -20.2396 -91.9978 511.275 
0.23464 -0.360961 -0.902581 0.644507 -0.637313 0.422424 -0.727705 -0.680837 0.0831024 -20.9083 -92.2441 511.013 
0.238225 -0.373812 -0.89639 0.653302 -0.621262 0.4327 -0.718641 -0.688693 0.096211 -22.2576 -91.1565 508.654 
0.228664 -0.380575 -0.896034 0.658057 -0.617861 0.430359 -0.717408 -0.688049 0.109157 -22.131 -90.3063 507.348 
0.242889 -0.381875 -0.891727 0.663259 -0.605432 0.43993 -0.707879 -0.6983 0.106229 -24.4828 -88.5438 504.95 
0.243129 -0.368173 -0.897406 0.66461 -0.610647 0.430585 -0.706528 -0.701113 0.0962251 -24.6279 -88.421 504.291 
0.240625 -0.369792 -0.897416 0.668555 -0.607138 0.429439 -0.703657 -0.703305 0.101133 -25.4 -87.7772 503.478 
0.246768 -0.361193 -0.899247 0.669137 -0.607712 0.427716 -0.700972 -0.707266 0.0917234 -27.246 -87.0868 502.813 
0.251516 -0.361777 -0.897696 0.674629 -0.599527 0.43063 -0.693985 -0.713922 0.0932741 -28.5091 -85.9959 501.44 
0.255158 -0.35771 -0.898298 0.681026 -0.59301 0.429584 -0.686366 -0.721376 0.0922979 -30.2175 -85.6572 500.364 
0.248674 -0.35389 -0.901623 0.68933 -0.589267 0.421411 -0.68043 -0.72631 0.0974113 -30.9567 -85.0038 499.329 
0.251777 -0.34235 -0.90521 0.693255 -0.588844 0.415524 -0.675282 -0.732161 0.0890775 -32.6486 -84.5039 498.538 
0.24802 -0.333564 -0.909518 0.696492 -0.591156 0.406734 -0.673339 -0.73435 0.0857054 -33.7633 -84.0004 498.182 
0.25073 -0.336367 -0.90774 0.700136 -0.584561 0.409998 -0.668539 -0.73834 0.0889351 -35.8994 -83.3935 497.67 
0.240679 -0.321895 -0.915674 0.706831 -0.588411 0.392635 -0.665179 -0.741726 0.0859068 -36.3963 -83.1474 497.545 
0.247972 -0.316782 -0.915511 0.710214 -0.583275 0.394189 -0.658867 -0.747957 0.0803469 -39.3596 -82.6422 497.04 
0.247159 -0.318666 -0.915077 0.712893 -0.579812 0.394463 -0.656275 -0.749846 0.0838686 -41.6891 -82.5748 497.167 
0.255788 -0.311203 -0.915274 0.714036 -0.577434 0.395882 -0.651709 -0.7548 0.0745093 -45.3362 -82.4783 497.141 
0.25708 -0.307925 -0.91602 0.715654 -0.57632 0.39458 -0.649422 -0.756992 0.0722066 -48.4063 -81.947 497.309 
0.258057 -0.301997 -0.917718 0.718438 -0.57511 0.391274 -0.645952 -0.760294 0.0685542 -51.4411 -81.695 497.443 
0.256667 -0.28875 -0.922359 0.724672 -0.573961 0.381337 -0.63951 -0.766285 0.0619315 -53.5013 -81.6436 497.296 
0.26436 -0.279388 -0.923069 0.724145 -0.57464 0.381318 -0.636968 -0.769241 0.0504051 -57.2323 -81.4802 497.592 
0.270405 -0.276942 -0.922055 0.726248 -0.570049 0.384198 -0.632017 -0.77353 0.0469844 -60.8784 -81.402 497.531 
0.271695 -0.270214 -0.92367 0.728449 -0.569475 0.380867 -0.628923 -0.776326 0.0421133 -63.8198 -81.7811 497.981 
0.274224 -0.262395 -0.925176 0.730487 -0.56887 0.377858 -0.625453 -0.779446 0.035678 -66.7772 -81.8571 498.169 
0.277896 -0.259419 -0.92492 0.734497 -0.56316 0.378636 -0.619103 -0.784572 0.0340422 -69.6365 -81.6072 497.987 
0.27823 -0.256985 -0.925499 0.737305 -0.560406 0.377262 -0.615605 -0.78734 0.033554 -72.3295 -81.9925 498.404 
0.276796 -0.256281 -0.926124 0.73808 -0.560446 0.375683 -0.615323 -0.787541 0.0340261 -74.6735 -82.0895 498.938 
0.273372 -0.247022 -0.92965 0.741156 -0.561964 0.367266 -0.613152 -0.789416 0.0294561 -76.4158 -82.4492 499.429 
0.272906 -0.245809 -0.930108 0.742727 -0.560652 0.366095 -0.611456 -0.790726 0.029563 -78.7988 -82.6844 500.018 
0.276728 -0.239119 -0.930723 0.742696 -0.561374 0.365049 -0.609774 -0.792263 0.0222446 -81.2549 -82.7517 500.491 
0.27675 -0.241831 -0.930015 0.743553 -0.559182 0.366666 -0.608719 -0.79299 0.0250596 -83.3043 -82.8811 500.96 
0.278633 -0.237205 -0.930644 0.746598 -0.55604 0.365255 -0.604115 -0.796589 0.0221651 -84.8649 -82.7986 501.147 
0.279872 -0.234187 -0.931037 0.748108 -0.554583 0.364379 -0.60167 -0.798495 0.0199844 -86.1466 -83.3823 501.998 
0.285264 -0.233132 -0.929664 0.748446 -0.551719 0.368013 -0.598709 -0.800784 0.0171005 -87.496 -83.8567 502.717 
0.28551 -0.223943 -0.931845 0.750787 -0.552054 0.362706 -0.595653 -0.803173 0.0105157 -88.0048 -84.4433 503.456 
0.293041 -0.226123 -0.928976 0.750535 -0.54752 0.370025 -0.592304 -0.805661 0.00926676 -89.3129 -84.6539 504.064 
0.296573 -0.222953 -0.928621 0.752929 -0.54358 0.37097 -0.587488 -0.809206 0.00665571 -89.9372 -84.7651 504.58 
RFing.0_Hand
-0.461729 0.0039796 -0.887012 -0.0039796 0.999971 0.00655795 0.887012 0.00655795 -0.4617 32.7108 -9.73219 -73.4609 
-0.179404 0.127892 -0.975427 0.973805 -0.117725 -0.194541 -0.139711 -0.984778 -0.10342 -136.77 -22.5888 616.033 
-0.181427 0.128551 -0.974966 0.973196 -0.119014 -0.19679 -0.141332 -0.984537 -0.103511 -137.067 -22.2914 615.515 
-0.175444 0.12342 -0.976723 0.973823 -0.123891 -0.190578 -0.144528 -0.984592 -0.0984515 -137.705 -22.4236 615.595 
-0.182608 0.123894 -0.975349 0.972359 -0.124059 -0.197807 -0.145508 -0.984511 -0.0978132 -137.579 -22.6056 615.365 
-0.17978 0.117995 -0.976605 0.972676 -0.126939 -0.194394 -0.146906 -0.984869 -0.0919479 -139.067 -22.8122 615.601 
-0.187377 0.11372 -0.975683 0.971447 -0.125711 -0.201216 -0.145536 -0.985529 -0.0869158 -139.768 -23.1309 615.677 
-0.190884 0.114002 -0.974971 0.970906 -0.124374 -0.204631 -0.144588 -0.985666 -0.0869431 -140.449 -23.2847 615.577 
-0.185609 0.106546 -0.97683 0.971142 -0.131639 -0.198887 -0.149779 -0.985557 -0.0790364 -142.11 -23.8911 615.681 
-0.194665 0.106085 -0.975116 0.969127 -0.132571 -0.207892 -0.151325 -0.985481 -0.0770013 -142.952 -24.6619 615.11 
-0.192032 0.102836 -0.975986 0.968746 -0.139256 -0.20528 -0.157022 -0.984904 -0.0728789 -144.103 -25.8762 614.458 
-0.193709 0.0998746 -0.975962 0.96749 -0.145437 -0.206911 -0.162605 -0.984315 -0.0684536 -145.062 -27.5674 613.572 
-0.187049 0.0979252 -0.977458 0.967126 -0.156147 -0.200715 -0.172282 -0.982869 -0.065497 -146.166 -29.9264 612.642 
-0.185105 0.0924615 -0.97836 0.966215 -0.16457 -0.19836 -0.179349 -0.982023 -0.0588731 -146.736 -32.5664 611.638 
-0.178378 0.0813431 -0.980594 0.966722 -0.171248 -0.19006 -0.183385 -0.981866 -0.0480877 -147.539 -34.1512 609.85 
-0.17977 0.0752484 -0.980827 0.965723 -0.176292 -0.190527 -0.187248 -0.981459 -0.0409754 -147.695 -37.1247 608.523 
-0.174913 0.0717013 -0.98197 0.965548 -0.182681 -0.185326 -0.192675 -0.980556 -0.0372763 -147.731 -38.6064 606.561 
-0.167537 0.0613936 -0.983953 0.965536 -0.191424 -0.176345 -0.199178 -0.979587 -0.0272056 -147.982 -41.0137 605.201 
-0.168594 0.0603521 -0.983837 0.963418 -0.200875 -0.177417 -0.208335 -0.977757 -0.0242764 -147.17 -44.2492 603.798 
-0.165236 0.0611616 -0.984356 0.962245 -0.208886 -0.174503 -0.216291 -0.976027 -0.0243353 -146.254 -47.1864 602.287 
-0.150459 0.0546967 -0.987102 0.962646 -0.219252 -0.15888 -0.225113 -0.974135 -0.0196636 -145.488 -49.207 600.41 
-0.145518 0.0566462 -0.987733 0.960847 -0.22985 -0.154739 -0.235795 -0.971578 -0.0209795 -143.62 -52.2406 598.737 
-0.134493 0.0572088 -0.989262 0.95974 -0.240927 -0.144412 -0.246601 -0.968857 -0.0225009 -141.799 -55.7638 596.938 
-0.123906 0.0469829 -0.991181 0.958089 -0.254338 -0.131825 -0.258288 -0.965975 -0.0134982 -139.467 -59.0996 595.596 
-0.112065 0.0436034 -0.992744 0.955917 -0.26814 -0.119685 -0.271413 -0.962394 -0.0116306 -137.188 -62.3544 594.435 
-0.106734 0.045369 -0.993252 0.954886 -0.273755 -0.115115 -0.27713 -0.96073 -0.0141018 -134.09 -65.3123 592.904 
-0.0987762 0.0453537 -0.994076 0.951937 -0.286747 -0.107671 -0.289931 -0.956933 -0.0148484 -130.932 -68.8735 592.134 
-0.0893013 0.0447644 -0.994998 0.949953 -0.296427 -0.0985943 -0.299357 -0.954007 -0.0160513 -127.942 -72.1229 591.285 
-0.0904977 0.0600488 -0.994085 0.945111 -0.309512 -0.104735 -0.313969 -0.948999 -0.0287411 -123.571 -77.823 591.522 
-0.0627661 0.0546999 -0.996528 0.946634 -0.313028 -0.0768055 -0.316142 -0.948169 -0.0321316 -121.853 -78.7124 589.919 
-0.0529627 0.0481449 -0.997435 0.94452 -0.321819 -0.0656865 -0.324156 -0.945578 -0.0284278 -118.423 -82.0184 589.754 
-0.0395993 0.0450924 -0.998198 0.942902 -0.328945 -0.0522651 -0.330709 -0.943273 -0.0294901 -115.58 -84.8202 589.579 
-0.0377929 0.0489817 -0.998085 0.941754 -0.332265 -0.0519658 -0.334174 -0.941915 -0.0335698 -111.872 -87.9947 589.215 
-0.0244117 0.0539503 -0.998245 0.939782 -0.339269 -0.0413175 -0.340903 -0.939142 -0.0424178 -109.119 -91.1202 589.355 
-0.0150504 0.0548012 -0.998384 0.938168 -0.3446 -0.0330574 -0.345854 -0.93715 -0.0462247 -106.31 -93.8092 589.472 
-0.00937017 0.0497241 -0.998719 0.937338 -0.347445 -0.0260925 -0.348296 -0.936383 -0.0433511 -103.055 -96.4851 589.053 
0.00860242 0.0563495 -0.998374 0.935392 -0.353413 -0.011887 -0.353508 -0.93377 -0.0557475 -100.946 -99.1436 589.344 
0.0229743 0.0499077 -0.99849 0.934101 -0.356991 0.00364957 -0.356269 -0.932775 -0.0548189 -98.6183 -102.182 589.776 
0.0334395 0.0602385 -0.997624 0.932871 -0.360086 0.00952673 -0.358656 -0.930974 -0.0682342 -95.891 -104.656 589.984 
0.0466733 0.0675937 -0.996621 0.931533 -0.363162 0.0189948 -0.36065 -0.929272 -0.0799141 -92.6557 -107.043 590.345 
0.0566254 0.0694517 -0.995977 0.930431 -0.365441 0.0274162 -0.362067 -0.928241 -0.0853116 -89.4474 -109.234 590.756 
0.0687751 0.0657565 -0.995463 0.929743 -0.366025 0.0400567 -0.36173 -0.92828 -0.0863084 -87.0687 -111.117 591.59 
0.0829541 0.0577489 -0.994879 0.927594 -0.369386 0.0559027 -0.364265 -0.927481 -0.084208 -84.2892 -112.342 592.42 
0.0936873 0.0555643 -0.99405 0.92625 -0.370987 0.0665607 -0.36508 -0.926976 -0.0862216 -81.7319 -113.862 593.567 
0.0951705 0.0646456 -0.99336 0.926812 -0.369907 0.0647224 -0.363266 -0.926818 -0.0951169 -78.5029 -115.429 594.441 
0.0998742 0.0823317 -0.991588 0.927666 -0.368082 0.0628742 -0.359809 -0.926142 -0.113137 -75.9714 -116.654 594.895 
0.106539 0.0836109 -0.990787 0.927649 -0.367067 0.0687739 -0.357934 -0.926431 -0.116667 -74.2485 -117.25 595.683 
0.111501 0.0738419 -0.991017 0.926418 -0.36859 0.0767691 -0.359609 -0.926656 -0.109505 -72.8658 -117.996 596.79 
0.100958 0.0834057 -0.991389 0.927563 -0.368238 0.0634787 -0.359772 -0.925984 -0.114539 -70.561 -119.127 597.817 
0.104022 0.0837241 -0.991045 0.926841 -0.369599 0.0660599 -0.360758 -0.925413 -0.116044 -70.1007 -119.501 598.791 
0.10839 0.0803224 -0.990858 0.924274 -0.375127 0.070698 -0.366018 -0.923488 -0.114898 -69.6118 -119.371 599.726 
0.104402 0.0834726 -0.991026 0.924575 -0.375279 0.0657924 -0.366419 -0.923147 -0.116355 -68.7938 -119.557 600.534 
0.100874 0.0828536 -0.991444 0.923482 -0.378548 0.0623246 -0.370144 -0.921867 -0.114698 -68.33 -119.484 601.104 
0.0920546 0.0811229 -0.992444 0.922647 -0.381794 0.0543728 -0.374498 -0.920682 -0.109992 -67.5996 -119.509 601.427 
0.0921418 0.0731501 -0.993056 0.9208 -0.385846 0.0570159 -0.378995 -0.91966 -0.102907 -67.9066 -118.97 601.415 
0.0856432 0.0723985 -0.993692 0.918842 -0.391359 0.0506788 -0.385221 -0.917387 -0.100038 -67.5191 -118.935 601.593 
0.0866676 0.0673384 -0.993959 0.915424 -0.399016 0.0527878 -0.39305 -0.91447 -0.0962232 -67.3719 -118.381 601.647 
0.0780047 0.0602149 -0.995133 0.915609 -0.399241 0.0476137 -0.39443 -0.914868 -0.0862744 -66.9102 -118.193 601.333 
0.0772857 0.0566975 -0.995396 0.912842 -0.405509 0.0477787 -0.400932 -0.912333 -0.0830942 -66.9252 -117.752 601.093 
0.0692311 0.0430804 -0.99667 0.909685 -0.412816 0.0453456 -0.409488 -0.909796 -0.0677677 -65.9589 -117.344 600.777 
0.0615381 0.0361986 -0.997448 0.907472 -0.418126 0.0408131 -0.415581 -0.907669 -0.0585784 -65.561 -117.047 600.579 
0.0591213 0.0237709 -0.997968 0.902741 -0.428003 0.0432855 -0.426104 -0.903466 -0.0467615 -64.9595 -116.455 600.205 
0.0624392 0.0169233 -0.997905 0.898504 -0.436244 0.0488218 -0.434503 -0.899671 -0.0424428 -64.2937 -116.049 599.766 
0.0572075 0.010812 -0.998304 0.894456 -0.44474 0.0464402 -0.443483 -0.895596 -0.0351117 -63.2702 -116.129 599.526 
0.0452008 0.0119197 -0.998907 0.893948 -0.446794 0.0351203 -0.445886 -0.894559 -0.0308494 -61.2545 -116.247 598.534 
0.0460866 0.00995339 -0.998888 0.891787 -0.450969 0.036652 -0.450102 -0.892485 -0.0296584 -60.8046 -115.744 597.927 
0.0393191 -0.000726677 -0.999227 0.889021 -0.456505 0.035315 -0.456177 -0.889722 -0.0173018 -59.4732 -116.127 597.593 
0.0259426 0.000672517 -0.999663 0.88705 -0.461115 0.0227103 -0.460944 -0.887342 -0.0125575 -57.7388 -116.399 596.734 
0.0166921 0.00241507 -0.999858 0.886354 -0.462807 0.0136798 -0.462707 -0.886457 -0.0098643 -56.5968 -116.098 595.434 
0.015956 -0.00355054 -0.999867 0.883991 -0.46724 0.0157665 -0.467233 -0.884125 -0.00431515 -56.0409 -116.336 594.705 
0.0112873 -0.00562492 -0.999921 0.88298 -0.469243 0.0126074 -0.469276 -0.883053 -0.000328297 -55.0725 -116.316 593.515 
0.0115572 -0.00678535 -0.99991 0.881965 -0.471126 0.0133915 -0.471173 -0.882042 0.000541046 -54.4729 -115.865 592.332 
0.0127622 -0.0129232 -0.999835 0.880555 -0.473628 0.0173619 -0.473773 -0.880632 0.00533658 -53.839 -115.704 591.514 
0.0178601 -0.0306652 -0.99937 0.879831 -0.474323 0.0302786 -0.474952 -0.879818 0.0185102 -53.2877 -115.114 590.521 
0.0142228 -0.023888 -0.999614 0.881734 -0.471147 0.0238051 -0.471533 -0.881733 0.0143633 -52.348 -115.048 589.262 
0.020129 -0.0192951 -0.999611 0.879549 -0.47505 0.0268815 -0.475384 -0.879748 0.00741014 -52.0936 -115.282 589.052 
0.0162841 -0.0231813 -0.999599 0.878712 -0.476679 0.0253697 -0.477075 -0.878773 0.0126089 -51.2359 -115.039 588.398 
0.0218442 -0.0240718 -0.999472 0.878073 -0.477543 0.0306928 -0.478029 -0.87828 0.0107067 -50.5933 -114.959 587.887 
0.00776935 -0.0221966 -0.999724 0.878074 -0.478208 0.0174419 -0.478462 -0.877968 0.0157764 -48.5445 -114.873 587.129 
0.0140061 -0.0286788 -0.999491 0.877611 -0.478667 0.0260332 -0.479169 -0.87753 0.0184661 -48.6077 -113.999 586.45 
0.0194555 -0.0343714 -0.99922 0.875447 -0.482145 0.033631 -0.482924 -0.875419 0.0207114 -48.279 -113.423 586.097 
0.0113591 -0.0283571 -0.999533 0.8746 -0.484267 0.0236786 -0.484712 -0.874462 0.0193017 -47.0112 -113.618 585.464 
0.00954935 -0.0377136 -0.999243 0.874456 -0.484374 0.0266386 -0.485012 -0.874049 0.0283549 -46.5293 -113.023 584.59 
0.018164 -0.0499523 -0.998587 0.871059 -0.489521 0.0403321 -0.490843 -0.870561 0.0346212 -46.8352 -112.564 584.308 
0.0118835 -0.062652 -0.997965 0.869891 -0.491521 0.0412164 -0.493102 -0.868611 0.0486608 -46.1467 -112.222 583.708 
0.00829118 -0.0669256 -0.997724 0.868516 -0.494016 0.0403557 -0.495592 -0.866874 0.0540314 -46.2699 -112.105 583.282 
0.00056351 -0.0623471 -0.998054 0.866604 -0.497997 0.0315989 -0.498997 -0.864936 0.053751 -45.9617 -112.257 582.804 
-0.0028886 -0.0764792 -0.997067 0.863664 -0.502778 0.0360635 -0.50406 -0.861027 0.067506 -46.2804 -111.763 582.922 
-0.0156571 -0.0836682 -0.996371 0.862032 -0.506029 0.0289471 -0.506613 -0.85845 0.0800489 -45.946 -111.419 582.485 
-0.0353882 -0.0685567 -0.997019 0.861395 -0.507918 0.00435141 -0.506701 -0.858675 0.0770301 -44.8364 -112.055 581.883 
-0.03947 -0.0682402 -0.996888 0.861771 -0.507299 0.000606421 -0.505761 -0.859066 0.0788319 -44.9712 -111.954 581.1 
-0.0324096 -0.0803672 -0.996238 0.862932 -0.505162 0.0126793 -0.50428 -0.859276 0.0857249 -46.072 -111.035 580.311 
-0.0370424 -0.0772049 -0.996327 0.866168 -0.499712 0.00651959 -0.498379 -0.862746 0.0853843 -45.5066 -111.825 579.822 
-0.0363688 -0.0807267 -0.996073 0.869044 -0.494665 0.00835978 -0.493396 -0.865328 0.0881468 -45.5211 -112.184 579.12 
-0.0291527 -0.0795258 -0.996406 0.870777 -0.491487 0.0137503 -0.490814 -0.867248 0.0835787 -46.1599 -112.011 578.265 
-0.0340933 -0.0767848 -0.996465 0.871901 -0.48962 0.00789769 -0.488495 -0.86855 0.0836429 -45.8023 -112.667 577.806 
-0.0247952 -0.0887688 -0.995744 0.870261 -0.492092 0.022199 -0.491967 -0.866007 0.0894549 -46.4026 -112.345 577.492 
-0.0231837 -0.0935365 -0.995346 0.870853 -0.490865 0.0258448 -0.490997 -0.866202 0.092838 -46.5317 -112.467 576.905 
-0.0197027 -0.103065 -0.994479 0.86959 -0.492615 0.0338252 -0.493381 -0.864124 0.0993316 -46.5682 -112.484 576.578 
-0.0216144 -0.0979604 -0.994956 0.871341 -0.489805 0.0292961 -0.490203 -0.866313 0.0959451 -46.3841 -113.146 576.138 
-0.0198063 -0.107501 -0.994008 0.872749 -0.486896 0.0352677 -0.487769 -0.866821 0.103467 -46.1531 -113.572 575.791 
-0.0259766 -0.0873095 -0.995843 0.877769 -0.478706 0.0190738 -0.47838 -0.873625 0.0890741 -45.4236 -114.613 574.876 
-0.0246039 -0.0929103 -0.99537 0.878756 -0.476729 0.022778 -0.476638 -0.874128 0.0933762 -45.1692 -114.597 574.809 
-0.0236731 -0.0994646 -0.994759 0.878779 -0.476481 0.02673 -0.476642 -0.873542 0.0986885 -45.0036 -114.795 575.076 
-0.0112997 -0.119919 -0.992719 0.881872 -0.469177 0.0466381 -0.471353 -0.874926 0.111056 -45.9307 -111.409 572.762 
-0.00968402 -0.123046 -0.992354 0.881824 -0.46897 0.0495442 -0.47148 -0.874602 0.113047 -45.8052 -111.884 572.992 
-0.019668 -0.111568 -0.993562 0.879172 -0.475148 0.0359518 -0.4761 -0.872805 0.107434 -44.6301 -114.705 574.677 
-0.0203043 -0.0944068 -0.995327 0.878023 -0.477835 0.0274118 -0.478189 -0.873363 0.0925947 -44.4604 -115.313 574.882 
-0.0198387 -0.0893251 -0.995805 0.879275 -0.475652 0.0251499 -0.475903 -0.875088 0.0879789 -44.5344 -113.19 573.016 
-0.0336185 -0.0702501 -0.996963 0.879441 -0.475994 0.00388533 -0.47482 -0.87664 0.0777844 -43.1082 -115.25 573.907 
-0.0275178 -0.0668335 -0.997385 0.877855 -0.478864 0.00786853 -0.478137 -0.875343 0.0718488 -43.5347 -115.327 574.191 
-0.036757 -0.0543084 -0.997848 0.877872 -0.478856 -0.00627507 -0.477484 -0.876213 0.0652786 -42.7912 -115.224 573.909 
-0.0454046 -0.0564553 -0.997372 0.875443 -0.48316 -0.0125046 -0.481184 -0.873711 0.0713625 -42.1491 -114.678 573.886 
-0.0553492 -0.0482089 -0.997303 0.882376 -0.469813 -0.02626 -0.467279 -0.88145 0.0685435 -41.9374 -111.469 570.392 
-0.069329 -0.0358135 -0.996951 0.877451 -0.477658 -0.0438595 -0.47463 -0.877817 0.0645415 -41.2623 -112.484 571.428 
-0.0816479 -0.0168518 -0.996519 0.877139 -0.475979 -0.0638171 -0.473246 -0.879297 0.0536454 -40.5039 -112.127 570.481 
-0.0931562 -0.000700193 -0.995651 0.875883 -0.475573 -0.0816154 -0.473447 -0.879678 0.0449173 -40.4437 -112.075 569.917 
-0.101326 0.0100663 -0.994803 0.873053 -0.478526 -0.0937668 -0.476982 -0.878017 0.0397001 -40.0317 -111.884 569.016 
-0.0975329 -0.00231377 -0.99523 0.868956 -0.487706 -0.0840236 -0.485185 -0.873006 0.0495794 -40.4945 -110.681 568.314 
