Lower Arm R
-0.0148834 -0.327094 -0.944875 0.327094 0.891393 -0.313732 0.944875 -0.313732 0.0937236 43.3573 -12.3442 -85.718 
-0.468931 -0.0579078 -0.881335 -0.840062 -0.278914 0.465298 -0.272762 0.958568 0.0821464 -21.2927 -62.0179 675.443 
-0.465866 -0.0565177 -0.883049 -0.842474 -0.276821 0.462177 -0.270568 0.959258 0.0813475 -20.4133 -63.2463 675.777 
-0.458665 -0.0494647 -0.887232 -0.847022 -0.277536 0.453351 -0.268664 0.95944 0.0853992 -20.5279 -64.3434 675.931 
-0.454615 -0.0485553 -0.889364 -0.850801 -0.271791 0.449741 -0.263559 0.96113 0.0822503 -20.1511 -64.6057 675.973 
-0.455886 -0.0443038 -0.888935 -0.849792 -0.275274 0.449531 -0.264617 0.960344 0.0878456 -20.058 -65.7683 676.375 
-0.457039 -0.0421982 -0.888445 -0.850172 -0.272818 0.450308 -0.261387 0.961139 0.0888138 -20.1111 -66.4682 676.283 
-0.45706 -0.0376384 -0.88864 -0.851284 -0.270969 0.449323 -0.257706 0.961851 0.0918088 -19.9239 -66.3116 676.868 
-0.454203 -0.0368212 -0.890138 -0.853279 -0.269299 0.446535 -0.256155 0.962352 0.0908984 -20.1684 -66.7171 677.918 
-0.454174 -0.0372548 -0.890134 -0.854112 -0.265985 0.446927 -0.253412 0.963257 0.0889843 -19.6428 -66.9265 678.643 
-0.451791 -0.0377178 -0.891327 -0.855412 -0.265349 0.444815 -0.25329 0.963414 0.0876187 -19.2686 -67.3767 679.385 
-0.447401 -0.0411107 -0.893389 -0.857533 -0.263889 0.441588 -0.253909 0.963676 0.0828109 -19.0162 -67.2721 680.232 
-0.449135 -0.0427771 -0.89244 -0.857131 -0.261317 0.443891 -0.252199 0.964304 0.0807017 -18.4896 -67.5902 680.831 
-0.444233 -0.0396999 -0.895032 -0.860687 -0.258464 0.438651 -0.248748 0.965204 0.0806498 -18.5644 -67.6002 681.316 
-0.435625 -0.0406721 -0.899209 -0.864677 -0.258689 0.430597 -0.250129 0.965104 0.0775239 -19.2323 -67.7271 682.171 
-0.42746 -0.0459172 -0.902868 -0.868721 -0.255543 0.424289 -0.250204 0.965706 0.0693459 -19.792 -67.7312 682.906 
-0.425647 -0.0434367 -0.903847 -0.871248 -0.250148 0.422317 -0.24444 0.967232 0.0686316 -19.6168 -67.6043 682.847 
-0.417952 -0.0409566 -0.907546 -0.876465 -0.244644 0.414679 -0.239009 0.968747 0.0663531 -20.0318 -67.6536 682.879 
-0.413456 -0.042499 -0.909532 -0.880834 -0.234339 0.41136 -0.230621 0.971225 0.0594549 -19.9482 -67.8693 683.024 
-0.402557 -0.0436823 -0.914353 -0.887685 -0.225279 0.401578 -0.223527 0.973314 0.0519125 -20.0516 -68.3833 682.996 
-0.394273 -0.0473423 -0.917774 -0.893347 -0.21454 0.394846 -0.215592 0.975567 0.0422949 -20.3661 -68.6183 682.997 
-0.387907 -0.0405061 -0.920809 -0.896505 -0.215403 0.387144 -0.214027 0.975684 0.0472433 -20.1038 -69.1963 682.987 
-0.379329 -0.0364227 -0.924545 -0.901321 -0.21129 0.378123 -0.20912 0.976744 0.0473206 -20.1602 -69.5434 682.787 
-0.371383 -0.0277134 -0.928066 -0.905307 -0.211111 0.36858 -0.20614 0.977069 0.0533147 -20.3369 -70.2091 682.787 
-0.355515 -0.0145351 -0.934558 -0.912651 -0.210359 0.350452 -0.201686 0.977516 0.0615208 -20.6051 -70.3723 682.608 
-0.348212 0.000566795 -0.937416 -0.918072 -0.202306 0.340904 -0.189452 0.979322 0.0709664 -19.5363 -70.1052 681.96 
-0.340707 0.0301529 -0.939686 -0.923157 -0.200007 0.328296 -0.178045 0.97933 0.0959806 -18.6205 -71.5744 680.874 
-0.327455 0.0559144 -0.943211 -0.928083 -0.206351 0.30997 -0.177301 0.976879 0.119464 -18.1017 -71.8591 680.975 
-0.322114 0.0640891 -0.944529 -0.931001 -0.20239 0.303768 -0.171696 0.977205 0.124861 -17.5638 -71.8935 681.235 
-0.308425 0.0718007 -0.948536 -0.93565 -0.202738 0.288888 -0.171562 0.976597 0.129711 -17.961 -73.0412 681.59 
-0.30638 0.0751314 -0.94894 -0.937765 -0.195035 0.28733 -0.163489 0.977914 0.130211 -17.4468 -73.506 681.794 
-0.306381 0.0858545 -0.94803 -0.939715 -0.186181 0.286833 -0.15188 0.978757 0.137722 -17.1261 -73.8632 681.509 
-0.307625 0.083801 -0.947811 -0.938534 -0.190659 0.287756 -0.156595 0.978072 0.137302 -16.832 -73.8476 682.64 
-0.303783 0.0873081 -0.948733 -0.940305 -0.187842 0.283798 -0.153434 0.978311 0.13916 -16.7667 -74.8648 682.734 
-0.30858 0.0981191 -0.946125 -0.94011 -0.182895 0.28765 -0.144818 0.978223 0.148681 -15.3971 -75.4107 682.401 
-0.30556 0.108919 -0.945923 -0.940419 -0.190133 0.281889 -0.149148 0.975697 0.160527 -14.8294 -75.7994 682.969 
-0.303393 0.133397 -0.943482 -0.941921 -0.191629 0.275797 -0.144009 0.972359 0.183789 -14.2008 -76.3985 682.583 
-0.303036 0.155406 -0.940223 -0.944556 -0.179871 0.274702 -0.126429 0.971336 0.201298 -14.5931 -77.0519 681.309 
-0.298329 0.119758 -0.946921 -0.945134 -0.175436 0.275578 -0.133121 0.977179 0.165526 -15.1256 -76.4782 682.249 
-0.296893 0.158676 -0.941635 -0.947236 -0.173706 0.269387 -0.120823 0.97193 0.201877 -14.6107 -76.7496 681.013 
-0.310073 0.138974 -0.940501 -0.943539 -0.166281 0.286504 -0.116571 0.976236 0.182688 -14.227 -76.638 681.16 
-0.299224 0.148382 -0.942576 -0.94708 -0.166495 0.274443 -0.116212 0.974813 0.19035 -15.3763 -76.8405 681.213 
-0.290356 0.167953 -0.942065 -0.949743 -0.17092 0.26225 -0.116973 0.970864 0.209141 -15.7315 -76.9227 681.232 
-0.298685 0.147995 -0.942807 -0.945829 -0.177637 0.271758 -0.127259 0.972904 0.193036 -15.3903 -77.0398 682.136 
-0.300739 0.121491 -0.945937 -0.94376 -0.18079 0.276827 -0.137384 0.975989 0.16903 -15.7725 -75.7866 683.371 
-0.299669 0.129985 -0.945147 -0.943774 -0.185356 0.273741 -0.139607 0.974036 0.178222 -15.9806 -75.946 683.6 
-0.300115 0.13208 -0.944715 -0.942763 -0.191986 0.272653 -0.145361 0.972469 0.182138 -15.1233 -75.4781 683.75 
-0.300364 0.114316 -0.94695 -0.941236 -0.196287 0.274856 -0.154454 0.973859 0.166557 -15.4951 -75.3337 684.62 
-0.300286 0.108962 -0.947605 -0.941626 -0.192393 0.276269 -0.15221 0.975249 0.160375 -15.7109 -75.0421 684.437 
-0.300234 0.121872 -0.946048 -0.942503 -0.190531 0.274564 -0.14679 0.974086 0.17207 -14.8876 -74.886 684.107 
-0.296903 0.139402 -0.944678 -0.944936 -0.185488 0.269612 -0.137642 0.972708 0.186799 -14.6105 -74.4275 683.676 
-0.297456 0.153978 -0.942237 -0.945264 -0.186165 0.267989 -0.134147 0.970378 0.200926 -14.5932 -75.5034 683.093 
-0.289963 0.160304 -0.943517 -0.946951 -0.190817 0.258598 -0.138586 0.968448 0.20713 -13.9225 -75.3903 683.28 
-0.286828 0.14649 -0.946716 -0.947317 -0.190424 0.257545 -0.14255 0.97071 0.193393 -13.6235 -74.838 683.649 
-0.273655 0.166923 -0.947233 -0.951842 -0.188546 0.24176 -0.138242 0.967774 0.210482 -13.3071 -74.9933 682.729 
-0.27549 0.141898 -0.950774 -0.948592 -0.200442 0.244942 -0.155818 0.969375 0.189824 -13.0163 -74.6849 684.022 
-0.261796 0.161863 -0.951454 -0.954051 -0.192306 0.229795 -0.145776 0.967893 0.204771 -12.8406 -74.7619 682.784 
-0.263081 0.149291 -0.953153 -0.952958 -0.194361 0.232585 -0.150533 0.969502 0.193402 -12.4161 -74.8195 682.957 
-0.25011 0.173814 -0.952489 -0.956041 -0.19986 0.214571 -0.153069 0.964284 0.216161 -12.0186 -74.791 682.634 
-0.24743 0.164815 -0.954785 -0.958699 -0.184307 0.216629 -0.14027 0.968951 0.203611 -12.8629 -74.6214 681.479 
-0.246909 0.154106 -0.956707 -0.958935 -0.18105 0.21832 -0.139568 0.971324 0.192482 -13.4133 -75.0373 681.27 
-0.245137 0.160413 -0.956126 -0.960814 -0.171832 0.217509 -0.129401 0.971978 0.19625 -13.1645 -75.0998 680.725 
-0.241184 0.13559 -0.960961 -0.961555 -0.167364 0.217718 -0.13131 0.976526 0.170743 -13.8624 -74.8853 681.51 
-0.248161 0.0982869 -0.96372 -0.959347 -0.162979 0.230413 -0.13442 0.981721 0.134737 -14.2934 -75.5189 682.068 
-0.240454 0.109923 -0.964417 -0.962065 -0.158923 0.221754 -0.128893 0.981152 0.143968 -14.2447 -75.2987 681.89 
-0.248674 0.111133 -0.962191 -0.960837 -0.153718 0.23057 -0.122282 0.981845 0.145007 -13.69 -76.1847 681.444 
-0.246402 0.115528 -0.962258 -0.961484 -0.153916 0.227724 -0.121798 0.981306 0.149004 -13.6892 -76.8942 681.287 
-0.251876 0.0989715 -0.962686 -0.959263 -0.15706 0.234834 -0.127958 0.982617 0.1345 -14.3242 -77.3253 681.508 
-0.254996 0.0908303 -0.962667 -0.955942 -0.173427 0.236851 -0.145439 0.980649 0.131053 -14.4622 -77.2751 682.14 
-0.245642 0.105387 -0.963615 -0.957385 -0.18215 0.224132 -0.151902 0.977606 0.145641 -14.2168 -77.038 681.754 
-0.248158 0.0966358 -0.963888 -0.956021 -0.185014 0.227583 -0.15634 0.977973 0.138299 -14.1239 -76.893 681.727 
-0.255715 0.0917086 -0.962393 -0.951727 -0.198708 0.233946 -0.16978 0.975758 0.138095 -13.9798 -76.1451 682.478 
-0.261013 0.0885731 -0.961264 -0.944623 -0.228604 0.23543 -0.198896 0.969481 0.143338 -14.4237 -76.6184 683.078 
-0.257466 0.0901294 -0.962075 -0.943065 -0.240404 0.229857 -0.21057 0.966479 0.146895 -14.5463 -75.8813 682.965 
-0.256444 0.0974086 -0.961639 -0.943246 -0.242414 0.226984 -0.211005 0.96527 0.154047 -14.5662 -74.4707 682.974 
-0.260114 0.0849895 -0.961831 -0.941061 -0.245356 0.232817 -0.216204 0.9657 0.143802 -14.5517 -73.8403 683.022 
-0.250776 0.0944836 -0.963424 -0.942953 -0.248967 0.221031 -0.218977 0.963892 0.151529 -14.8942 -72.9252 682.607 
-0.24433 0.0999484 -0.964528 -0.943757 -0.253017 0.212849 -0.222768 0.962285 0.156147 -15.4801 -72.4146 682.404 
-0.24182 0.108452 -0.964242 -0.943919 -0.256529 0.20787 -0.224813 0.960432 0.164405 -15.3759 -71.4697 682.456 
-0.24594 0.0932828 -0.964786 -0.941962 -0.257667 0.215208 -0.228519 0.96172 0.15124 -15.2208 -71.3366 682.59 
-0.246929 0.0928848 -0.964572 -0.944493 -0.245663 0.218132 -0.216699 0.964894 0.148391 -14.8874 -71.2628 681.876 
-0.241536 0.0972004 -0.965512 -0.950402 -0.22461 0.215144 -0.195952 0.969588 0.146632 -15.5633 -71.0188 681.283 
-0.244448 0.0863958 -0.965806 -0.954376 -0.197599 0.223878 -0.171501 0.976468 0.130758 -15.5758 -71.3885 680.307 
-0.247992 0.0902379 -0.964551 -0.955794 -0.185156 0.228418 -0.15798 0.978557 0.132167 -15.7916 -72.0853 680.216 
-0.261692 0.0985408 -0.960108 -0.954174 -0.17602 0.242009 -0.145151 0.979441 0.140089 -14.236 -72.6464 680.066 
-0.259689 0.107699 -0.959668 -0.956965 -0.162002 0.240777 -0.129537 0.980895 0.145136 -14.3594 -72.2372 679.771 
-0.258733 0.104478 -0.960283 -0.957923 -0.155643 0.241163 -0.124266 0.982272 0.140353 -14.7795 -72.0909 680.089 
-0.267941 0.101462 -0.958078 -0.954702 -0.161558 0.249888 -0.129431 0.981633 0.140154 -13.5671 -73.3948 680.507 
-0.249645 0.103151 -0.962828 -0.959886 -0.157442 0.232014 -0.127657 0.982126 0.138318 -15.1402 -73.8356 680.33 
-0.24801 0.106557 -0.96288 -0.95992 -0.160977 0.229433 -0.130554 0.981189 0.142211 -15.8834 -74.0424 680.195 
-0.250718 0.0987908 -0.963006 -0.959896 -0.154296 0.234079 -0.125464 0.983073 0.133515 -15.136 -74.0377 679.992 
-0.253987 0.0823535 -0.963696 -0.957814 -0.159944 0.238769 -0.134474 0.983684 0.119504 -15.3852 -74.3455 680.949 
-0.257255 0.0578965 -0.964608 -0.95583 -0.162089 0.245185 -0.142157 0.985076 0.0970383 -15.9192 -74.271 681.971 
-0.252217 0.0634895 -0.965586 -0.958721 -0.151791 0.240443 -0.131302 0.986371 0.0991539 -16.2101 -74.217 681.118 
-0.247006 0.0646311 -0.966856 -0.960575 -0.147725 0.235527 -0.127607 0.986914 0.0985729 -17.1259 -75.1558 680.834 
-0.25498 0.0608284 -0.965032 -0.960715 -0.129059 0.245704 -0.109601 0.989769 0.0913471 -17.3771 -75.4206 679.099 
-0.241558 0.0771994 -0.967311 -0.96496 -0.12438 0.231045 -0.102478 0.989226 0.10454 -17.78 -75.1686 678.642 
-0.250623 0.0640397 -0.965965 -0.961431 -0.13325 0.240612 -0.113306 0.989011 0.094966 -17.0895 -75.6271 679.494 
-0.246854 0.0627075 -0.967022 -0.960732 -0.146325 0.23576 -0.126716 0.987247 0.0963667 -17.6039 -75.6461 680.805 
-0.239189 0.0585519 -0.969206 -0.962403 -0.146621 0.228652 -0.128719 0.987458 0.0914216 -18.3539 -75.5427 681.098 
-0.24411 0.081477 -0.966319 -0.961373 -0.151005 0.230128 -0.127169 0.985169 0.115192 -17.6974 -75.6951 681.038 
-0.251925 0.0853667 -0.963975 -0.959698 -0.150241 0.237502 -0.124554 0.984956 0.119777 -16.9571 -75.8032 680.723 
-0.252234 0.0570313 -0.965985 -0.959126 -0.147066 0.24176 -0.128276 0.987481 0.0917962 -17.9744 -76.6203 680.72 
-0.259517 0.0441042 -0.964731 -0.95514 -0.159315 0.249653 -0.142685 0.986242 0.0834714 -17.9131 -76.7032 681.357 
-0.265989 0.0600846 -0.962102 -0.952748 -0.168274 0.252893 -0.146702 0.983907 0.102005 -17.7945 -76.9545 681.44 
-0.263469 0.0535954 -0.963178 -0.953837 -0.163672 0.251806 -0.14415 0.985057 0.0942447 -17.3121 -76.7637 681.467 
-0.264408 0.0258227 -0.964066 -0.953884 -0.154301 0.257482 -0.142107 0.987686 0.0654309 -17.6126 -76.6594 681.982 
-0.265553 -0.00130178 -0.964096 -0.952496 -0.154309 0.262566 -0.149111 0.988021 0.0397382 -17.8351 -77.0682 682.573 
-0.263639 -0.0315301 -0.964106 -0.951982 -0.152759 0.265319 -0.155642 0.98776 0.010258 -19.1937 -76.7251 683.395 
-0.276418 -0.0213308 -0.960801 -0.947989 -0.158133 0.276242 -0.157828 0.987187 0.0234903 -17.0461 -76.822 683.606 
-0.278984 -0.0307292 -0.959804 -0.947746 -0.152247 0.280353 -0.154743 0.987864 0.0133517 -16.9476 -76.7933 683.678 
-0.283233 -0.0209136 -0.958823 -0.946411 -0.155689 0.282962 -0.155196 0.987584 0.0243042 -16.2361 -77.0148 683.581 
-0.283477 -0.0159301 -0.958847 -0.946282 -0.157522 0.282379 -0.155538 0.987387 0.0295803 -16.1427 -77.1152 683.653 
-0.283709 -0.0107469 -0.958851 -0.946433 -0.157649 0.281801 -0.154191 0.987436 0.034556 -15.8356 -76.949 683.701 
-0.287035 -0.00903926 -0.957878 -0.945682 -0.156656 0.284859 -0.152633 0.987611 0.0364183 -15.9702 -77.1602 683.595 
-0.292669 -0.00571339 -0.956197 -0.944207 -0.156244 0.289933 -0.151057 0.987702 0.0403339 -15.6111 -77.6725 683.314 
-0.295005 0.000892055 -0.955496 -0.943931 -0.155385 0.291289 -0.14821 0.987853 0.0466822 -15.2244 -77.3582 683.139 
-0.301452 0.00188242 -0.95348 -0.94272 -0.150406 0.297753 -0.142849 0.988622 0.0471156 -14.8536 -77.1751 682.739 
-0.301606 0.0044775 -0.953423 -0.941873 -0.156643 0.297217 -0.148016 0.987645 0.0514625 -15.425 -77.0084 683.261 
-0.303115 0.00663451 -0.952931 -0.941219 -0.158535 0.298285 -0.149094 0.987331 0.0542996 -15.5688 -76.828 683.381 
-0.308511 0.0107031 -0.951161 -0.939381 -0.160708 0.302881 -0.149618 0.986943 0.0596353 -15.528 -76.9676 683.171 
-0.313814 0.0130457 -0.949395 -0.937026 -0.165703 0.307448 -0.153307 0.986089 0.0642248 -15.1886 -76.7169 683.153 
-0.316075 0.0167529 -0.948587 -0.935936 -0.169178 0.308872 -0.155305 0.985443 0.0691533 -15.2862 -77.0209 683.031 
-0.321746 0.0128014 -0.94674 -0.93354 -0.171209 0.314945 -0.158059 0.985151 0.0670371 -14.9846 -76.7843 683.092 
-0.323439 0.0073112 -0.946221 -0.932073 -0.174907 0.317251 -0.163181 0.984557 0.0633869 -14.9261 -76.581 683.235 
-0.323673 0.0152729 -0.946046 -0.93137 -0.181295 0.315724 -0.166692 0.98331 0.0729058 -15.1068 -76.3707 683.387 
-0.322308 0.00946415 -0.946588 -0.931502 -0.181255 0.315359 -0.168589 0.98339 0.0672365 -15.394 -76.3959 683.409 
-0.319071 0.00467704 -0.94772 -0.931416 -0.186294 0.312663 -0.175093 0.982482 0.0637982 -15.6841 -76.5195 683.7 
-0.322143 0.00525256 -0.946677 -0.930536 -0.185706 0.31562 -0.174146 0.982591 0.0647125 -15.3381 -76.4634 683.575 
-0.327013 0.00222445 -0.945018 -0.928348 -0.187767 0.320802 -0.17673 0.982211 0.063468 -15.2354 -76.7304 683.507 
-0.328807 0.00177039 -0.944396 -0.92672 -0.193184 0.32229 -0.181872 0.981161 0.0651615 -14.9006 -76.3968 683.618 
-0.329975 0.00403682 -0.943981 -0.926902 -0.190792 0.323189 -0.1788 0.981622 0.0666992 -14.8416 -76.4688 683.153 
-0.330517 0.00198757 -0.943798 -0.925692 -0.195629 0.323764 -0.183991 0.980675 0.0664994 -14.8302 -76.7173 683.293 
-0.333194 -0.00183302 -0.942857 -0.924536 -0.195551 0.327099 -0.184976 0.980691 0.0634623 -14.5758 -76.9265 682.985 
-0.33236 -0.00132393 -0.943152 -0.924415 -0.197882 0.326035 -0.187065 0.980224 0.0645451 -14.3704 -77.1064 683.074 
RFing.0_Hand
-0.461729 0.0039796 -0.887012 -0.0039796 0.999971 0.00655795 0.887012 0.00655795 -0.4617 32.7108 -9.73219 -73.4609 
-0.845909 0.0681274 -0.528958 -0.430441 -0.672808 0.601706 -0.314895 0.736673 0.598459 -36.4683 -68.3122 674.746 
-0.845388 0.0679284 -0.529817 -0.430118 -0.674715 0.599799 -0.316732 0.734946 0.599612 -35.5654 -69.5993 675.1 
-0.84274 0.0735986 -0.533267 -0.43689 -0.672269 0.597647 -0.314513 0.73664 0.598702 -35.6189 -70.8468 675.32 
-0.841664 0.080462 -0.533973 -0.442722 -0.669002 0.597021 -0.309192 0.738893 0.598697 -35.2115 -71.1829 675.398 
-0.845856 0.0786038 -0.527589 -0.433257 -0.678202 0.593575 -0.311154 0.73066 0.607716 -35.1216 -72.3418 675.843 
-0.849038 0.0800546 -0.522232 -0.431009 -0.676621 0.597006 -0.30556 0.731967 0.60898 -35.18 -73.0336 675.803 
-0.848469 0.0856283 -0.522272 -0.435275 -0.674255 0.596588 -0.30106 0.733518 0.609356 -34.9861 -72.8976 676.467 
-0.846837 0.085122 -0.524997 -0.437325 -0.673212 0.596266 -0.302678 0.734534 0.607326 -35.2085 -73.3539 677.528 
-0.846666 0.0866942 -0.525016 -0.439067 -0.671229 0.597221 -0.30063 0.736163 0.60637 -34.6834 -73.5633 678.27 
-0.845418 0.0895709 -0.526542 -0.442562 -0.669387 0.596708 -0.299012 0.737495 0.605551 -34.2925 -74.0505 678.999 
-0.843599 0.0835034 -0.530442 -0.440629 -0.67223 0.59494 -0.306899 0.735618 0.603886 -34.013 -74.0033 679.789 
-0.844286 0.0751329 -0.530601 -0.435703 -0.672698 0.598031 -0.312002 0.736093 0.600684 -33.5016 -74.2873 680.388 
-0.839235 0.0736737 -0.538755 -0.441498 -0.670704 0.596017 -0.317434 0.738057 0.595405 -33.5355 -74.391 680.919 
-0.834212 0.0698992 -0.546997 -0.442805 -0.676094 0.588915 -0.328656 0.733492 0.594957 -34.1403 -74.6522 681.724 
-0.827617 0.0617873 -0.557883 -0.445261 -0.677433 0.585515 -0.34175 0.732985 0.588166 -34.6455 -74.7666 682.374 
-0.826264 0.0662251 -0.559377 -0.450572 -0.673674 0.585789 -0.338043 0.736056 0.586471 -34.4528 -74.6814 682.382 
-0.820601 0.0699781 -0.567201 -0.461506 -0.666526 0.585454 -0.337085 0.74219 0.579247 -34.8044 -74.8649 682.462 
-0.811347 0.0723654 -0.580069 -0.476206 -0.657338 0.584068 -0.339035 0.750113 0.56779 -34.6878 -75.1499 682.646 
-0.805015 0.0744964 -0.588559 -0.487565 -0.648278 0.584822 -0.337983 0.75775 0.558195 -34.7064 -75.8339 682.634 
-0.799009 0.0670461 -0.59757 -0.49289 -0.642274 0.586979 -0.344449 0.763538 0.546228 -34.9593 -76.1891 682.639 
-0.794165 0.0731098 -0.603288 -0.497983 -0.647278 0.5771 -0.348304 0.75874 0.550453 -34.6349 -76.8886 682.7 
-0.792981 0.0715506 -0.605031 -0.499231 -0.645536 0.577973 -0.349215 0.760371 0.547617 -34.6141 -77.382 682.565 
-0.787762 0.0704764 -0.611935 -0.500964 -0.651356 0.569887 -0.358424 0.755492 0.548419 -34.7101 -78.1966 682.666 
-0.776656 0.08271 -0.624471 -0.513576 -0.65717 0.551694 -0.364753 0.74919 0.552873 -34.82 -78.6392 682.628 
-0.770572 0.0960846 -0.630069 -0.526526 -0.653032 0.544353 -0.359151 0.751211 0.553798 -33.6593 -78.5237 682.237 
-0.766748 0.115374 -0.631496 -0.536826 -0.654667 0.532193 -0.352018 0.747061 0.5639 -32.6144 -80.1834 681.554 
-0.761579 0.126881 -0.635531 -0.5395 -0.667475 0.513242 -0.35908 0.733743 0.576787 -31.9147 -80.733 681.904 
-0.750444 0.130257 -0.647972 -0.550226 -0.666288 0.503301 -0.366178 0.73423 0.571682 -31.3071 -80.8608 682.291 
-0.741418 0.134797 -0.657365 -0.555968 -0.671949 0.489269 -0.375764 0.728227 0.573138 -31.5583 -82.2223 682.697 
-0.7386 0.139632 -0.659525 -0.559345 -0.673021 0.483918 -0.376303 0.726324 0.575195 -31.0161 -82.7148 683.01 
-0.736019 0.14501 -0.661248 -0.563638 -0.672287 0.47994 -0.374952 0.725949 0.576549 -30.6648 -83.0843 682.951 
-0.72684 0.143289 -0.671693 -0.570623 -0.670262 0.474487 -0.382221 0.72816 0.568937 -30.3882 -83.053 684.016 
-0.724686 0.140639 -0.674575 -0.566199 -0.679491 0.466595 -0.392746 0.720078 0.572047 -30.2771 -84.1281 684.17 
-0.732101 0.139569 -0.666745 -0.560536 -0.679606 0.473219 -0.387077 0.720178 0.575773 -28.9196 -84.6219 684.045 
-0.733345 0.136561 -0.666001 -0.559412 -0.677905 0.476975 -0.386348 0.722355 0.573531 -28.2906 -85.0886 684.677 
-0.727352 0.148311 -0.670047 -0.565892 -0.681971 0.463338 -0.388235 0.716184 0.579961 -27.5612 -85.7728 684.59 
-0.737974 0.157888 -0.656099 -0.56232 -0.681387 0.468518 -0.373084 0.714691 0.591629 -27.8719 -86.4477 683.718 
-0.723267 0.0928857 -0.684294 -0.57284 -0.634103 0.519392 -0.385668 0.76765 0.511833 -28.4847 -85.8634 684.213 
-0.738897 0.14669 -0.657658 -0.567857 -0.660965 0.490575 -0.362726 0.73594 0.571683 -27.8204 -86.2222 683.499 
-0.745136 0.136538 -0.652786 -0.557068 -0.665585 0.496661 -0.366671 0.733726 0.572012 -27.6296 -85.8716 683.509 
-0.733791 0.152557 -0.662025 -0.56703 -0.674267 0.473119 -0.374204 0.722558 0.581275 -28.6454 -86.2445 683.643 
-0.73319 0.160293 -0.660863 -0.563234 -0.687706 0.458071 -0.381053 0.708073 0.594501 -28.8451 -86.4955 683.84 
-0.726567 0.15017 -0.670485 -0.556314 -0.701283 0.445777 -0.403257 0.696887 0.59307 -28.6558 -86.4777 684.451 
-0.723242 0.138753 -0.676512 -0.558125 -0.694365 0.454263 -0.406715 0.70612 0.579635 -29.1484 -85.1521 685.316 
-0.726248 0.133531 -0.674339 -0.551997 -0.697928 0.456286 -0.409712 0.70361 0.580577 -29.3181 -85.3527 685.608 
-0.729073 0.136639 -0.670659 -0.548125 -0.703385 0.452558 -0.409894 0.697552 0.587714 -28.4578 -84.8963 685.723 
-0.725542 0.122994 -0.677098 -0.543594 -0.705788 0.45428 -0.422013 0.697665 0.578937 -28.8909 -84.7183 686.319 
-0.727713 0.114081 -0.676328 -0.541743 -0.700362 0.464768 -0.420653 0.704613 0.571464 -29.1231 -84.4093 686.103 
-0.734431 0.119869 -0.668014 -0.539974 -0.699477 0.468146 -0.411144 0.704531 0.578443 -28.2575 -84.2783 685.96 
-0.738195 0.127193 -0.662488 -0.543135 -0.694518 0.471859 -0.400093 0.708144 0.581772 -27.8898 -83.8919 685.795 
-0.744692 0.127817 -0.655055 -0.535275 -0.700624 0.471813 -0.398642 0.701989 0.590166 -27.8255 -84.9902 685.398 
-0.737403 0.136734 -0.661469 -0.541003 -0.705899 0.45719 -0.404416 0.69499 0.594505 -27.0613 -85.005 685.59 
-0.725199 0.138184 -0.674531 -0.554936 -0.697226 0.453787 -0.407594 0.703407 0.582311 -26.7832 -84.4675 685.771 
-0.732603 0.133787 -0.667379 -0.549233 -0.695338 0.463518 -0.402041 0.706121 0.582886 -26.266 -84.84 685.077 
-0.720256 0.133469 -0.680748 -0.56049 -0.690191 0.457698 -0.408757 0.711212 0.571921 -26.0844 -84.4811 685.937 
-0.721896 0.136021 -0.678502 -0.561965 -0.687388 0.460102 -0.403811 0.71344 0.572661 -25.704 -84.7682 684.978 
-0.719164 0.132102 -0.682168 -0.563112 -0.685972 0.460812 -0.407074 0.715536 0.567714 -25.338 -84.787 684.977 
-0.70913 0.146268 -0.68974 -0.568593 -0.697106 0.436746 -0.416939 0.70189 0.577504 -24.7221 -84.9954 684.847 
-0.708425 0.152679 -0.689075 -0.577642 -0.686416 0.441772 -0.405542 0.711001 0.574468 -25.5742 -84.8073 683.732 
-0.699957 0.151204 -0.697995 -0.582442 -0.686447 0.435376 -0.413306 0.711286 0.56855 -26.159 -85.2022 683.421 
-0.697354 0.159673 -0.698715 -0.585294 -0.689538 0.426578 -0.413677 0.706429 0.574307 -25.8695 -85.2787 683.045 
-0.680412 0.15441 -0.716378 -0.593017 -0.690338 0.414446 -0.430548 0.706818 0.561281 -26.6166 -85.0625 683.55 
-0.67971 0.134008 -0.721136 -0.587629 -0.68788 0.426044 -0.438962 0.713347 0.546305 -27.2374 -85.5279 683.705 
-0.671523 0.137657 -0.728085 -0.594935 -0.685903 0.419034 -0.441713 0.714554 0.542496 -27.076 -85.4239 683.691 
-0.681567 0.124548 -0.721079 -0.589447 -0.677363 0.44015 -0.433612 0.725029 0.535082 -26.5994 -86.1926 683.341 
-0.674239 0.138067 -0.725493 -0.597741 -0.678949 0.426303 -0.433714 0.721086 0.540302 -26.562 -86.9402 683.23 
-0.667133 0.128564 -0.733761 -0.597817 -0.680091 0.424372 -0.444465 0.721767 0.530568 -27.303 -87.2756 683.225 
-0.665538 0.123921 -0.736005 -0.593468 -0.685868 0.421167 -0.452611 0.717097 0.530014 -27.4961 -87.1948 683.598 
-0.661766 0.135194 -0.737421 -0.593712 -0.695117 0.405362 -0.457791 0.70607 0.54027 -27.1141 -87.1251 683.276 
-0.668363 0.128695 -0.732618 -0.588043 -0.694574 0.414456 -0.455519 0.707817 0.539905 -27.073 -86.9327 683.117 
-0.660585 0.121041 -0.74093 -0.58945 -0.69483 0.41202 -0.464949 0.708915 0.530342 -27.0181 -86.0916 683.693 
-0.665216 0.10708 -0.738933 -0.577191 -0.70155 0.417946 -0.473644 0.70453 0.528487 -27.5232 -86.5188 683.968 
-0.661981 0.114044 -0.740794 -0.574229 -0.712374 0.403467 -0.481709 0.692472 0.537064 -27.6065 -85.8432 683.739 
-0.66068 0.117259 -0.741453 -0.569564 -0.721699 0.39338 -0.488979 0.682203 0.543598 -27.5947 -84.4686 683.814 
-0.663345 0.102742 -0.741227 -0.564993 -0.718255 0.40607 -0.490669 0.688153 0.534498 -27.6528 -83.7558 683.691 
-0.663653 0.113376 -0.739399 -0.567596 -0.720149 0.399025 -0.487238 0.684493 0.54228 -27.8757 -82.9941 683.318 
-0.665984 0.129201 -0.734692 -0.572158 -0.720419 0.391958 -0.478645 0.681398 0.553711 -28.3811 -82.5867 683.112 
-0.658345 0.125672 -0.742151 -0.574624 -0.72077 0.387683 -0.486199 0.681687 0.54673 -28.2256 -81.7024 683.221 
-0.661899 0.116643 -0.740462 -0.567528 -0.723306 0.393372 -0.489696 0.680605 0.544953 -28.1579 -81.4707 683.174 
-0.66766 0.110958 -0.736151 -0.56772 -0.715548 0.407046 -0.481586 0.689695 0.540735 -27.8354 -81.3748 682.585 
-0.66652 0.119879 -0.735786 -0.575087 -0.710724 0.405152 -0.474371 0.693182 0.542652 -28.4447 -81.1948 682.245 
-0.677513 0.116584 -0.726213 -0.573507 -0.701926 0.422362 -0.460507 0.702643 0.542425 -28.5181 -81.4707 681.424 
-0.68383 0.120886 -0.719558 -0.571121 -0.702429 0.424754 -0.454091 0.701413 0.549381 -28.758 -82.1138 681.523 
-0.690276 0.108132 -0.715421 -0.564441 -0.699101 0.438937 -0.452688 0.7068 0.543606 -27.3124 -82.4953 681.618 
-0.684226 0.106841 -0.721401 -0.575892 -0.686055 0.444609 -0.447418 0.719662 0.530945 -27.3881 -82.1065 681.575 
-0.684305 0.104056 -0.721734 -0.577933 -0.680946 0.449786 -0.444658 0.724904 0.526111 -27.8088 -81.9558 681.913 
-0.692943 0.0914032 -0.715175 -0.564156 -0.686401 0.458893 -0.448952 0.721457 0.527202 -26.6954 -83.1401 682.262 
-0.695143 0.0943359 -0.712655 -0.566046 -0.68293 0.461735 -0.443135 0.724368 0.528131 -28.0841 -83.8238 682.09 
-0.69176 0.110857 -0.713568 -0.571647 -0.687844 0.447315 -0.441235 0.717343 0.539193 -28.8006 -84.0648 681.957 
-0.686637 0.118896 -0.717213 -0.583356 -0.67884 0.445952 -0.433851 0.724597 0.535474 -28.1039 -83.9984 681.731 
-0.67349 0.112731 -0.73055 -0.586851 -0.682473 0.435702 -0.449464 0.722165 0.525794 -28.4337 -84.2424 682.43 
-0.664654 0.109451 -0.739091 -0.587762 -0.687308 0.426783 -0.461272 0.718073 0.521152 -29.0665 -84.0804 683.125 
-0.671186 0.0979597 -0.734788 -0.591473 -0.668277 0.451183 -0.446844 0.737435 0.506478 -29.2931 -84.0919 682.433 
-0.664234 0.111565 -0.739152 -0.599423 -0.670292 0.437495 -0.446639 0.733663 0.512105 -30.1542 -85.0971 682.191 
-0.703143 0.144043 -0.696306 -0.597347 -0.650861 0.468569 -0.385704 0.745407 0.543692 -30.4943 -85.2213 680.613 
-0.698568 0.173191 -0.694268 -0.601841 -0.667019 0.439174 -0.387028 0.724632 0.570191 -30.7197 -85.1657 680.382 
-0.691025 0.145527 -0.70803 -0.596219 -0.668545 0.444488 -0.408665 0.729294 0.548747 -30.1552 -85.4979 680.998 
-0.679071 0.1546 -0.717608 -0.599967 -0.680161 0.421215 -0.422969 0.716575 0.554632 -30.6357 -85.5842 682.151 
-0.677863 0.157779 -0.718059 -0.603064 -0.677962 0.420336 -0.420496 0.717965 0.554715 -31.3201 -85.5763 682.368 
-0.68672 0.174137 -0.705756 -0.602253 -0.679981 0.418231 -0.407071 0.712251 0.571831 -30.6505 -85.7089 682.57 
-0.694865 0.16827 -0.699177 -0.600413 -0.670865 0.435254 -0.395812 0.722237 0.567191 -29.9766 -85.7179 682.335 
-0.707399 0.14685 -0.691392 -0.589965 -0.661391 0.463145 -0.389267 0.735525 0.554503 -31.0744 -86.4773 682 
-0.710514 0.157198 -0.6859 -0.59286 -0.658794 0.463149 -0.379061 0.735717 0.561278 -31.1172 -86.452 682.365 
-0.712244 0.170607 -0.680883 -0.594973 -0.661424 0.456646 -0.372446 0.73035 0.572601 -31.0214 -86.6572 682.587 
-0.708864 0.176198 -0.682984 -0.600702 -0.658315 0.453629 -0.36969 0.731831 0.572497 -30.5312 -86.4823 682.567 
-0.704657 0.159287 -0.691438 -0.601474 -0.651053 0.462989 -0.376414 0.74213 0.554576 -30.9074 -86.3012 682.814 
-0.702833 0.144369 -0.696551 -0.599805 -0.646706 0.471175 -0.382441 0.748952 0.541119 -31.1979 -86.6397 683.05 
-0.701829 0.12659 -0.701007 -0.59981 -0.635876 0.485684 -0.384271 0.761339 0.522206 -32.5919 -86.2586 683.484 
-0.709152 0.136731 -0.691671 -0.59796 -0.636409 0.487266 -0.373561 0.759137 0.53307 -30.5509 -86.2023 683.803 
-0.710132 0.124885 -0.692904 -0.598265 -0.625896 0.500333 -0.371202 0.769843 0.519183 -30.4928 -86.1162 683.81 
-0.715057 0.148109 -0.683197 -0.602441 -0.626325 0.494755 -0.354625 0.765364 0.537084 -29.8053 -86.3005 683.82 
-0.716413 0.157085 -0.679762 -0.604101 -0.627084 0.491761 -0.34902 0.762949 0.544146 -29.7055 -86.409 683.942 
-0.723455 0.1593 -0.671741 -0.596086 -0.634996 0.491388 -0.348275 0.755912 0.554347 -29.3912 -86.251 684.059 
-0.728958 0.157347 -0.66623 -0.592009 -0.633567 0.498116 -0.343723 0.757519 0.554994 -29.5541 -86.419 683.992 
-0.72698 0.172017 -0.664764 -0.598145 -0.634099 0.490043 -0.33723 0.753876 0.563868 -29.242 -86.8591 683.772 
-0.737589 0.172233 -0.652916 -0.593017 -0.627665 0.50435 -0.322947 0.759192 0.565095 -28.8645 -86.5257 683.699 
-0.745902 0.174835 -0.642701 -0.59206 -0.616074 0.519536 -0.305118 0.76804 0.563043 -28.552 -86.2503 683.373 
-0.747418 0.175426 -0.640775 -0.587642 -0.624497 0.514471 -0.30991 0.761071 0.569847 -29.1196 -86.0908 683.873 
-0.750671 0.173679 -0.63744 -0.584739 -0.623761 0.518656 -0.30753 0.762075 0.569795 -29.2731 -85.8948 684.008 
-0.760141 0.173896 -0.626057 -0.574651 -0.629615 0.52284 -0.303255 0.757196 0.578525 -29.2738 -85.9678 683.846 
-0.765415 0.166847 -0.621533 -0.566937 -0.631819 0.528571 -0.304506 0.756946 0.578195 -28.9783 -85.6497 683.828 
-0.768539 0.168422 -0.617238 -0.562698 -0.63707 0.526796 -0.3045 0.752181 0.584383 -29.0886 -85.9321 683.731 
-0.772701 0.160576 -0.614125 -0.557006 -0.635516 0.534663 -0.304432 0.755205 0.580505 -28.847 -85.6062 683.735 
-0.775431 0.15505 -0.612101 -0.550334 -0.641226 0.534754 -0.309581 0.751524 0.582555 -28.8153 -85.3678 683.774 
-0.771298 0.163658 -0.615075 -0.556083 -0.6434 0.526127 -0.309634 0.747832 0.587259 -28.9815 -85.177 683.978 
-0.770508 0.160045 -0.617011 -0.556767 -0.640285 0.529194 -0.310368 0.75128 0.582452 -29.2686 -85.2075 683.917 
-0.7716 0.158011 -0.616171 -0.552382 -0.646803 0.525853 -0.315451 0.746109 0.586354 -29.539 -85.368 684.089 
-0.775388 0.154491 -0.612296 -0.547296 -0.648111 0.529546 -0.315025 0.745711 0.587089 -29.2197 -85.269 683.986 
-0.774657 0.151975 -0.613849 -0.548014 -0.645732 0.531706 -0.315576 0.748287 0.583505 -29.1671 -85.4586 683.871 
-0.778748 0.147731 -0.609694 -0.539421 -0.653861 0.530557 -0.320275 0.742052 0.588882 -28.8493 -85.0997 683.933 
-0.779792 0.149925 -0.607822 -0.540827 -0.650357 0.533425 -0.315327 0.744687 0.588226 -28.7963 -85.1599 683.523 
-0.780088 0.150651 -0.607262 -0.53862 -0.655557 0.529277 -0.318359 0.739966 0.592535 -28.7938 -85.3967 683.595 
-0.782551 0.143471 -0.60583 -0.533464 -0.656209 0.533673 -0.320984 0.740815 0.590053 -28.5708 -85.5566 683.243 
-0.78127 0.141386 -0.60797 -0.532975 -0.658076 0.531858 -0.324893 0.739558 0.58949 -28.3571 -85.7506 683.315 
RFing.0_0
-0.546612 -0.125744 -0.827891 0.125744 0.965126 -0.229609 0.827891 -0.229609 -0.511738 0.327304 -10.0113 -11.2501 
-0.895889 -0.0444765 -0.442045 -0.360743 -0.507933 0.78222 -0.259319 0.860247 0.439007 -95.7964 -98.5012 652.66 
-0.893414 -0.0456065 -0.446913 -0.363229 -0.51205 0.778376 -0.26434 0.857744 0.440908 -94.8569 -99.7656 652.886 
-0.894272 -0.0480981 -0.444932 -0.360597 -0.511369 0.780046 -0.265042 0.858014 0.439959 -94.7247 -101.488 653.262 
-0.892124 -0.0384563 -0.450149 -0.370525 -0.507824 0.777705 -0.258503 0.860602 0.438794 -94.2418 -102.233 653.712 
-0.894276 -0.0306111 -0.446467 -0.369016 -0.513969 0.774379 -0.253174 0.857262 0.448335 -94.4459 -102.728 654.02 
-0.894547 -0.0231405 -0.446374 -0.374234 -0.507294 0.776274 -0.244405 0.861462 0.445139 -94.7275 -103.262 654.372 
-0.894726 -0.0125614 -0.446438 -0.380265 -0.502823 0.776253 -0.234229 0.864298 0.445112 -94.4937 -103.426 655.351 
-0.893176 -0.0171292 -0.449379 -0.380038 -0.505498 0.774624 -0.240428 0.862657 0.44499 -94.6017 -104.026 656.3 
-0.892436 -0.0263848 -0.450401 -0.376078 -0.507986 0.774929 -0.249243 0.860961 0.443423 -94.0646 -104.357 657.185 
-0.892205 -0.0398362 -0.449869 -0.368405 -0.51199 0.775979 -0.261239 0.858067 0.442125 -93.5862 -105.09 658.028 
-0.882872 -0.0679701 -0.464667 -0.365329 -0.522318 0.770531 -0.295076 0.850037 0.436309 -93.179 -104.907 658.265 
-0.875351 -0.101772 -0.472654 -0.35438 -0.529967 0.770422 -0.328898 0.841889 0.427842 -92.7158 -104.845 658.506 
-0.868735 -0.122947 -0.479773 -0.349519 -0.534142 0.769759 -0.350906 0.836406 0.421056 -92.3955 -105.355 658.655 
-0.854877 -0.155931 -0.494844 -0.340406 -0.551211 0.761767 -0.391546 0.819665 0.418138 -92.648 -105.708 658.673 
-0.834742 -0.199813 -0.513108 -0.328779 -0.56664 0.755528 -0.441711 0.79937 0.407305 -92.6906 -105.995 658.405 
-0.824069 -0.220469 -0.521827 -0.322215 -0.575216 0.751867 -0.465926 0.78773 0.40298 -92.4031 -106.282 658.673 
-0.817226 -0.236585 -0.525518 -0.314524 -0.581 0.750676 -0.482924 0.778759 0.400397 -92.3575 -107.233 658.821 
-0.811618 -0.255434 -0.525384 -0.300017 -0.589429 0.750042 -0.501262 0.766372 0.401758 -91.5919 -108.549 658.868 
-0.800916 -0.286181 -0.52596 -0.278006 -0.600249 0.749942 -0.530326 0.746861 0.401189 -91.1663 -110.029 658.929 
-0.778186 -0.320213 -0.540268 -0.270996 -0.604841 0.748818 -0.566557 0.72913 0.383903 -90.998 -110.758 658.48 
-0.769164 -0.330049 -0.547224 -0.258578 -0.622339 0.738804 -0.5844 0.709761 0.393338 -90.334 -111.815 658.271 
-0.745596 -0.361103 -0.560082 -0.251622 -0.625695 0.738371 -0.617068 0.691455 0.375655 -90.23 -112.396 658.072 
-0.715097 -0.397413 -0.575064 -0.23124 -0.641862 0.731123 -0.659669 0.655802 0.367096 -89.96 -113.332 657.527 
-0.69181 -0.414237 -0.591445 -0.206573 -0.671315 0.711803 -0.6919 0.614609 0.378853 -89.291 -114.659 657.046 
-0.678012 -0.425342 -0.599486 -0.191179 -0.68546 0.702563 -0.709753 0.590955 0.383434 -87.7036 -115.452 657.047 
-0.660042 -0.436936 -0.611091 -0.182854 -0.695547 0.694823 -0.728635 0.570352 0.379195 -86.3904 -117.834 656.865 
-0.639814 -0.447321 -0.624933 -0.166093 -0.713455 0.680731 -0.750367 0.539338 0.382182 -85.3282 -118.571 656.719 
-0.602403 -0.471494 -0.644053 -0.160554 -0.718821 0.676401 -0.781877 0.510871 0.35732 -83.9397 -119.451 656.609 
-0.565845 -0.496928 -0.657938 -0.138158 -0.729546 0.669832 -0.812854 0.46992 0.344155 -83.5579 -121.215 656.343 
-0.548915 -0.507196 -0.664413 -0.129196 -0.733835 0.666929 -0.825832 0.451926 0.337286 -82.818 -121.944 656.617 
-0.52848 -0.520177 -0.670913 -0.113143 -0.740084 0.662929 -0.841372 0.426253 0.332266 -82.2857 -122.615 656.653 
-0.50778 -0.525938 -0.682312 -0.112959 -0.744531 0.657962 -0.854049 0.411173 0.318648 -81.3653 -123.074 657.209 
-0.487234 -0.541198 -0.685353 -0.088034 -0.750373 0.655126 -0.868822 0.379533 0.317964 -81.1032 -123.839 656.625 
-0.467285 -0.566426 -0.678827 -0.0698691 -0.741751 0.667026 -0.881341 0.35912 0.307034 -80.2657 -123.935 656.897 
-0.439741 -0.593626 -0.67397 -0.0655367 -0.72721 0.683279 -0.89573 0.344635 0.28088 -79.7239 -124.323 657.58 
-0.421557 -0.601483 -0.678608 -0.0589709 -0.728584 0.682413 -0.904882 0.327693 0.27167 -78.5743 -125.462 657.361 
-0.406332 -0.626821 -0.664823 -0.0427298 -0.713765 0.699081 -0.912725 0.312466 0.263242 -79.63 -125.886 657.551 
-0.276782 -0.761897 -0.585581 -0.150228 -0.567586 0.809492 -0.949117 0.312023 0.0426391 -79.2113 -126.04 657.164 
-0.31707 -0.746355 -0.585168 -0.129414 -0.577184 0.806294 -0.93953 0.33138 0.0864193 -79.6431 -126.049 658.059 
-0.308116 -0.765954 -0.564251 -0.133656 -0.552372 0.822813 -0.941913 0.328936 0.0678205 -79.89 -124.942 657.792 
-0.280525 -0.766773 -0.577378 -0.116305 -0.569945 0.81341 -0.952774 0.295333 0.0707045 -80.11 -126.013 657.398 
-0.277088 -0.766963 -0.578783 -0.0995562 -0.57621 0.811215 -0.955673 0.282398 0.083305 -80.2675 -125.998 657.114 
-0.267841 -0.756101 -0.597137 -0.0738645 -0.601843 0.795191 -0.960627 0.257091 0.105349 -79.6137 -125.495 656.168 
-0.246831 -0.754187 -0.608504 -0.0694837 -0.612543 0.787377 -0.966564 0.23663 0.0987913 -79.8732 -124.296 656.79 
-0.225952 -0.762944 -0.605692 -0.0503822 -0.611787 0.789416 -0.972834 0.208885 0.0997958 -80.2538 -124.067 656.872 
-0.222413 -0.768746 -0.599635 -0.0397115 -0.607386 0.793413 -0.974143 0.200277 0.104563 -79.5915 -123.339 656.975 
-0.19544 -0.776836 -0.598606 -0.0266918 -0.605937 0.795064 -0.980352 0.171365 0.0976896 -79.7769 -122.843 656.721 
-0.183523 -0.780861 -0.59714 -0.0293167 -0.602839 0.797324 -0.982578 0.163832 0.0877426 -80.1615 -122.404 656.6 
-0.171127 -0.790523 -0.588038 -0.0197444 -0.59397 0.804245 -0.98505 0.149238 0.0860364 -79.7671 -122.149 657.125 
-0.161648 -0.802402 -0.574474 -0.0225846 -0.578969 0.815036 -0.986589 0.144722 0.0754676 -79.6633 -121.985 657.734 
-0.143369 -0.822114 -0.550976 -0.008406 -0.555695 0.831343 -0.989633 0.12382 0.0727591 -80.0547 -122.532 657.439 
-0.149977 -0.812779 -0.562936 -0.00552952 -0.568677 0.822542 -0.988674 0.126474 0.0807942 -78.7793 -122.948 657.226 
-0.14074 -0.82042 -0.554169 -0.02473 -0.556652 0.830377 -0.989737 0.130571 0.0580543 -77.6452 -123.388 657.184 
-0.118458 -0.832413 -0.541347 -0.0220876 -0.542842 0.839544 -0.992713 0.111407 0.0459183 -77.6474 -123.36 656.88 
-0.113975 -0.81247 -0.571754 -0.029657 -0.572465 0.819392 -0.99304 0.110345 0.0411513 -76.5998 -123.791 657.268 
-0.100938 -0.817265 -0.567353 -0.0283453 -0.567671 0.822767 -0.994488 0.0991296 0.0341343 -76.3344 -124.182 656.656 
-0.0838204 -0.829658 -0.551944 -0.0287875 -0.551646 0.833581 -0.996064 0.0857593 0.0223555 -75.7768 -124.281 656.426 
-0.0750908 -0.832621 -0.548729 -0.0110878 -0.549551 0.835386 -0.997115 0.0688131 0.0320345 -74.4571 -124.874 655.605 
-0.0704863 -0.832634 -0.54932 -0.0225492 -0.549218 0.835374 -0.997257 0.0712683 0.0199373 -75.2598 -125.32 655.289 
-0.0689083 -0.816552 -0.573145 -0.0214612 -0.573164 0.819159 -0.997392 0.0687463 0.0219717 -75.2507 -126.052 654.433 
-0.0836812 -0.809775 -0.580742 -0.0194194 -0.58135 0.813422 -0.996303 0.0793448 0.0329229 -74.7786 -126.328 654.031 
-0.0873505 -0.785209 -0.613039 -0.0213267 -0.613776 0.789192 -0.995949 0.0820095 0.0368679 -74.3375 -126.654 653.353 
-0.082742 -0.779178 -0.621318 -0.0250916 -0.621629 0.78291 -0.996255 0.0803684 0.0318842 -74.9091 -126.741 652.918 
-0.0883487 -0.763597 -0.63962 -0.0271026 -0.64005 0.767854 -0.99572 0.0851734 0.0358523 -74.1735 -127.15 652.712 
-0.0806315 -0.770385 -0.632459 -0.0339612 -0.632033 0.774196 -0.996165 0.0839028 0.0247987 -74.4013 -127.533 652.929 
-0.10205 -0.74353 -0.66087 -0.0353102 -0.661212 0.749367 -0.994152 0.0998072 0.0412226 -73.85 -128.863 652.811 
-0.0941581 -0.744141 -0.661354 -0.0345919 -0.661459 0.749183 -0.994956 0.0934182 0.0365406 -74.0926 -129.203 652.053 
-0.0919837 -0.739907 -0.666391 -0.0256639 -0.667244 0.744396 -0.995429 0.0855736 0.0423869 -74.1738 -128.818 651.854 
-0.0973924 -0.746221 -0.658536 -0.0156184 -0.660453 0.750704 -0.995123 0.0833973 0.0526686 -73.5273 -128.765 651.169 
-0.10288 -0.751636 -0.651505 -0.0199069 -0.653293 0.756843 -0.994494 0.0908324 0.0522481 -73.9488 -128.175 651.169 
-0.0980369 -0.744416 -0.66048 -0.0229087 -0.661813 0.749318 -0.994919 0.0885907 0.0478287 -73.3485 -127.433 651.083 
-0.0917845 -0.764968 -0.637495 -0.0224329 -0.638446 0.76934 -0.995526 0.0849134 0.0414391 -74.1783 -127 650.748 
-0.0986011 -0.764418 -0.637137 -0.0130595 -0.639208 0.768923 -0.995041 0.0841365 0.0530439 -74.0347 -126.117 649.954 
-0.13173 -0.757989 -0.638827 -0.0185767 -0.642441 0.766109 -0.991111 0.112786 0.070548 -73.9316 -124.415 649.519 
-0.105294 -0.781149 -0.615402 -0.0200063 -0.617052 0.786668 -0.994239 0.0951427 0.0493444 -74.1767 -123.382 649.278 
-0.109926 -0.78051 -0.615403 -0.0186584 -0.617425 0.786408 -0.993764 0.0979282 0.0533081 -74.4211 -122.802 649.146 
-0.117732 -0.774757 -0.621201 -0.0155563 -0.624035 0.781241 -0.992923 0.10164 0.061417 -75.0901 -122.715 649.542 
-0.115102 -0.765564 -0.63298 -0.0189772 -0.635404 0.771947 -0.993172 0.100864 0.0586084 -74.3988 -122.004 649.121 
-0.121024 -0.770345 -0.626036 -0.020196 -0.62863 0.777442 -0.992444 0.106732 0.060522 -74.5804 -121.274 648.829 
-0.1069 -0.78046 -0.615999 -0.0239613 -0.617347 0.786326 -0.99398 0.0988176 0.0472939 -74.662 -121.192 648.809 
-0.0853751 -0.772493 -0.629258 -0.0106386 -0.630821 0.775855 -0.996292 0.0729323 0.0456383 -75.1912 -121.528 648.974 
-0.0872984 -0.783583 -0.615124 -0.0200977 -0.61597 0.787513 -0.995979 0.0811103 0.0380251 -76.0357 -121.694 649.127 
