Lower Arm L
-0.305218 -0.320392 -0.896767 0.320392 0.852254 -0.413536 0.896767 -0.413536 -0.157472 11.677 7.89292 -70.5016 
-0.9167 0.341768 0.207019 -0.279785 -0.179119 -0.943205 -0.285275 -0.922557 0.259819 219.295 -60.7507 616.582 
-0.917545 0.345858 0.1962 -0.273453 -0.190614 -0.942809 -0.288679 -0.918721 0.269472 219.22 -61.81 616.802 
-0.916604 0.351047 0.191324 -0.272042 -0.196964 -0.941912 -0.29297 -0.915407 0.276036 219.381 -61.6509 617.011 
-0.913795 0.355706 0.196095 -0.277983 -0.195677 -0.940444 -0.296149 -0.913884 0.277688 219.326 -60.9868 616.987 
-0.911271 0.358841 0.20204 -0.285167 -0.195913 -0.938241 -0.297096 -0.912607 0.280859 219.496 -60.4795 616.638 
-0.912512 0.360328 0.193615 -0.27765 -0.198016 -0.940053 -0.300387 -0.911566 0.280737 219.925 -60.9448 616.392 
-0.911635 0.362159 0.194327 -0.280813 -0.203603 -0.937917 -0.300108 -0.909608 0.28731 220.123 -60.4875 615.787 
-0.911701 0.3631 0.192249 -0.278631 -0.202549 -0.938796 -0.301936 -0.909468 0.285835 219.741 -60.5477 615.522 
-0.911544 0.362702 0.193739 -0.279819 -0.201892 -0.938584 -0.301311 -0.909772 0.285524 219.672 -60.3622 615.054 
-0.909881 0.365565 0.196163 -0.280956 -0.195051 -0.93969 -0.305255 -0.910119 0.280181 219.344 -59.8996 615.112 
-0.908899 0.36649 0.198967 -0.284058 -0.194786 -0.938812 -0.305308 -0.909804 0.281145 219.086 -59.7008 614.983 
-0.907688 0.370253 0.197526 -0.285009 -0.198421 -0.937763 -0.308014 -0.907492 0.285629 218.93 -60.0314 614.889 
-0.906189 0.374603 0.196201 -0.285624 -0.200063 -0.937226 -0.311834 -0.905343 0.28829 218.678 -60.3957 614.817 
-0.905785 0.374734 0.197811 -0.286559 -0.197818 -0.937417 -0.31215 -0.905782 0.286564 218.669 -60.4678 614.672 
-0.906144 0.37464 0.19634 -0.286362 -0.201755 -0.936638 -0.311289 -0.904953 0.290101 218.938 -60.6853 614.379 
-0.903573 0.379711 0.198435 -0.290928 -0.203787 -0.934789 -0.31451 -0.90238 0.294604 219.041 -60.7123 614.537 
-0.903916 0.381995 0.192397 -0.288438 -0.212276 -0.933671 -0.315815 -0.899454 0.302061 219.175 -61.9299 614.469 
-0.896406 0.395634 0.19983 -0.299606 -0.208606 -0.930978 -0.32664 -0.894403 0.305529 219.141 -60.7444 615.082 
-0.890194 0.408026 0.20266 -0.304035 -0.200773 -0.931264 -0.33929 -0.89062 0.302781 219.354 -60.1503 615.586 
-0.883004 0.425918 0.197229 -0.306293 -0.204477 -0.929717 -0.355653 -0.881353 0.311009 219.802 -60.3317 616.517 
-0.875136 0.444302 0.191662 -0.308173 -0.206397 -0.928671 -0.373051 -0.871777 0.317547 219.786 -60.3872 617.689 
-0.87341 0.44652 0.194361 -0.314691 -0.212911 -0.925007 -0.371651 -0.869074 0.326473 219.321 -60.8019 617.588 
-0.869893 0.454547 0.191505 -0.317152 -0.218102 -0.922955 -0.377757 -0.863608 0.333885 218.41 -61.0128 617.976 
-0.862229 0.465921 0.198695 -0.327509 -0.213578 -0.920392 -0.386392 -0.858663 0.336746 217.378 -60.1055 618.675 
-0.858244 0.470202 0.205739 -0.330831 -0.200352 -0.922177 -0.392388 -0.859517 0.327507 216.093 -59.4198 619.044 
-0.855439 0.476018 0.204043 -0.330333 -0.198056 -0.922851 -0.39888 -0.856843 0.326669 214.64 -59.564 619.211 
-0.851247 0.480066 0.211934 -0.336289 -0.189005 -0.922598 -0.40285 -0.856629 0.32233 213.489 -58.5829 619.201 
-0.850801 0.477925 0.218464 -0.338174 -0.17976 -0.923755 -0.402213 -0.85981 0.314561 212.288 -58.3594 618.959 
-0.848712 0.480424 0.221092 -0.33925 -0.173864 -0.924489 -0.405706 -0.85963 0.310544 211.316 -58.3182 619.235 
-0.84723 0.478551 0.230633 -0.346344 -0.1684 -0.922869 -0.4028 -0.86176 0.308416 209.272 -57.9205 619.127 
-0.846259 0.475298 0.240704 -0.350164 -0.155694 -0.923658 -0.401536 -0.865939 0.298189 207.653 -57.4646 619.171 
-0.844916 0.475312 0.245351 -0.353662 -0.152283 -0.922893 -0.401298 -0.866538 0.296765 205.74 -57.2922 619.154 
-0.84308 0.47479 0.25257 -0.362064 -0.153844 -0.91937 -0.39765 -0.866548 0.301607 203.755 -57.0257 618.776 
-0.841097 0.478681 0.251838 -0.363336 -0.155111 -0.918655 -0.400678 -0.864179 0.304384 202.367 -57.1285 618.805 
-0.838502 0.479363 0.259089 -0.367796 -0.147072 -0.918202 -0.402046 -0.865206 0.299627 200.619 -56.7736 618.64 
-0.836821 0.480726 0.261982 -0.371215 -0.146495 -0.916918 -0.402406 -0.864547 0.301042 199.151 -56.6875 618.523 
-0.837543 0.47916 0.262542 -0.372855 -0.150005 -0.915684 -0.399375 -0.864814 0.304292 197.594 -56.8832 618.187 
-0.834643 0.479505 0.27101 -0.382492 -0.150548 -0.911611 -0.396321 -0.864528 0.30906 195.241 -56.4485 617.829 
-0.836045 0.477016 0.271083 -0.383617 -0.154981 -0.910395 -0.392259 -0.865122 0.312561 193.297 -56.6086 617.393 
-0.834893 0.478616 0.27181 -0.385593 -0.156194 -0.909352 -0.392774 -0.864019 0.314956 191.073 -56.5115 617.294 
-0.833863 0.479363 0.273652 -0.390197 -0.161267 -0.906498 -0.39041 -0.862672 0.32152 189.023 -56.1712 617.162 
-0.829047 0.484967 0.278368 -0.394019 -0.153415 -0.906208 -0.396774 -0.860971 0.318274 186.672 -55.8599 617.544 
-0.829135 0.481718 0.283696 -0.400512 -0.157797 -0.902602 -0.390032 -0.862002 0.323768 184.39 -56.247 616.954 
-0.828515 0.483409 0.28263 -0.404117 -0.166788 -0.899372 -0.387624 -0.859359 0.333539 182.012 -56.8376 616.767 
-0.820844 0.493498 0.287536 -0.416626 -0.172985 -0.892468 -0.39069 -0.852371 0.347597 178.518 -56.9091 616.967 
-0.816805 0.495952 0.294724 -0.425626 -0.173177 -0.888173 -0.389451 -0.850906 0.352542 175.53 -57.0509 616.798 
-0.81259 0.497814 0.303118 -0.436401 -0.174941 -0.882581 -0.386332 -0.849457 0.359401 172.463 -57.6643 616.752 
-0.814169 0.503689 0.288837 -0.432882 -0.195029 -0.8801 -0.386964 -0.841582 0.376824 171.402 -59.3344 617.214 
-0.80383 0.508363 0.30891 -0.450931 -0.182051 -0.873795 -0.387967 -0.841679 0.375574 166.742 -58.0288 617.179 
-0.801491 0.508208 0.31518 -0.456484 -0.179465 -0.871443 -0.386309 -0.842328 0.375828 163.927 -57.9864 617.168 
-0.796916 0.509798 0.324087 -0.464512 -0.174147 -0.868275 -0.386205 -0.842483 0.375587 161.247 -57.8216 617.445 
-0.79547 0.511933 0.324272 -0.465116 -0.172763 -0.868228 -0.388451 -0.841473 0.375535 158.671 -57.76 617.636 
-0.793567 0.513121 0.327047 -0.469119 -0.173618 -0.8659 -0.387529 -0.840573 0.378492 156.262 -57.3442 617.756 
-0.791602 0.515814 0.327572 -0.469697 -0.170771 -0.866153 -0.390833 -0.839508 0.377458 154.127 -57.0789 618.324 
-0.783744 0.523182 0.334703 -0.474481 -0.156628 -0.866219 -0.400766 -0.837704 0.370996 150.555 -56.5467 618.841 
-0.780401 0.52628 0.337645 -0.476669 -0.151251 -0.865973 -0.404674 -0.836751 0.368897 148.085 -56.1639 618.989 
-0.776811 0.524866 0.347969 -0.480748 -0.137364 -0.866032 -0.406751 -0.840028 0.359034 145.051 -56.2479 619.25 
-0.771465 0.528989 0.353573 -0.481392 -0.12189 -0.867989 -0.416059 -0.839829 0.348684 142.52 -55.7535 620.149 
-0.765373 0.534165 0.358988 -0.484355 -0.110774 -0.86783 -0.423797 -0.838091 0.343508 139.448 -55.2005 620.431 
-0.764587 0.534061 0.360813 -0.48313 -0.104364 -0.869306 -0.426606 -0.838979 0.337816 136.874 -54.9134 620.538 
-0.757161 0.541796 0.364917 -0.482919 -0.0880819 -0.871223 -0.439882 -0.835881 0.328335 134.304 -54.4814 621.267 
-0.75158 0.546525 0.369376 -0.484102 -0.0766191 -0.87165 -0.448076 -0.83393 0.322159 132.446 -54.0808 621.663 
-0.749319 0.544607 0.37673 -0.486636 -0.067024 -0.87103 -0.449118 -0.836009 0.315247 130.236 -53.6909 621.584 
-0.746699 0.546609 0.379025 -0.484949 -0.0573545 -0.872659 -0.455263 -0.835421 0.307904 128.792 -53.7347 621.914 
-0.741935 0.554078 0.377533 -0.477968 -0.0422105 -0.877362 -0.47019 -0.831394 0.296148 127.106 -53.3499 622.565 
-0.73339 0.565459 0.377356 -0.475008 -0.0291466 -0.879499 -0.48632 -0.824261 0.289973 125.676 -52.4666 623.426 
-0.726136 0.574353 0.37795 -0.474159 -0.0202472 -0.880206 -0.497895 -0.818357 0.287036 123.431 -52.4094 623.907 
-0.716913 0.587682 0.375056 -0.469166 -0.00876512 -0.883066 -0.515674 -0.809044 0.282004 123.094 -51.733 625.228 
-0.710102 0.593743 0.378452 -0.464854 0.00836717 -0.885348 -0.528834 -0.804611 0.270062 121.707 -50.9923 625.94 
-0.702644 0.60195 0.379406 -0.459389 0.023421 -0.887926 -0.543372 -0.79819 0.260072 120.14 -50.4199 626.608 
-0.696653 0.611462 0.37522 -0.44669 0.0395614 -0.893814 -0.561377 -0.790284 0.245573 118.732 -50.7074 627.267 
-0.691227 0.615515 0.378613 -0.437332 0.0607831 -0.897244 -0.575279 -0.785777 0.227169 117.625 -50.2439 627.328 
-0.686115 0.619509 0.381387 -0.426059 0.0827548 -0.900902 -0.589677 -0.780615 0.207167 116.295 -50.2367 627.024 
-0.684307 0.623693 0.3778 -0.399217 0.113125 -0.909851 -0.610205 -0.77344 0.171576 116.793 -50.3549 627.656 
-0.684454 0.626291 0.373207 -0.379488 0.131038 -0.91587 -0.622505 -0.768497 0.14798 117.091 -50.8507 627.892 
-0.689076 0.624305 0.367994 -0.352319 0.155148 -0.92293 -0.633282 -0.765619 0.113045 117.194 -51.3344 627.916 
-0.687328 0.627563 0.365713 -0.3278 0.181302 -0.927187 -0.648173 -0.757161 0.0811009 117.464 -51.6776 628.023 
-0.680874 0.631589 0.370818 -0.304009 0.216908 -0.927647 -0.666325 -0.744342 0.0443213 117.776 -50.9826 629.028 
-0.672833 0.635152 0.379314 -0.286111 0.249426 -0.925163 -0.682229 -0.731005 0.0139014 117.631 -49.6577 629.65 
-0.674755 0.639206 0.368947 -0.25309 0.269188 -0.929238 -0.69329 -0.720384 -0.0198595 118.915 -50.1718 630.194 
-0.669967 0.639784 0.376593 -0.238566 0.29483 -0.92529 -0.703016 -0.709755 -0.0448963 118.768 -49.2792 630.688 
-0.666619 0.643544 0.376127 -0.233149 0.299265 -0.925247 -0.707998 -0.704479 -0.0494542 118.449 -48.6953 630.98 
-0.669472 0.640588 0.376106 -0.220675 0.311948 -0.924116 -0.709302 -0.701666 -0.0674791 118.667 -48.5409 631.172 
-0.672706 0.638425 0.374007 -0.207774 0.322145 -0.923608 -0.710138 -0.699025 -0.0840618 118.728 -48.6045 631.149 
-0.674319 0.638275 0.37135 -0.202045 0.32422 -0.924153 -0.710262 -0.698202 -0.0896678 118.968 -48.0589 631.221 
-0.676682 0.636834 0.36952 -0.194766 0.329173 -0.923964 -0.710047 -0.697199 -0.0987124 119.096 -48.2153 630.88 
-0.677328 0.638559 0.365335 -0.185358 0.332448 -0.924727 -0.711947 -0.694061 -0.106815 120.409 -47.8938 631.242 
-0.678146 0.639232 0.362631 -0.184906 0.32915 -0.925997 -0.711286 -0.695012 -0.105014 120.459 -47.6813 630.867 
-0.678894 0.64034 0.359262 -0.183061 0.326233 -0.927394 -0.71105 -0.695368 -0.104257 120.898 -47.4702 630.661 
-0.680256 0.635399 0.365405 -0.179941 0.3385 -0.923601 -0.710544 -0.694035 -0.115933 120.994 -46.8858 630.629 
-0.682047 0.635222 0.362361 -0.173421 0.340875 -0.923974 -0.710448 -0.693034 -0.122332 122.044 -46.9912 630.668 
-0.680562 0.638914 0.358645 -0.173131 0.335399 -0.926031 -0.711942 -0.692312 -0.117644 122.788 -46.9215 630.66 
-0.681353 0.640085 0.355036 -0.168859 0.334512 -0.927139 -0.712211 -0.691659 -0.119837 123.68 -47.0621 630.709 
-0.683812 0.639376 0.351568 -0.17421 0.324828 -0.929589 -0.708556 -0.69691 -0.110736 124.199 -47.4461 629.877 
-0.687193 0.638461 0.346606 -0.184853 0.307731 -0.933344 -0.702564 -0.705457 -0.0934492 124.476 -47.4457 629.231 
-0.689106 0.637885 0.343857 -0.190868 0.297984 -0.935294 -0.699073 -0.710146 -0.0835915 125.948 -47.4257 629.442 
-0.694397 0.63536 0.337834 -0.200472 0.280085 -0.938809 -0.691103 -0.719632 -0.067119 127.049 -47.3945 628.857 
-0.698649 0.634225 0.331134 -0.224649 0.244958 -0.943148 -0.679281 -0.733317 -0.0286619 128.106 -46.9795 628.225 
-0.70217 0.63432 0.323415 -0.251514 0.203972 -0.946116 -0.666107 -0.745676 0.0163168 129.902 -47.0834 628.038 
-0.7097 0.630725 0.313868 -0.272754 0.164783 -0.947867 -0.649562 -0.758309 0.0550854 131.459 -48.3616 626.849 
-0.714602 0.628452 0.307235 -0.285731 0.138666 -0.948224 -0.638516 -0.765388 0.0804769 132.822 -48.6699 626.243 
-0.711049 0.633115 0.305901 -0.31972 0.0963592 -0.942599 -0.62625 -0.768036 0.133903 134.53 -49.2829 625.436 
-0.71537 0.634994 0.291597 -0.334505 0.0551706 -0.940777 -0.613475 -0.770544 0.172941 136.302 -50.5495 625.003 
-0.717671 0.636178 0.283245 -0.361831 0.00687081 -0.932218 -0.595002 -0.771512 0.225257 138.327 -51.3737 624.114 
-0.720533 0.635315 0.277864 -0.387653 -0.0368077 -0.92107 -0.574941 -0.771375 0.272802 138.79 -51.8064 623.699 
-0.720884 0.639369 0.26746 -0.408721 -0.0805352 -0.909099 -0.559709 -0.76467 0.319379 140.641 -52.612 624.473 
-0.726997 0.63849 0.2526 -0.416685 -0.11784 -0.901381 -0.545755 -0.760555 0.351718 141.393 -53.8367 625.032 
-0.732001 0.638782 0.236925 -0.423393 -0.154057 -0.892751 -0.533772 -0.753806 0.383225 142.97 -54.4428 625.594 
-0.74069 0.63174 0.228658 -0.435345 -0.192076 -0.879535 -0.511717 -0.751006 0.417293 143.31 -54.2914 625.352 
-0.747359 0.625515 0.224023 -0.445135 -0.221066 -0.867746 -0.493264 -0.748238 0.443654 143.969 -54.2228 625.236 
-0.752626 0.621225 0.218253 -0.449167 -0.242017 -0.860044 -0.481459 -0.745323 0.461182 143.854 -54.8833 625.173 
-0.758107 0.616851 0.211589 -0.453989 -0.26629 -0.850284 -0.468154 -0.740664 0.481919 145.216 -55.4191 625.577 
-0.76277 0.607085 0.222781 -0.463413 -0.272867 -0.843085 -0.451034 -0.746318 0.489465 145.155 -55.1692 625.123 
-0.763523 0.605518 0.224459 -0.462319 -0.269853 -0.844654 -0.450881 -0.748684 0.48598 144.807 -55.569 625.106 
-0.76516 0.603487 0.224356 -0.461831 -0.271655 -0.844343 -0.448601 -0.749671 0.486568 145.118 -55.6583 624.944 
-0.765703 0.604661 0.219283 -0.461339 -0.278745 -0.842298 -0.44818 -0.746114 0.49239 146.544 -55.5209 625.318 
-0.763278 0.604987 0.226714 -0.460339 -0.263048 -0.847876 -0.453316 -0.751529 0.479277 146.966 -55.3519 625.463 
-0.763608 0.602696 0.231648 -0.461167 -0.257984 -0.848981 -0.451915 -0.755116 0.474942 148.252 -55.1507 625.258 
-0.76748 0.598146 0.230645 -0.4623 -0.267142 -0.845526 -0.444132 -0.75555 0.481548 148.2 -56.3859 624.488 
-0.767876 0.596442 0.233719 -0.465289 -0.268515 -0.843448 -0.44031 -0.75641 0.483704 149.38 -56.4583 623.995 
-0.768231 0.589768 0.24899 -0.471513 -0.258202 -0.843212 -0.433008 -0.765183 0.476442 149.63 -56.0283 622.886 
-0.765963 0.595731 0.241674 -0.469364 -0.261318 -0.843451 -0.439315 -0.759484 0.479774 153.026 -55.4345 623.32 
-0.767554 0.597604 0.2318 -0.462154 -0.265371 -0.846163 -0.444157 -0.756602 0.479871 155.443 -55.4652 623.503 
-0.76752 0.595279 0.237817 -0.463367 -0.258854 -0.847517 -0.442948 -0.760682 0.474508 157.009 -54.4359 623.87 
-0.770076 0.59295 0.23536 -0.459629 -0.259834 -0.849251 -0.442408 -0.762165 0.472629 158.199 -54.7462 624.782 
-0.770512 0.593664 0.232112 -0.456476 -0.259738 -0.850979 -0.444907 -0.761642 0.471124 159.85 -54.425 625.88 
-0.771742 0.592931 0.22989 -0.456104 -0.264162 -0.849816 -0.443153 -0.760691 0.474302 161.468 -54.6862 626.276 
-0.772078 0.592872 0.228911 -0.455878 -0.265694 -0.849459 -0.4428 -0.760203 0.475414 164.188 -54.7961 626.441 
-0.767263 0.599797 0.22705 -0.461501 -0.270526 -0.844886 -0.445336 -0.753033 0.484371 167.334 -55.3473 626.005 
-0.761283 0.609746 0.220589 -0.462745 -0.272576 -0.843546 -0.45422 -0.744253 0.489664 171.237 -56.024 625.868 
-0.758025 0.614057 0.219848 -0.457443 -0.260263 -0.850299 -0.464913 -0.745115 0.478181 175.218 -56.5989 625.732 
-0.753008 0.618708 0.22401 -0.456339 -0.245761 -0.855193 -0.474061 -0.746192 0.4674 178.087 -56.2039 625.85 
-0.751855 0.623374 0.214758 -0.445469 -0.240146 -0.862489 -0.486078 -0.744134 0.458248 183.313 -56.1864 626.842 
-0.749427 0.631586 0.198645 -0.433579 -0.24142 -0.868173 -0.500368 -0.73676 0.454769 188.977 -55.9543 627.718 
-0.748399 0.637622 0.182592 -0.422737 -0.246443 -0.8721 -0.51107 -0.729866 0.453984 193.363 -56.0655 628.12 
-0.748009 0.641586 0.169858 -0.416791 -0.254927 -0.872523 -0.516496 -0.72345 0.458094 197.617 -55.9947 628.189 
-0.748108 0.642783 0.164823 -0.408459 -0.250306 -0.877786 -0.522968 -0.724001 0.449806 201.023 -56.0869 628.09 
-0.755352 0.640406 0.139012 -0.390442 -0.269432 -0.880318 -0.526306 -0.719226 0.453557 206.292 -57.5026 628.61 
-0.75908 0.637725 0.130792 -0.383174 -0.27526 -0.881708 -0.526284 -0.719402 0.453303 209.346 -57.1428 628.661 
-0.758014 0.641106 0.12 -0.376109 -0.279329 -0.883469 -0.532877 -0.714813 0.45286 213.081 -56.8131 629.863 
-0.761378 0.639257 0.107957 -0.362359 -0.281534 -0.888501 -0.537586 -0.715604 0.445994 216.201 -56.8138 630.702 
-0.760801 0.641444 0.0986588 -0.356166 -0.285597 -0.889707 -0.54252 -0.712028 0.445742 219.734 -56.1268 631.963 
-0.761246 0.642934 0.0845075 -0.34828 -0.295439 -0.889616 -0.546997 -0.706648 0.448822 222.753 -56.1987 632.994 
-0.759675 0.645555 0.0784474 -0.344919 -0.29772 -0.890164 -0.551294 -0.703292 0.448834 225.349 -55.9573 633.736 
-0.762723 0.643559 0.0639333 -0.336591 -0.310604 -0.888949 -0.552232 -0.69954 0.453521 228.767 -56.4029 634.577 
-0.761173 0.646403 0.0527281 -0.328751 -0.31448 -0.890519 -0.559052 -0.695173 0.451878 232.17 -56.359 635.953 
-0.762517 0.645762 0.0395101 -0.316925 -0.31959 -0.892984 -0.564027 -0.693436 0.44835 234.726 -57.4671 636.922 
-0.75986 0.649171 0.0345276 -0.316047 -0.322479 -0.892256 -0.568092 -0.688901 0.450206 236.844 -57.1745 637.748 
-0.758406 0.651027 0.031395 -0.31153 -0.319762 -0.894819 -0.572511 -0.688415 0.445324 239.114 -56.7084 638.541 
-0.756431 0.653276 0.0323177 -0.309884 -0.314427 -0.897278 -0.576007 -0.688742 0.440281 239.839 -56.1604 639.127 
-0.760362 0.648841 0.0292701 -0.298178 -0.308683 -0.903219 -0.57701 -0.6955 0.42818 241.512 -55.7084 639.608 
-0.760679 0.648624 0.025606 -0.296004 -0.311494 -0.902969 -0.577711 -0.694448 0.428942 241.914 -55.5369 640.18 
-0.761976 0.646949 0.0291563 -0.297657 -0.309885 -0.902979 -0.575146 -0.696726 0.428693 241.856 -54.7099 640.431 
-0.764359 0.644093 0.0300328 -0.298637 -0.312349 -0.901806 -0.571465 -0.698271 0.431096 241.556 -54.6628 640.512 
-0.765775 0.642599 0.0256336 -0.296475 -0.317373 -0.900764 -0.570694 -0.697381 0.43355 241.808 -55.2236 640.637 
LFing.0_Hand
0.281918 0.0634359 -0.957339 -0.0634359 0.996861 0.047374 0.957339 0.047374 0.285057 17.1629 13.0369 -53.3627 
-0.947923 -0.111559 -0.298322 0.275023 0.185693 -0.943335 0.160634 -0.976254 -0.145342 201.687 -55.0521 613.787 
-0.945197 -0.104207 -0.309424 0.28732 0.184657 -0.939867 0.155077 -0.977262 -0.144597 201.686 -55.9669 613.845 
-0.94466 -0.100167 -0.312383 0.291877 0.178032 -0.939741 0.149745 -0.978912 -0.138944 201.886 -55.7665 613.909 
-0.946943 -0.0956408 -0.306841 0.287228 0.176554 -0.94145 0.144215 -0.979633 -0.139716 201.807 -55.2136 613.813 
-0.948556 -0.0977742 -0.301134 0.281899 0.17217 -0.94387 0.144132 -0.980202 -0.135751 201.944 -54.837 613.413 
-0.946857 -0.0935044 -0.307764 0.28855 0.175859 -0.941176 0.142127 -0.979964 -0.139533 202.43 -55.1599 613.113 
-0.946553 -0.0980381 -0.307286 0.289079 0.164724 -0.943027 0.14307 -0.981455 -0.127579 202.625 -54.7471 612.439 
-0.945961 -0.0959057 -0.309775 0.291179 0.169247 -0.941579 0.142731 -0.980896 -0.132175 202.258 -54.7699 612.16 
-0.945951 -0.0992542 -0.308747 0.290153 0.166244 -0.94243 0.144867 -0.981076 -0.12846 202.179 -54.6076 611.706 
-0.949018 -0.0954754 -0.300415 0.280611 0.178281 -0.943119 0.143602 -0.979336 -0.1424 201.84 -54.1822 611.757 
-0.948466 -0.0964837 -0.301833 0.282057 0.177043 -0.942921 0.144413 -0.979462 -0.140706 201.566 -54.0407 611.616 
-0.948119 -0.0936039 -0.303824 0.285598 0.169035 -0.943324 0.139655 -0.981154 -0.133532 201.426 -54.38 611.427 
-0.94928 -0.0884923 -0.301723 0.284167 0.169315 -0.943707 0.134597 -0.98158 -0.135581 201.191 -54.7516 611.261 
-0.948882 -0.0880927 -0.303089 0.285701 0.168428 -0.943402 0.134155 -0.981769 -0.134651 201.171 -54.8462 611.13 
-0.94852 -0.0867174 -0.304612 0.287459 0.168012 -0.942942 0.132948 -0.981963 -0.134436 201.45 -55.0507 610.812 
-0.94906 -0.0853693 -0.30331 0.286504 0.166845 -0.94344 0.131146 -0.98228 -0.133888 201.549 -55.1568 610.865 
-0.946722 -0.0793805 -0.312114 0.29656 0.162998 -0.941002 0.125571 -0.983427 -0.130774 201.727 -56.3092 610.692 
-0.951743 -0.0724213 -0.298228 0.283819 0.161979 -0.945098 0.116752 -0.984132 -0.133609 201.675 -55.3376 611.081 
-0.955948 -0.062308 -0.286845 0.273466 0.16607 -0.947437 0.106669 -0.984143 -0.141715 201.899 -54.8437 611.402 
-0.95912 -0.0442021 -0.279527 0.268883 0.165729 -0.948808 0.0882648 -0.985179 -0.14707 202.431 -55.0582 611.96 
-0.961101 -0.0283264 -0.274741 0.266529 0.165752 -0.949468 0.0724334 -0.98576 -0.151755 202.509 -55.1443 612.759 
-0.961736 -0.0303365 -0.272293 0.264614 0.154746 -0.951858 0.0710119 -0.987488 -0.140797 202.034 -55.6656 612.581 
-0.962293 -0.0224154 -0.27109 0.264708 0.152264 -0.952232 0.0626215 -0.988085 -0.140589 201.169 -55.9111 612.778 
-0.967249 -0.0178843 -0.253199 0.24771 0.151197 -0.956964 0.0553973 -0.988341 -0.141815 200.133 -55.2079 613.295 
-0.968907 -0.0198976 -0.246625 0.240301 0.161801 -0.957119 0.0589482 -0.986622 -0.151989 198.822 -54.6148 613.665 
-0.969527 -0.0154265 -0.244497 0.238671 0.165606 -0.956876 0.0552511 -0.986071 -0.156878 197.402 -54.755 613.729 
-0.973396 -0.0158835 -0.228578 0.222619 0.170522 -0.959877 0.0542233 -0.985225 -0.16245 196.221 -53.9081 613.7 
-0.974727 -0.0207307 -0.222435 0.215057 0.182472 -0.959404 0.0604769 -0.982992 -0.173402 194.973 -53.7434 613.557 
-0.976 -0.0193306 -0.216909 0.20955 0.18769 -0.959615 0.0592613 -0.982037 -0.179135 193.996 -53.7379 613.817 
-0.978398 -0.0233829 -0.2054 0.197435 0.188828 -0.961958 0.0612785 -0.981731 -0.180133 191.889 -53.4892 613.784 
-0.979889 -0.0331228 -0.196773 0.186362 0.200512 -0.961803 0.0713127 -0.97913 -0.190307 190.202 -53.1409 613.966 
-0.979912 -0.0372896 -0.19591 0.18503 0.196467 -0.962894 0.0743954 -0.9798 -0.185621 188.264 -53.0449 613.969 
-0.980821 -0.0428254 -0.190145 0.178874 0.189693 -0.965412 0.0774131 -0.980908 -0.178395 186.24 -52.9347 613.601 
-0.981926 -0.0397046 -0.185053 0.174318 0.191087 -0.965971 0.0737143 -0.980769 -0.180712 184.872 -53.0583 613.545 
-0.983739 -0.0409572 -0.174871 0.163923 0.193107 -0.967388 0.0733899 -0.980322 -0.183253 183.09 -52.8121 613.41 
-0.984494 -0.0376547 -0.17133 0.160816 0.196385 -0.96725 0.0700676 -0.979803 -0.187284 181.614 -52.7936 613.271 
-0.98505 -0.0393197 -0.167721 0.157305 0.191569 -0.968791 0.0702224 -0.98069 -0.182521 180.047 -53.0108 612.951 
-0.985134 -0.0421833 -0.166527 0.156229 0.183093 -0.970603 0.0714328 -0.982189 -0.173782 177.655 -52.7613 612.592 
-0.985263 -0.04553 -0.164873 0.154308 0.179236 -0.97163 0.0737892 -0.982751 -0.169569 175.699 -52.9307 612.187 
-0.985254 -0.0457254 -0.164876 0.154424 0.177287 -0.971969 0.0736738 -0.983096 -0.167612 173.479 -52.8687 612.052 
-0.986442 -0.0468447 -0.157282 0.147131 0.172082 -0.974033 0.0726935 -0.983967 -0.162857 171.423 -52.6042 611.886 
-0.988466 -0.045878 -0.144325 0.133971 0.179452 -0.974602 0.0706118 -0.982696 -0.171236 169.075 -52.3894 612.194 
-0.988656 -0.0507835 -0.141348 0.130797 0.171468 -0.976469 0.0738248 -0.983879 -0.162881 166.755 -52.8917 611.659 
-0.988646 -0.0502082 -0.141622 0.132092 0.158821 -0.978432 0.0716174 -0.986029 -0.150386 164.388 -53.5289 611.402 
-0.990331 -0.0448084 -0.131287 0.123602 0.144651 -0.981733 0.0629804 -0.988467 -0.137714 160.919 -53.8321 611.386 
-0.99148 -0.0456933 -0.121978 0.114536 0.140124 -0.983487 0.0620305 -0.989078 -0.133697 157.913 -54.153 611.182 
-0.99228 -0.0459844 -0.115177 0.108239 0.132192 -0.985297 0.0605335 -0.990156 -0.126195 154.82 -54.9784 611.11 
-0.992765 -0.0323003 -0.115648 0.111259 0.114753 -0.987144 0.0451557 -0.992868 -0.11033 153.848 -56.529 611.358 
-0.994309 -0.0414161 -0.0981498 0.0929036 0.113722 -0.98916 0.0521287 -0.992648 -0.109228 149.13 -55.6197 611.32 
-0.994704 -0.0384085 -0.0953293 0.0905489 0.111255 -0.989658 0.0486168 -0.993049 -0.107188 146.29 -55.6969 611.335 
-0.995389 -0.0395335 -0.0873953 0.0825338 0.111261 -0.990358 0.0488758 -0.993004 -0.107485 143.586 -55.71 611.617 
-0.995231 -0.0377002 -0.0899658 0.0852296 0.112501 -0.98999 0.0474437 -0.992935 -0.108751 141.022 -55.6642 611.769 
-0.996071 -0.0340705 -0.0817408 0.0777903 0.10446 -0.991483 0.0423187 -0.993945 -0.101399 138.609 -55.3288 611.87 
-0.996325 -0.0285717 -0.0807384 0.0772271 0.10783 -0.991166 0.037025 -0.993758 -0.105228 136.487 -55.0826 612.393 
-0.997468 -0.0226776 -0.0673935 0.0642253 0.119399 -0.990767 0.0305146 -0.992587 -0.11764 132.933 -54.6862 612.813 
-0.997566 -0.0185268 -0.0672112 0.0644272 0.123374 -0.990267 0.0266383 -0.992187 -0.12188 130.473 -54.3634 612.917 
-0.998159 -0.0235252 -0.0558956 0.0522295 0.134897 -0.989482 0.0308176 -0.99058 -0.133421 127.399 -54.5713 613.257 
-0.998895 -0.0177689 -0.0434966 0.0404589 0.14539 -0.988547 0.0238891 -0.989214 -0.144511 124.877 -54.1367 614.112 
-0.998952 -0.0136363 -0.0436846 0.0411638 0.149307 -0.987934 0.0199939 -0.988696 -0.14859 121.822 -53.6803 614.318 
-0.999138 -0.0127795 -0.0394845 0.036985 0.15738 -0.986846 0.0188252 -0.987455 -0.156772 119.244 -53.3887 614.442 
-0.999323 -0.00695854 -0.0361217 0.0343887 0.171894 -0.984515 0.0130596 -0.98509 -0.171539 116.713 -53.0074 615.046 
-0.999672 -0.000870904 -0.0255599 0.0249556 0.185229 -0.982379 0.00558967 -0.982694 -0.185147 114.876 -52.6719 615.368 
-0.99978 0.000286146 -0.0209417 0.0206058 0.192125 -0.981154 0.00374235 -0.98137 -0.192089 112.638 -52.3697 615.349 
-0.999825 0.00307305 -0.018429 0.0186704 0.200182 -0.979581 0.00067851 -0.979753 -0.200205 111.203 -52.4149 615.654 
-0.999659 0.0128418 -0.0227357 0.0249733 0.216001 -0.976074 -0.00762391 -0.976308 -0.216249 109.571 -51.9447 616.172 
-0.999589 0.0209066 -0.0196067 0.0238081 0.224804 -0.974113 -0.0159581 -0.974179 -0.22521 108.223 -51.0533 616.815 
-0.999471 0.0308801 -0.0101587 0.0171425 0.235166 -0.971804 -0.0276208 -0.971464 -0.235571 106.044 -51.016 617.12 
-0.998653 0.0515939 0.0054721 0.0074785 0.247525 -0.968853 -0.0513417 -0.967506 -0.247578 105.817 -50.2863 618.176 
-0.998203 0.0576381 0.0163735 -0.000785552 0.260661 -0.96543 -0.0599139 -0.963707 -0.260148 104.475 -49.5336 618.783 
-0.997212 0.0716693 0.0207636 -0.00017096 0.276084 -0.961134 -0.0746166 -0.958457 -0.275303 102.976 -48.9194 619.296 
-0.996007 0.0857499 0.0248337 0.00208541 0.300454 -0.953794 -0.0892496 -0.949933 -0.299434 101.658 -49.0266 619.785 
-0.995738 0.0875584 0.028944 0.000767256 0.321725 -0.946833 -0.0922156 -0.942775 -0.320422 100.584 -48.4808 619.792 
-0.995643 0.08813 0.0304485 0.00206011 0.347273 -0.937762 -0.0932194 -0.933613 -0.345943 99.2873 -48.3629 619.439 
-0.995052 0.0930669 0.0347675 0.00408923 0.388028 -0.921639 -0.0992653 -0.916936 -0.38649 99.8288 -48.1175 620.071 
-0.994828 0.0970644 0.0299004 0.0128385 0.412219 -0.910995 -0.100751 -0.905899 -0.411334 100.158 -48.3318 620.326 
-0.994759 0.0976157 0.0304041 0.016326 0.445224 -0.895271 -0.10093 -0.890082 -0.444485 100.25 -48.4374 620.512 
-0.994419 0.100691 0.0314863 0.0206275 0.478264 -0.877974 -0.103464 -0.872424 -0.477673 100.554 -48.4796 620.665 
-0.993071 0.108155 0.045948 0.0164269 0.514947 -0.857065 -0.116357 -0.850371 -0.513156 100.897 -47.5739 621.692 
-0.992406 0.106282 0.061914 0.00622427 0.546112 -0.837689 -0.122844 -0.830942 -0.542628 100.777 -46.1436 622.307 
-0.992554 0.108147 0.0560304 0.016994 0.578485 -0.815516 -0.120609 -0.808491 -0.576017 102.115 -46.1995 622.963 
-0.992234 0.106075 0.0649507 0.0121354 0.602267 -0.798203 -0.123788 -0.791215 -0.598878 101.964 -45.2368 623.504 
-0.99157 0.111275 0.0663734 0.0148404 0.606442 -0.794989 -0.128715 -0.787302 -0.602983 101.684 -44.59 623.741 
-0.992694 0.101016 0.0659859 0.0114095 0.623025 -0.782119 -0.120118 -0.775651 -0.619627 101.871 -44.3118 624.076 
-0.993157 0.0953534 0.0674201 0.0087477 0.636446 -0.771271 -0.116453 -0.765403 -0.632927 101.913 -44.2279 624.19 
-0.993254 0.0962357 0.0646791 0.0118604 0.639212 -0.768939 -0.115344 -0.762984 -0.636043 102.155 -43.5983 624.311 
-0.993921 0.0910289 0.0619145 0.0117809 0.647122 -0.762295 -0.109458 -0.756931 -0.644262 102.271 -43.667 624.057 
-0.993741 0.0945551 0.059477 0.0169843 0.654151 -0.756173 -0.110408 -0.75043 -0.651663 103.607 -43.2083 624.455 
-0.993595 0.0987906 0.0548518 0.0229618 0.651823 -0.758023 -0.11064 -0.751908 -0.649918 103.668 -42.9618 624.077 
-0.993522 0.100339 0.0533474 0.0249721 0.650747 -0.758884 -0.110862 -0.752635 -0.649038 104.123 -42.6957 623.868 
-0.993493 0.0968057 0.0600009 0.0190395 0.660576 -0.750517 -0.11229 -0.74449 -0.658122 104.161 -42.1552 623.952 
-0.993736 0.0976674 0.0543057 0.0244458 0.66418 -0.747173 -0.109044 -0.741164 -0.662408 105.214 -42.1675 624.05 
-0.993401 0.100799 0.0547166 0.0257661 0.661019 -0.749927 -0.111761 -0.743567 -0.659255 106.001 -42.0489 623.97 
-0.992645 0.106044 0.0583832 0.0270528 0.664426 -0.746864 -0.117993 -0.739791 -0.66241 106.91 -42.1091 624.034 
-0.993296 0.105413 0.0474405 0.0333929 0.654566 -0.755266 -0.110668 -0.748618 -0.653699 107.429 -42.5082 623.193 
-0.993237 0.109143 0.0395868 0.0394899 0.638233 -0.768829 -0.109179 -0.762066 -0.638228 107.706 -42.5582 622.508 
-0.992804 0.111204 0.0444078 0.0359824 0.630783 -0.775124 -0.114209 -0.767949 -0.630247 109.178 -42.5681 622.697 
-0.992144 0.118804 0.0391868 0.0419733 0.611217 -0.790349 -0.117849 -0.782495 -0.611402 110.267 -42.5701 622.116 
-0.991172 0.128842 0.0312599 0.0494116 0.577787 -0.81469 -0.123028 -0.805953 -0.579054 111.33 -42.3271 621.353 
-0.991691 0.12623 0.0247738 0.0476618 0.539435 -0.840677 -0.119483 -0.832511 -0.540971 113.147 -42.6315 620.984 
-0.992195 0.124679 0.00161819 0.061216 0.498385 -0.864792 -0.108628 -0.857943 -0.502129 114.697 -44.0437 619.727 
-0.992073 0.125368 -0.00860262 0.0673013 0.472273 -0.878879 -0.106121 -0.87249 -0.476968 116.06 -44.4312 619.075 
-0.991643 0.126757 -0.0240082 0.0763831 0.426899 -0.901068 -0.103968 -0.895371 -0.433015 117.814 -45.4318 617.947 
-0.990785 0.131578 -0.0321198 0.0814081 0.389003 -0.917633 -0.108246 -0.911791 -0.396131 119.651 -46.7593 617.341 
-0.990437 0.13169 -0.0411184 0.0832234 0.332618 -0.939383 -0.110031 -0.933821 -0.340398 121.716 -47.8707 616.23 
-0.989285 0.138015 -0.0476009 0.0856742 0.284827 -0.954743 -0.118211 -0.948591 -0.2936 122.193 -48.6134 615.66 
-0.987553 0.147356 -0.0549964 0.088593 0.232231 -0.968618 -0.12996 -0.961433 -0.242396 124.121 -49.6639 616.183 
-0.985315 0.156051 -0.0692951 0.0985922 0.188644 -0.977084 -0.139403 -0.969567 -0.20126 124.929 -50.9197 616.622 
-0.984055 0.159965 -0.0777628 0.10198 0.149239 -0.983529 -0.145725 -0.975775 -0.163173 126.58 -51.5513 617.031 
-0.983844 0.155553 -0.0886149 0.105971 0.107075 -0.988588 -0.14429 -0.982007 -0.121829 126.898 -51.5425 616.783 
-0.984145 0.148774 -0.0965581 0.108613 0.0751442 -0.99124 -0.140216 -0.986011 -0.0901122 127.528 -51.6097 616.681 
-0.983223 0.143784 -0.112245 0.120777 0.0520341 -0.991315 -0.136695 -0.988239 -0.0685273 127.408 -52.3137 616.615 
-0.981239 0.147048 -0.124688 0.129812 0.0257477 -0.991205 -0.142544 -0.988794 -0.0443536 128.77 -52.9103 617.001 
-0.982936 0.135268 -0.124656 0.127911 0.0156209 -0.991663 -0.132194 -0.990685 -0.0326571 128.572 -52.8459 616.761 
-0.981658 0.133858 -0.135752 0.139141 0.0162639 -0.990139 -0.130331 -0.990866 -0.0345913 128.203 -53.227 616.791 
-0.981621 0.132047 -0.137776 0.141469 0.018972 -0.989761 -0.128082 -0.991061 -0.0373044 128.499 -53.3039 616.662 
-0.981395 0.133399 -0.138083 0.140699 0.0103477 -0.989999 -0.130636 -0.991008 -0.0289246 129.961 -53.1472 616.97 
-0.982425 0.131096 -0.132871 0.1373 0.0253072 -0.990207 -0.126449 -0.991046 -0.0428622 130.347 -52.9785 617.189 
-0.983269 0.128478 -0.129131 0.133895 0.0291297 -0.990568 -0.123505 -0.991284 -0.0458452 131.589 -52.8018 617.064 
-0.981658 0.123284 -0.145426 0.148829 0.0188169 -0.988684 -0.119153 -0.992192 -0.0368204 131.508 -54.0472 616.35 
-0.982314 0.11914 -0.144443 0.14733 0.0157505 -0.988962 -0.11555 -0.992752 -0.0330252 132.66 -54.1796 615.898 
-0.983569 0.104219 -0.14741 0.150351 0.0209126 -0.988412 -0.0999291 -0.994334 -0.0362389 132.785 -53.8934 615.011 
-0.982814 0.106262 -0.150943 0.15361 0.0173364 -0.98798 -0.102368 -0.994186 -0.0333617 136.26 -53.2504 615.291 
-0.982082 0.108263 -0.154249 0.157621 0.0232678 -0.987226 -0.103292 -0.993849 -0.0399158 138.741 -53.1259 615.386 
-0.983799 0.100185 -0.148669 0.152021 0.0266721 -0.988018 -0.0950199 -0.99461 -0.0414707 140.259 -52.1312 615.842 
-0.983446 0.095142 -0.154212 0.157523 0.0282898 -0.98711 -0.0895532 -0.995061 -0.0428089 141.444 -52.3628 616.787 
-0.983233 0.0974145 -0.154154 0.157816 0.0310395 -0.986981 -0.0913615 -0.994759 -0.045893 143.117 -51.9768 617.86 
-0.983222 0.0932445 -0.156776 0.160343 0.0320425 -0.986541 -0.0869663 -0.995127 -0.0464564 144.741 -52.2239 618.246 
-0.983715 0.0959687 -0.151967 0.155678 0.0324074 -0.987276 -0.089823 -0.994856 -0.0468203 147.466 -52.327 618.405 
-0.983034 0.107385 -0.1487 0.152086 0.0240302 -0.988075 -0.102531 -0.993926 -0.0399547 150.673 -52.9875 617.81 
-0.981001 0.124704 -0.148609 0.152595 0.023001 -0.988021 -0.119792 -0.991927 -0.0415936 154.686 -53.6872 617.446 
-0.980424 0.132136 -0.145973 0.151599 0.0335181 -0.987874 -0.125642 -0.990664 -0.0528941 158.705 -54.1699 617.261 
-0.980216 0.137072 -0.142785 0.150426 0.047059 -0.987501 -0.128639 -0.989442 -0.0667476 161.59 -53.7749 617.349 
-0.97823 0.143318 -0.150086 0.159956 0.0599679 -0.985301 -0.132211 -0.987857 -0.0815874 166.903 -53.5445 618.236 
-0.975999 0.156217 -0.151731 0.163763 0.067203 -0.984208 -0.143553 -0.985433 -0.091173 172.724 -53.069 618.895 
-0.972428 0.170235 -0.159385 0.173358 0.0705528 -0.982329 -0.155982 -0.982874 -0.0981195 177.256 -52.9531 619.109 
-0.969498 0.179663 -0.166717 0.181073 0.0666078 -0.981212 -0.165183 -0.98147 -0.0971087 181.623 -52.7491 619.026 
-0.966449 0.185953 -0.177192 0.193061 0.0708782 -0.978624 -0.169419 -0.979998 -0.104401 185.071 -52.6828 618.911 
-0.960973 0.194202 -0.197018 0.212642 0.0629869 -0.975098 -0.176957 -0.978936 -0.101825 190.491 -53.712 619.322 
-0.957443 0.197301 -0.210651 0.226234 0.0598333 -0.972234 -0.179219 -0.978515 -0.101924 193.579 -53.2012 619.376 
-0.952853 0.204605 -0.224069 0.240462 0.0588029 -0.968876 -0.185062 -0.977076 -0.105231 197.421 -52.7278 620.462 
-0.948753 0.208816 -0.237199 0.255245 0.0638086 -0.964769 -0.186324 -0.97587 -0.113838 200.615 -52.4585 621.298 
-0.946563 0.212498 -0.242615 0.260748 0.0615011 -0.963446 -0.189809 -0.975223 -0.113624 204.238 -51.6467 622.47 
-0.942779 0.217338 -0.252849 0.271244 0.0589488 -0.960704 -0.193892 -0.974314 -0.114528 207.381 -51.5545 623.379 
-0.939949 0.222055 -0.259206 0.278292 0.0589233 -0.958687 -0.197608 -0.973251 -0.117182 210.049 -51.2461 624.039 
-0.935376 0.225609 -0.272345 0.290678 0.0518215 -0.955417 -0.201437 -0.972838 -0.114053 213.571 -51.5183 624.804 
-0.931393 0.235612 -0.277477 0.296813 0.0502729 -0.953612 -0.210733 -0.970545 -0.116757 217.093 -51.3215 626.072 
-0.92656 0.242329 -0.287686 0.309213 0.0552138 -0.949389 -0.214181 -0.968621 -0.126091 219.76 -52.2014 626.991 
-0.9248 0.247843 -0.288649 0.310554 0.0534994 -0.949049 -0.219773 -0.967321 -0.126445 221.953 -51.8895 627.716 
-0.924568 0.250778 -0.286851 0.31042 0.0592338 -0.948752 -0.220935 -0.96623 -0.132613 224.268 -51.3412 628.487 
-0.923252 0.252032 -0.289975 0.31475 0.0633695 -0.947057 -0.220313 -0.965641 -0.137833 225.003 -50.7678 629.07 
-0.924296 0.250555 -0.287923 0.314183 0.0711413 -0.946693 -0.216715 -0.965484 -0.144476 226.666 -50.1038 629.683 
-0.922762 0.251957 -0.291594 0.31836 0.0720334 -0.945229 -0.217153 -0.965053 -0.146684 227.099 -49.8889 630.232 
-0.926329 0.245575 -0.285668 0.312546 0.0776697 -0.946722 -0.210304 -0.96626 -0.148702 226.995 -49.0943 630.536 
-0.927069 0.240048 -0.287957 0.313427 0.0748743 -0.946656 -0.205683 -0.967868 -0.144652 226.662 -49.0628 630.657 
-0.924414 0.24091 -0.295671 0.319879 0.0675731 -0.945046 -0.207692 -0.968191 -0.139528 226.942 -49.5781 630.765 
LFing.0_0
0.533141 -0.162488 -0.830276 0.162488 0.982779 -0.0879957 0.830276 -0.0879957 0.550362 36.7155 8.63727 13.0341 
-0.929407 -0.0648485 -0.363315 0.363156 0.0146356 -0.931613 0.065731 -0.997788 0.00994768 135.944 -35.9777 624.928 
-0.928995 -0.0700177 -0.36341 0.363039 0.0184031 -0.931592 0.0719158 -0.997376 0.00832277 136.132 -36.0396 624.6 
-0.93108 -0.0741253 -0.357205 0.357036 0.0159688 -0.933954 0.0749337 -0.997121 0.0115971 136.368 -35.5232 624.295 
-0.934236 -0.0711145 -0.349494 0.349286 0.0157316 -0.936883 0.0721241 -0.997344 0.0101423 136.131 -35.2927 623.816 
-0.936216 -0.0724895 -0.343868 0.343984 0.0112573 -0.938907 0.0719319 -0.997306 0.014396 136.156 -35.2857 623.409 
-0.934459 -0.0694711 -0.349229 0.349045 0.0151619 -0.936983 0.0703882 -0.997469 0.0100803 136.76 -35.1473 622.97 
-0.937594 -0.0751881 -0.339507 0.339976 0.00685134 -0.940408 0.0730336 -0.997146 0.0191384 136.977 -34.6978 622.362 
-0.937112 -0.0742105 -0.341048 0.341159 0.0115543 -0.939934 0.0736936 -0.997176 0.0144899 136.651 -34.5749 622.06 
-0.938267 -0.0809518 -0.336306 0.336577 0.010681 -0.941595 0.0798159 -0.996661 0.0172249 136.572 -34.4838 621.754 
-0.939831 -0.0767618 -0.332905 0.332221 0.0218812 -0.942947 0.0796667 -0.996809 0.00493722 136.021 -34.7202 621.717 
-0.938874 -0.0803294 -0.334759 0.334162 0.0211673 -0.942277 0.0827786 -0.996544 0.00696956 135.785 -34.4784 621.632 
-0.938151 -0.0806387 -0.336706 0.336665 0.0145112 -0.941512 0.0808084 -0.996638 0.0135345 135.669 -34.5721 621.113 
-0.937863 -0.0798667 -0.337691 0.337614 0.0148746 -0.941167 0.0801909 -0.996694 0.0130137 135.353 -35.043 620.596 
-0.937093 -0.0825632 -0.339175 0.339223 0.0138608 -0.940603 0.0823605 -0.996489 0.0150185 135.362 -35.0312 620.434 
-0.93411 -0.0844268 -0.346859 0.347039 0.0129998 -0.93776 0.0836811 -0.996345 0.0171562 135.665 -35.1138 620.032 
-0.930375 -0.0880552 -0.355878 0.356377 0.0105143 -0.934282 0.0860102 -0.99606 0.0215986 135.727 -35.2861 619.961 
-0.9229 -0.0867458 -0.37514 0.376133 0.00521893 -0.92655 0.0823322 -0.996217 0.0278114 136.066 -35.741 619.401 
-0.923601 -0.0842469 -0.373983 0.374989 0.00413919 -0.927019 0.0796465 -0.996436 0.0277687 135.666 -35.6531 619.179 
-0.923295 -0.0743538 -0.376827 0.377491 0.00543167 -0.925996 0.0708982 -0.997217 0.0230529 135.599 -35.8772 618.8 
-0.922528 -0.0570082 -0.381697 0.382136 0.00340122 -0.924099 0.0539795 -0.998368 0.0186472 135.911 -36.4097 618.082 
-0.917358 -0.0456868 -0.395434 0.395784 0.00147465 -0.918342 0.0425393 -0.998955 0.0167293 135.851 -36.6589 617.783 
-0.914455 -0.0497074 -0.401624 0.402572 -0.0103846 -0.915329 0.0413279 -0.99871 0.0295071 135.332 -37.3131 617.506 
-0.909327 -0.0443654 -0.413711 0.414669 -0.0147393 -0.909852 0.0342682 -0.998907 0.0317997 134.428 -37.552 617.121 
-0.911873 -0.0357539 -0.408912 0.409727 -0.0193 -0.912003 0.0247157 -0.999174 0.0322484 133.049 -38.0277 617.137 
-0.907758 -0.0387112 -0.417705 0.418405 -0.0118608 -0.908182 0.0302025 -0.99918 0.0269637 131.623 -37.9485 617.754 
-0.901638 -0.0347597 -0.431093 0.431674 -0.0110649 -0.901961 0.0265819 -0.999334 0.0249814 130.161 -38.2018 617.561 
-0.902348 -0.0304178 -0.429934 0.430386 -0.0100309 -0.902588 0.0231421 -0.999487 0.0221427 128.711 -38.4682 617.46 
-0.898515 -0.0355737 -0.437499 0.437783 -0.000221423 -0.89908 0.0318867 -0.999367 0.0157725 127.37 -38.828 617.751 
-0.896418 -0.0334747 -0.441944 0.442078 0.00367361 -0.896968 0.0316492 -0.999433 0.0115053 126.305 -39.2044 617.928 
-0.898165 -0.035618 -0.438214 0.438379 0.0034251 -0.898783 0.0335138 -0.99936 0.0125379 124.032 -39.7959 618.034 
-0.899211 -0.0444734 -0.435248 0.435077 0.0139479 -0.900284 0.0461095 -0.998913 0.00680719 122.242 -40.2156 618.912 
-0.897447 -0.0467512 -0.438638 0.43876 0.00816022 -0.898567 0.0455884 -0.998873 0.0131891 120.302 -40.2119 619.129 
-0.898585 -0.0505569 -0.435878 0.436425 0.000225487 -0.89974 0.0455863 -0.998721 0.0218616 118.215 -40.5286 618.97 
-0.900069 -0.0481271 -0.433083 0.43347 0.00261552 -0.901164 0.0445032 -0.998838 0.0185075 116.77 -40.9683 618.657 
-0.904415 -0.0469969 -0.424058 0.424335 0.00440733 -0.905494 0.0444244 -0.998885 0.0159564 114.863 -41.4431 618.5 
-0.903474 -0.042355 -0.426546 0.426687 0.00611184 -0.904378 0.0409119 -0.999084 0.0125504 113.334 -41.64 618.131 
-0.905899 -0.0415218 -0.421453 0.421781 0.000923568 -0.906697 0.0380369 -0.999137 0.0166764 111.729 -42.1008 617.821 
-0.905329 -0.0428171 -0.422548 0.423264 -0.00889632 -0.905962 0.0350315 -0.999043 0.026177 109.33 -41.9258 617.547 
-0.906176 -0.0440464 -0.4206 0.421506 -0.0133976 -0.906726 0.034303 -0.99894 0.0307064 107.365 -42.2284 617.305 
-0.906205 -0.0432322 -0.420623 0.421587 -0.0158929 -0.906648 0.0325114 -0.998939 0.0326283 105.146 -42.1584 617.161 
