Lower Arm R
-0.0148834 -0.327094 -0.944875 0.327094 0.891393 -0.313732 0.944875 -0.313732 0.0937236 43.3573 -12.3442 -85.718 
0.989325 -0.14328 -0.0266107 0.062022 0.248737 0.966583 -0.131873 -0.957914 0.254968 -176.388 -105.413 620.107 
0.98847 -0.147693 -0.0333978 0.0687241 0.241044 0.968078 -0.134929 -0.95921 0.248414 -176.071 -106.368 620.031 
0.988531 -0.146772 -0.0355689 0.0696029 0.233767 0.969798 -0.134025 -0.96115 0.241301 -175.747 -106.458 619.639 
0.988269 -0.149006 -0.0335147 0.0678509 0.231753 0.970405 -0.13683 -0.961294 0.239144 -175.621 -106.473 619.683 
0.987963 -0.151065 -0.0332991 0.0675075 0.227363 0.971468 -0.139184 -0.962021 0.234823 -175.29 -106.61 619.679 
0.987827 -0.153748 -0.0236658 0.059321 0.23168 0.970982 -0.143804 -0.960565 0.23798 -175.016 -105.341 619.877 
0.987071 -0.157438 -0.0300996 0.0658011 0.226772 0.971723 -0.14616 -0.961138 0.234199 -174.861 -106.104 619.935 
0.986663 -0.159216 -0.0338777 0.0691838 0.221779 0.97264 -0.147347 -0.96201 0.229836 -174.901 -106.564 620.096 
0.986402 -0.16206 -0.0273623 0.0635403 0.222492 0.972862 -0.151575 -0.96137 0.229764 -174.95 -105.688 620.41 
0.986578 -0.161988 -0.0206226 0.0578491 0.228611 0.971798 -0.152706 -0.959946 0.234913 -175.24 -104.804 620.794 
0.986291 -0.163272 -0.0239579 0.0606665 0.223738 0.972759 -0.153465 -0.960876 0.230575 -175.381 -105.458 620.938 
0.986123 -0.164751 -0.0204749 0.0570537 0.220489 0.973719 -0.155907 -0.961374 0.226828 -175.087 -105.595 621.173 
0.986193 -0.164117 -0.0221418 0.058675 0.221254 0.97345 -0.154861 -0.961307 0.227828 -174.669 -105.713 621.052 
0.986137 -0.164289 -0.0233451 0.060247 0.223391 0.972865 -0.154617 -0.960783 0.230191 -174.546 -105.804 621.01 
0.986062 -0.164354 -0.0259102 0.0620033 0.21847 0.973872 -0.154399 -0.961903 0.225615 -174.203 -106.243 620.729 
0.986247 -0.164454 -0.0165093 0.052459 0.216745 0.974818 -0.156735 -0.962276 0.22239 -174.572 -105.442 620.629 
0.98589 -0.166145 -0.0204246 0.0559481 0.212056 0.975655 -0.157769 -0.96303 0.218358 -174.397 -106.218 620.368 
0.985428 -0.168961 -0.0196503 0.055924 0.212716 0.975513 -0.160644 -0.962395 0.219064 -173.975 -106.303 620.249 
0.985091 -0.171144 -0.0175308 0.0542272 0.212184 0.975724 -0.16327 -0.962126 0.218301 -173.787 -106.65 620.295 
0.985253 -0.170648 -0.0125664 0.0490814 0.211498 0.976145 -0.16392 -0.962365 0.216754 -173.131 -106.417 620.249 
0.984539 -0.175033 -0.00688728 0.0442777 0.210634 0.976562 -0.16948 -0.961767 0.215127 -172.928 -106.201 620.454 
0.983598 -0.180354 -0.00304615 0.0414646 0.209641 0.976899 -0.175549 -0.961001 0.21368 -173.031 -106.31 620.606 
0.983105 -0.183039 -0.00159122 0.0399218 0.205924 0.977753 -0.17864 -0.961296 0.209752 -173.022 -106.506 620.542 
0.980937 -0.194329 0.000589638 0.0400743 0.205258 0.977887 -0.190154 -0.959221 0.209132 -172.51 -106.618 620.935 
0.97935 -0.201991 0.00857249 0.0336673 0.204755 0.978234 -0.19935 -0.957744 0.207327 -172.23 -106.175 621.236 
0.978582 -0.205414 0.0135793 0.0296557 0.205942 0.978115 -0.203715 -0.956761 0.207622 -172.143 -105.987 621.278 
0.977305 -0.211612 0.00986196 0.0339257 0.202298 0.978736 -0.209108 -0.956188 0.204885 -171.586 -106.417 621.366 
0.976334 -0.215744 0.0151063 0.0302699 0.20548 0.978193 -0.214144 -0.954584 0.207147 -170.763 -105.444 621.586 
0.976856 -0.213292 0.0161048 0.0297674 0.210121 0.977222 -0.211819 -0.954125 0.211606 -170.417 -105.147 621.401 
0.976857 -0.213005 0.0195101 0.0268234 0.212487 0.976796 -0.212209 -0.953665 0.213282 -169.483 -104.688 621.396 
0.975806 -0.216788 0.0283903 0.0194908 0.215589 0.97629 -0.217769 -0.952115 0.214598 -169.107 -104.022 621.853 
0.975195 -0.219987 0.024539 0.0228636 0.210378 0.977353 -0.220168 -0.952547 0.210189 -168.1 -104.651 622.062 
0.974208 -0.223239 0.0329382 0.0153085 0.211016 0.977363 -0.225136 -0.951649 0.20899 -167.945 -104.366 622.316 
0.972722 -0.228465 0.0402096 0.00972439 0.213345 0.976929 -0.231773 -0.949888 0.209746 -167.489 -104.158 622.646 
0.972736 -0.227859 0.0431926 0.00679097 0.214151 0.976777 -0.231817 -0.949852 0.209859 -166.543 -103.928 622.633 
0.97216 -0.229132 0.0490288 0.00225667 0.218388 0.97586 -0.234309 -0.94858 0.212824 -166.014 -103.414 622.816 
0.972026 -0.229795 0.0485988 0.00258708 0.217377 0.976084 -0.234864 -0.948652 0.21189 -165.78 -103.516 622.95 
0.971932 -0.23033 0.0479334 0.0015408 0.209973 0.977706 -0.23526 -0.950189 0.204434 -165.311 -103.732 623.038 
0.971517 -0.230818 0.0536572 -0.00414068 0.209862 0.977722 -0.236937 -0.950095 0.202928 -164.39 -103.337 623.185 
0.972271 -0.228464 0.0499507 -0.00235083 0.204036 0.978961 -0.233849 -0.951931 0.197841 -163.412 -104.306 623.182 
0.972262 -0.228391 0.0504493 -0.00380344 0.200228 0.979742 -0.233866 -0.952757 0.193804 -161.726 -104.657 623.191 
0.972058 -0.228469 0.0539062 -0.00879904 0.194019 0.980958 -0.234578 -0.954022 0.186587 -160.415 -104.519 623.21 
0.97205 -0.229232 0.0507145 -0.00740705 0.185965 0.982529 -0.234659 -0.955442 0.179069 -158.863 -104.907 623.027 
0.972719 -0.22647 0.0503076 -0.00860713 0.181476 0.983358 -0.231831 -0.956962 0.174575 -157.234 -105.198 622.654 
0.972468 -0.225075 0.0603989 -0.019719 0.178779 0.983692 -0.232203 -0.957799 0.169417 -155.651 -104.646 622.587 
0.971426 -0.228762 0.0632481 -0.0229717 0.174614 0.984369 -0.236231 -0.957694 0.164369 -153.317 -105.05 622.736 
0.971099 -0.230491 0.061979 -0.0223438 0.170748 0.985061 -0.237631 -0.957976 0.160662 -151.08 -105.295 622.549 
0.970032 -0.23368 0.0665737 -0.0278986 0.165065 0.985888 -0.241372 -0.958199 0.153599 -149.163 -105.355 622.475 
0.968952 -0.23522 0.0761877 -0.0376877 0.164034 0.985735 -0.244362 -0.958 0.150076 -147.417 -104.867 622.213 
0.967098 -0.241791 0.0791157 -0.0404511 0.160883 0.986144 -0.25117 -0.956897 0.145809 -145.668 -105.094 622.111 
0.966679 -0.243584 0.0787372 -0.0411492 0.155724 0.986943 -0.252666 -0.957296 0.140511 -144.227 -105.405 621.797 
0.966692 -0.242104 0.0830201 -0.0459197 0.155049 0.986839 -0.25179 -0.957781 0.138767 -143.165 -105.237 621.514 
0.966512 -0.243498 0.0810218 -0.0441021 0.153424 0.987176 -0.252806 -0.957689 0.137547 -141.229 -105.225 621.557 
0.966125 -0.245019 0.0810447 -0.042923 0.157108 0.986648 -0.254481 -0.956704 0.141268 -140.099 -105.178 621.94 
0.965892 -0.246115 0.0805081 -0.0420728 0.15762 0.986603 -0.255508 -0.956338 0.141888 -139.524 -105.038 622.056 
0.964762 -0.247592 0.0890739 -0.0495881 0.161376 0.985646 -0.258413 -0.95533 0.143411 -138.758 -103.941 622.438 
0.96418 -0.249243 0.0907509 -0.0527015 0.155307 0.98646 -0.259963 -0.955906 0.136608 -138.308 -104.478 622.851 
0.963374 -0.250998 0.0944056 -0.056189 0.155297 0.986269 -0.262213 -0.955449 0.135505 -137.351 -104.489 623.172 
0.9629 -0.252639 0.0948539 -0.0571705 0.152542 0.986642 -0.263734 -0.95546 0.132439 -135.728 -104.175 623.156 
0.963178 -0.253542 0.0894751 -0.0544283 0.142031 0.988365 -0.2633 -0.95684 0.123 -135.284 -104.908 623.213 
0.962208 -0.256649 0.0910414 -0.0551399 0.143777 0.988073 -0.266678 -0.95575 0.124192 -135.509 -104.778 623.537 
0.960783 -0.261422 0.0924936 -0.0578099 0.137396 0.988828 -0.271211 -0.955395 0.116894 -134.975 -104.326 623.733 
0.960349 -0.264067 0.0894407 -0.0563844 0.130223 0.98988 -0.273042 -0.955672 0.11017 -135.09 -104.328 623.729 
0.96015 -0.267619 0.0805844 -0.0519322 0.11248 0.992296 -0.274621 -0.956937 0.0940993 -135.364 -104.983 623.953 
0.957629 -0.278328 0.0740387 -0.0476973 0.100261 0.993817 -0.284031 -0.955238 0.0827367 -135.694 -104.615 624.364 
0.954235 -0.29257 0.0619722 -0.0401458 0.0800345 0.995983 -0.296355 -0.952889 0.0646256 -135.184 -104.907 624.784 
0.951503 -0.303453 0.050592 -0.0375399 0.0486989 0.998108 -0.305343 -0.951601 0.0349449 -135.243 -104.594 624.917 
0.947678 -0.314007 0.057508 -0.0465326 0.0423466 0.998019 -0.315821 -0.948475 0.0255188 -132.359 -102.217 624.415 
0.946195 -0.318925 0.054797 -0.0449381 0.0381981 0.998259 -0.320464 -0.947009 0.0218103 -131.666 -101.963 624.29 
0.943758 -0.327276 0.047046 -0.0414709 0.0239995 0.998851 -0.328029 -0.944624 0.00907672 -132.145 -101.669 624.559 
0.940442 -0.338005 0.0363745 -0.0330419 0.0156125 0.999332 -0.338347 -0.941014 0.00351373 -133.202 -101.81 624.917 
0.937678 -0.346071 0.0315449 -0.0277066 0.0160364 0.999487 -0.3464 -0.938071 0.00544797 -134.355 -101.541 624.632 
0.936641 -0.3493 0.0263369 -0.0265844 0.00408895 0.999638 -0.349281 -0.937002 -0.00545661 -134.721 -100.991 624.009 
0.934349 -0.356186 0.0111152 -0.016989 -0.0133643 0.999766 -0.355955 -0.934319 -0.0185387 -134.209 -100.5 623.609 
0.934517 -0.355899 -0.00392582 -0.00943611 -0.0357978 0.999314 -0.355796 -0.933838 -0.0368125 -134.776 -100.64 623.169 
0.93538 -0.352506 -0.0283588 0.00663546 -0.0626792 0.998012 -0.353583 -0.933708 -0.0562904 -134.957 -100.739 622.839 
0.932951 -0.357838 -0.0394321 0.0102504 -0.0830814 0.99649 -0.359858 -0.93008 -0.0738434 -134.721 -100.153 623.129 
0.931795 -0.358235 -0.0585363 0.0236343 -0.101043 0.994601 -0.362216 -0.928147 -0.0856851 -134.664 -100.397 623.054 
0.93089 -0.359268 -0.0661161 0.0280933 -0.110045 0.993529 -0.364219 -0.926723 -0.0923472 -135.02 -99.8565 622.61 
0.930214 -0.357753 -0.0819553 0.0432333 -0.114934 0.992432 -0.364465 -0.926716 -0.0914467 -134.821 -99.9138 622.181 
0.928573 -0.360641 -0.0877042 0.0434405 -0.129072 0.990683 -0.368601 -0.92373 -0.104187 -135.17 -99.5461 622.573 
0.927859 -0.359449 -0.0993784 0.0432862 -0.160872 0.986025 -0.370413 -0.919193 -0.133708 -134.938 -99.3773 623.09 
0.92779 -0.355195 -0.114212 0.0547759 -0.173122 0.983376 -0.369063 -0.918621 -0.141165 -134.379 -99.8981 623.163 
0.926537 -0.355797 -0.122222 0.0567731 -0.188919 0.98035 -0.371896 -0.915269 -0.154841 -133.714 -98.8526 623.49 
0.926821 -0.351831 -0.131221 0.0593848 -0.207718 0.976384 -0.370779 -0.912725 -0.171625 -133.217 -98.797 623.854 
0.928115 -0.349132 -0.129272 0.0574278 -0.208814 0.976267 -0.36784 -0.913511 -0.173754 -132.816 -97.9603 623.5 
0.927404 -0.349697 -0.132801 0.0596629 -0.212191 0.975405 -0.369275 -0.912516 -0.175923 -132.175 -97.8645 623.568 
0.927431 -0.346185 -0.141524 0.0639626 -0.226014 0.972021 -0.368486 -0.910534 -0.18747 -132.581 -98.1402 624.128 
0.927492 -0.345377 -0.143088 0.0647047 -0.228662 0.971353 -0.368202 -0.91018 -0.189735 -132.899 -98.0964 624.619 
0.926377 -0.34579 -0.149188 0.0680612 -0.235895 0.969392 -0.370399 -0.908175 -0.194994 -133.065 -98.452 625.168 
0.926334 -0.344111 -0.153279 0.0704399 -0.241487 0.967844 -0.370061 -0.907342 -0.199459 -132.264 -98.3841 625.086 
0.92575 -0.346484 -0.151447 0.0704117 -0.23555 0.969308 -0.371523 -0.908 -0.193665 -131.254 -98.0169 624.733 
0.925493 -0.345373 -0.155503 0.0742071 -0.237257 0.968608 -0.371426 -0.907979 -0.193951 -130.375 -98.4029 624.705 
0.925629 -0.346254 -0.152712 0.0738164 -0.230584 0.970248 -0.371165 -0.909361 -0.187877 -129.802 -98.3419 624.665 
0.92623 -0.346092 -0.149395 0.072456 -0.22547 0.971552 -0.369931 -0.910704 -0.183761 -129.773 -98.5659 624.724 
0.928052 -0.341673 -0.148258 0.0754767 -0.217272 0.973188 -0.364725 -0.914359 -0.175852 -129.053 -99.0598 624.061 
0.930026 -0.34164 -0.135407 0.076016 -0.181649 0.980421 -0.359548 -0.922109 -0.142968 -129.204 -99.4901 623.707 
0.934596 -0.335937 -0.116955 0.0722495 -0.142662 0.987131 -0.348299 -0.931017 -0.10906 -130.164 -99.9808 623 
0.938974 -0.328559 -0.101873 0.0675208 -0.114346 0.991144 -0.337299 -0.937535 -0.0851841 -130.739 -100.29 622.183 
0.942556 -0.322615 -0.0866537 0.0637024 -0.0810503 0.994672 -0.32792 -0.943053 -0.0558437 -130.482 -100.436 621.24 
0.943308 -0.321647 -0.081939 0.0696259 -0.049618 0.996338 -0.324536 -0.945558 -0.0244107 -129.396 -101.613 620.772 
0.947251 -0.318992 -0.0309865 0.0305821 -0.00627505 0.999512 -0.319031 -0.947736 0.00381077 -126.324 -99.0391 619.131 
0.94961 -0.31331 -0.00890307 0.016908 0.0228445 0.999596 -0.31298 -0.949376 0.0269902 -125.629 -97.9315 618.356 
0.952352 -0.304481 0.0178526 -0.000168082 0.0580112 0.998316 -0.305005 -0.95075 0.0551952 -125.623 -97.6232 617.535 
0.954268 -0.296715 0.0365151 -0.0151666 0.0739389 0.997147 -0.298569 -0.952099 0.0660567 -126.497 -97.4079 617 
0.957989 -0.279993 0.0621461 -0.0364854 0.0959525 0.994717 -0.284478 -0.955194 0.0817051 -125.74 -96.3603 615.833 
0.959761 -0.268195 0.0832581 -0.0509103 0.125398 0.990799 -0.276169 -0.955168 0.106698 -125.884 -95.2942 615.554 
0.962304 -0.255605 0.0929413 -0.0569192 0.144894 0.987809 -0.265956 -0.955861 0.124882 -126.349 -94.2873 615.239 
0.964625 -0.243874 0.100128 -0.059427 0.168884 0.983843 -0.256844 -0.954988 0.148416 -128.49 -94.1961 615.022 
0.966104 -0.234516 0.107921 -0.0621058 0.194634 0.978908 -0.250576 -0.952428 0.173471 -129.67 -93.5664 614.9 
0.966996 -0.226938 0.115835 -0.0665231 0.213991 0.974568 -0.245955 -0.950108 0.191831 -130.588 -92.5298 614.93 
0.968457 -0.215408 0.125264 -0.07208 0.239039 0.968331 -0.23853 -0.946815 0.215972 -131.135 -91.5872 614.49 
0.969341 -0.207737 0.131243 -0.075702 0.255666 0.963797 -0.233771 -0.944182 0.2321 -131.941 -90.922 614.213 
0.969165 -0.20226 0.140749 -0.0848683 0.262263 0.961257 -0.231338 -0.943561 0.237011 -130.589 -89.6383 614.33 
0.9698 -0.19969 0.140043 -0.0878697 0.249572 0.964361 -0.227524 -0.947543 0.224488 -130.019 -89.2498 614.283 
0.970456 -0.193312 0.144385 -0.0934689 0.250488 0.963597 -0.222442 -0.948623 0.225018 -129.341 -88.4665 613.835 
0.970659 -0.191964 0.144814 -0.0947479 0.248188 0.964067 -0.221008 -0.949501 0.222717 -128.181 -88.2228 613.859 
0.971236 -0.190529 0.142831 -0.093215 0.247747 0.96433 -0.219119 -0.949905 0.22286 -128.409 -88.6332 613.73 
0.97045 -0.191268 0.147117 -0.0970616 0.248773 0.963686 -0.220921 -0.949488 0.222856 -128.71 -88.1229 613.557 
0.969628 -0.193065 0.15016 -0.0989953 0.251617 0.962751 -0.223656 -0.948374 0.224862 -129.694 -87.771 613.394 
0.968286 -0.202966 0.145701 -0.092387 0.250967 0.963577 -0.23214 -0.946478 0.224255 -132.329 -88.2956 613.929 
0.967146 -0.206018 0.148949 -0.0943288 0.253266 0.962787 -0.236075 -0.945205 0.225511 -132.37 -87.7804 613.995 
0.966808 -0.206378 0.150634 -0.0957308 0.254024 0.962449 -0.236894 -0.944923 0.225835 -132.544 -88.1478 614.16 
0.965428 -0.2096 0.154977 -0.10106 0.247079 0.963711 -0.240286 -0.946054 0.217354 -133.138 -88.4685 614.532 
0.965605 -0.204657 0.160387 -0.105751 0.254407 0.961298 -0.237541 -0.945194 0.224013 -134.029 -89.0438 614.576 
0.965728 -0.205911 0.158023 -0.102036 0.258628 0.960573 -0.238662 -0.943775 0.228753 -135.776 -89.9896 614.902 
0.965766 -0.205994 0.157682 -0.102958 0.253551 0.961827 -0.238111 -0.945133 0.223662 -136.651 -90.45 615 
0.965381 -0.209025 0.156044 -0.101735 0.249134 0.963111 -0.240191 -0.945643 0.219243 -138.307 -90.5743 615.613 
0.965687 -0.209182 0.153927 -0.0998901 0.247938 0.963613 -0.239735 -0.945922 0.218534 -139.959 -90.787 616.016 
0.96593 -0.211668 0.148922 -0.0946558 0.246622 0.964478 -0.240876 -0.945713 0.218183 -141.813 -91.4433 616.441 
0.966553 -0.210822 0.146046 -0.0914469 0.248728 0.964247 -0.239611 -0.94535 0.221129 -144.099 -91.8797 616.764 
0.965437 -0.216708 0.144809 -0.088777 0.248957 0.964437 -0.245053 -0.943958 0.221113 -145.881 -92.098 617.546 
0.964913 -0.219297 0.144406 -0.0889742 0.244356 0.965595 -0.247039 -0.944562 0.21627 -149.066 -92.3459 618.207 
0.961457 -0.233261 0.145567 -0.0875917 0.241997 0.966315 -0.260631 -0.94182 0.212238 -151.301 -92.9299 619.61 
0.961224 -0.235752 0.143073 -0.0868155 0.233743 0.968415 -0.261748 -0.943284 0.204212 -153.359 -93.4027 619.979 
0.960886 -0.235801 0.145248 -0.0880045 0.237309 0.96744 -0.262593 -0.942381 0.207274 -155.427 -93.2741 620.271 
0.960748 -0.241634 0.1363 -0.0778005 0.236922 0.968409 -0.266294 -0.940999 0.208822 -157.412 -94.6367 620.618 
0.961469 -0.24137 0.131597 -0.0737048 0.234843 0.969235 -0.26485 -0.941588 0.208004 -160.421 -94.9712 620.762 
0.961328 -0.247016 0.12179 -0.0627333 0.234195 0.970164 -0.268169 -0.940284 0.209641 -162.894 -95.7453 621.256 
0.961026 -0.252983 0.111485 -0.0526671 0.228343 0.972155 -0.271396 -0.940137 0.20612 -165.115 -96.2739 621.904 
0.960074 -0.256415 0.111854 -0.0528506 0.226389 0.972602 -0.274712 -0.93968 0.203798 -167.271 -95.7548 622.636 
0.960616 -0.258154 0.102832 -0.0445021 0.222363 0.973948 -0.274295 -0.940165 0.202116 -168.695 -96.8418 622.947 
0.959513 -0.262706 0.101599 -0.0434859 0.218221 0.97493 -0.278291 -0.939875 0.197961 -170.847 -97.081 623.258 
0.959952 -0.263611 0.0948797 -0.0386537 0.210804 0.976764 -0.277487 -0.941313 0.192171 -172.795 -97.9228 623.137 
0.958871 -0.268328 0.0925638 -0.0355903 0.20988 0.977079 -0.281605 -0.940186 0.191697 -174.763 -98.3712 623.381 
0.958438 -0.273058 0.0826871 -0.0252313 0.207566 0.977896 -0.284186 -0.939337 0.192048 -176.75 -100.168 623.712 
0.957669 -0.277507 0.0765518 -0.0192597 0.203565 0.978872 -0.287227 -0.938909 0.189603 -178.956 -100.96 624.066 
0.956651 -0.282773 0.069713 -0.0113808 0.20289 0.979136 -0.291018 -0.937483 0.190876 -180.722 -101.427 624.453 
0.955118 -0.288609 0.0667427 -0.00687206 0.203664 0.979017 -0.296147 -0.935534 0.192539 -181.999 -101.378 625.106 
0.95458 -0.290573 0.0659115 -0.00517929 0.205 0.978748 -0.29791 -0.934634 0.194184 -183.298 -100.857 625.553 
0.953923 -0.292736 0.0658612 -0.00477264 0.20467 0.97882 -0.300016 -0.934031 0.193841 -184.179 -100.431 625.998 
0.954285 -0.292222 0.0628214 -0.00132309 0.206047 0.978541 -0.298896 -0.93389 0.19624 -184.857 -100.325 626.181 
0.95402 -0.293211 0.0622487 -1.29009e-05 0.207634 0.978207 -0.299746 -0.933228 0.198083 -184.942 -100.371 626.461 
0.953559 -0.294001 0.0654934 -0.00260634 0.209376 0.977832 -0.301197 -0.93259 0.198886 -184.701 -99.8126 626.554 
0.953771 -0.294205 0.0613659 0.00102653 0.207378 0.97826 -0.300535 -0.932972 0.198093 -184.212 -100.303 626.546 
RFing.0_Hand
-0.461729 0.0039796 -0.887012 -0.0039796 0.999971 0.00655795 0.887012 0.00655795 -0.4617 32.7108 -9.73219 -73.4609 
0.834451 0.213762 -0.507935 0.531186 -0.0665615 0.844636 0.146743 -0.974616 -0.16909 -164.487 -94.1016 619.214 
0.82994 0.213896 -0.515217 0.539122 -0.0702268 0.839294 0.14334 -0.97433 -0.1736 -164.26 -94.972 619.028 
0.826371 0.218792 -0.518885 0.544316 -0.0741791 0.835594 0.144331 -0.972949 -0.180391 -163.956 -95.0465 618.57 
0.827715 0.21696 -0.51751 0.542866 -0.0761076 0.836363 0.142071 -0.97321 -0.180775 -163.817 -95.0813 618.556 
0.826451 0.21733 -0.519371 0.545196 -0.0787241 0.834604 0.140497 -0.972919 -0.183549 -163.492 -95.221 618.476 
0.832272 0.211214 -0.512554 0.537122 -0.0784239 0.83985 0.137192 -0.974289 -0.178718 -163.124 -94.0514 618.651 
0.827582 0.211369 -0.52003 0.54473 -0.0786741 0.834913 0.135562 -0.974236 -0.180248 -163.052 -94.7349 618.64 
0.823363 0.21186 -0.526488 0.551553 -0.0802497 0.83027 0.133651 -0.974 -0.182927 -163.14 -95.1518 618.738 
0.827636 0.208872 -0.520952 0.545385 -0.0800647 0.834353 0.132564 -0.974661 -0.18018 -163.131 -94.3435 619 
0.832448 0.205352 -0.514646 0.538098 -0.0779817 0.839267 0.132212 -0.975577 -0.175415 -163.348 -93.5299 619.426 
0.830011 0.20759 -0.517675 0.542081 -0.0818169 0.836334 0.13126 -0.974789 -0.180439 -163.53 -94.148 619.513 
0.830872 0.206403 -0.516768 0.541318 -0.084617 0.836549 0.128939 -0.974802 -0.182036 -163.205 -94.3273 619.678 
0.831156 0.206004 -0.51647 0.540801 -0.0835402 0.836992 0.129278 -0.974979 -0.180842 -162.803 -94.4263 619.58 
0.830851 0.205978 -0.516971 0.541001 -0.0812883 0.837084 0.130397 -0.975175 -0.178973 -162.692 -94.4998 619.567 
0.828132 0.208413 -0.520347 0.5453 -0.0846056 0.83396 0.129784 -0.974375 -0.183712 -162.378 -94.9157 619.239 
0.832178 0.209199 -0.513532 0.538833 -0.0864445 0.837965 0.13091 -0.974046 -0.18466 -162.647 -94.2278 619.075 
0.830613 0.208277 -0.516432 0.541943 -0.089208 0.835667 0.127981 -0.973994 -0.186972 -162.52 -94.9608 618.758 
0.82831 0.210484 -0.519229 0.544823 -0.0864883 0.834079 0.130653 -0.973765 -0.186315 -162.101 -95.0465 618.611 
0.826734 0.210098 -0.52189 0.547348 -0.0858903 0.832486 0.130079 -0.973901 -0.186005 -161.9 -95.413 618.617 
0.827458 0.210865 -0.520432 0.546169 -0.0869442 0.833151 0.130434 -0.973642 -0.18711 -161.19 -95.2422 618.546 
0.828247 0.209356 -0.519786 0.545149 -0.0863576 0.833879 0.129691 -0.974019 -0.185656 -160.945 -95.0836 618.666 
0.827793 0.207711 -0.521167 0.546026 -0.0848555 0.833459 0.128895 -0.974504 -0.183658 -161.031 -95.2273 618.727 
0.829056 0.206632 -0.519587 0.544428 -0.0863592 0.83435 0.127532 -0.974601 -0.184092 -161.018 -95.4404 618.583 
0.830923 0.198858 -0.519637 0.542708 -0.0838541 0.835725 0.122617 -0.976435 -0.177598 -160.532 -95.5511 618.829 
0.8316 0.197337 -0.519133 0.541966 -0.0841916 0.836172 0.121302 -0.976715 -0.176964 -160.204 -95.1863 618.998 
0.837257 0.193056 -0.511596 0.533272 -0.0813853 0.84202 0.120921 -0.977807 -0.171092 -160.082 -95.0477 618.99 
0.833567 0.191544 -0.518148 0.539873 -0.0837105 0.837573 0.117058 -0.977909 -0.173187 -159.592 -95.4244 618.982 
0.839125 0.186545 -0.510951 0.531481 -0.0812988 0.84316 0.115748 -0.979078 -0.167365 -158.734 -94.4969 619.166 
0.838715 0.188455 -0.510923 0.531329 -0.0775501 0.843608 0.11936 -0.979016 -0.165174 -158.367 -94.2071 619.057 
0.839485 0.192298 -0.508219 0.52909 -0.0761647 0.845141 0.123811 -0.978377 -0.165682 -157.398 -93.7852 619.066 
0.845592 0.186418 -0.500222 0.519761 -0.0738066 0.851117 0.121745 -0.979695 -0.159303 -156.95 -93.2106 619.469 
0.843884 0.185709 -0.50336 0.523092 -0.0761664 0.848866 0.119303 -0.979649 -0.161418 -155.997 -93.7962 619.602 
0.849382 0.181265 -0.495675 0.514832 -0.0778208 0.853751 0.116182 -0.980351 -0.159421 -155.773 -93.6047 619.783 
0.850965 0.177144 -0.494449 0.512968 -0.0781393 0.854844 0.112794 -0.981079 -0.157363 -155.27 -93.4671 620.04 
0.852187 0.17876 -0.491755 0.510472 -0.0777081 0.856376 0.114873 -0.98082 -0.157474 -154.292 -93.2738 620.028 
0.854755 0.175872 -0.488327 0.506284 -0.0752819 0.859074 0.114325 -0.981531 -0.153389 -153.712 -92.8182 620.213 
0.85615 0.174689 -0.486303 0.504216 -0.0765946 0.860174 0.113015 -0.981641 -0.153657 -153.486 -92.9153 620.33 
0.858063 0.172824 -0.48359 0.502102 -0.0846605 0.860654 0.107801 -0.981308 -0.159419 -153.026 -93.1424 620.332 
0.864357 0.166802 -0.474409 0.492293 -0.0881237 0.865957 0.102637 -0.982045 -0.158286 -152.052 -92.8187 620.443 
0.8625 0.167798 -0.477429 0.496086 -0.0939907 0.863171 0.0999646 -0.981331 -0.164309 -151.097 -93.7639 620.422 
0.861308 0.168761 -0.479238 0.498638 -0.09974 0.861053 0.0975135 -0.980598 -0.170057 -149.407 -94.1325 620.388 
0.865279 0.167061 -0.472634 0.492335 -0.105796 0.863952 0.0943306 -0.980255 -0.173793 -148.063 -94.0577 620.321 
0.86225 0.166403 -0.478366 0.498653 -0.113494 0.859339 0.0887058 -0.979505 -0.180837 -146.546 -94.4277 620.055 
0.86644 0.166879 -0.470566 0.491408 -0.118325 0.862854 0.0883132 -0.978853 -0.184527 -144.907 -94.7333 619.668 
0.873466 0.164866 -0.458122 0.479423 -0.127147 0.868324 0.0849084 -0.978087 -0.190099 -143.219 -94.3236 619.542 
0.871463 0.162307 -0.462827 0.484037 -0.132391 0.864974 0.0791172 -0.977819 -0.193936 -140.876 -94.7696 619.587 
0.869038 0.162148 -0.467419 0.488834 -0.135819 0.861739 0.0762452 -0.977375 -0.197296 -138.66 -95.0071 619.343 
0.874734 0.156932 -0.45849 0.479271 -0.140188 0.866399 0.0716915 -0.97761 -0.19784 -136.715 -95.1392 619.149 
0.877453 0.15552 -0.453752 0.474666 -0.145333 0.868084 0.0690596 -0.977084 -0.201343 -134.886 -94.7783 618.813 
0.878708 0.14747 -0.454009 0.473674 -0.151422 0.867585 0.0591967 -0.977408 -0.202908 -133.143 -95.0422 618.582 
0.878577 0.146204 -0.454672 0.474362 -0.156448 0.866317 0.0555265 -0.976806 -0.206805 -131.714 -95.3636 618.195 
0.88269 0.14644 -0.446557 0.466542 -0.158742 0.870138 0.0565357 -0.976401 -0.20844 -130.605 -95.2579 617.903 
0.877935 0.147749 -0.455412 0.475694 -0.161371 0.864682 0.0542665 -0.975772 -0.211956 -128.695 -95.223 617.921 
0.877047 0.145123 -0.45796 0.477492 -0.158539 0.864215 0.0528133 -0.97663 -0.208341 -127.572 -95.1595 618.323 
0.878709 0.143732 -0.455206 0.474415 -0.157217 0.866148 0.0529276 -0.977049 -0.206336 -127.007 -95.008 618.434 
0.885727 0.136432 -0.443705 0.461633 -0.15836 0.872821 0.0488155 -0.977911 -0.203245 -126.17 -94.0088 618.797 
0.88678 0.131873 -0.442978 0.46021 -0.163307 0.872661 0.0427397 -0.977723 -0.205507 -125.713 -94.5879 619.118 
0.888277 0.127219 -0.441338 0.457769 -0.16661 0.87332 0.0375722 -0.977782 -0.206233 -124.731 -94.6451 619.401 
0.888636 0.126606 -0.440792 0.457184 -0.16871 0.873224 0.0361894 -0.977502 -0.207804 -123.113 -94.345 619.334 
0.888878 0.122141 -0.441563 0.457304 -0.178221 0.871269 0.0277224 -0.976381 -0.214272 -122.723 -95.0458 619.295 
0.889447 0.116474 -0.441949 0.456507 -0.179763 0.871371 0.0220458 -0.976791 -0.213061 -122.951 -94.9243 619.592 
0.891546 0.111061 -0.439104 0.452686 -0.18664 0.871918 0.014882 -0.976131 -0.216674 -122.428 -94.5111 619.655 
0.890826 0.105946 -0.44182 0.4543 -0.19405 0.869457 0.00638051 -0.975255 -0.220996 -122.585 -94.498 619.558 
0.88728 0.103136 -0.449552 0.461189 -0.211397 0.861752 -0.00615543 -0.971944 -0.235133 -122.961 -95.1068 619.593 
0.884196 0.096872 -0.456961 0.46678 -0.220329 0.856488 -0.0177118 -0.970604 -0.240032 -123.412 -94.6934 619.77 
0.865841 0.0947682 -0.491263 0.498921 -0.236906 0.833638 -0.0373801 -0.9669 -0.252404 -123.098 -94.9076 619.852 
0.855259 0.0937066 -0.509658 0.515404 -0.255866 0.817858 -0.0537648 -0.962161 -0.267128 -123.331 -94.6017 619.565 
0.863417 0.0870782 -0.496919 0.501313 -0.258469 0.825759 -0.056532 -0.962088 -0.26682 -120.444 -92.3513 618.839 
0.862269 0.0816804 -0.49982 0.50247 -0.26145 0.824116 -0.0633631 -0.961756 -0.266482 -119.808 -92.0827 618.621 
0.862218 0.0725958 -0.501308 0.500954 -0.26874 0.822693 -0.0749972 -0.960474 -0.26808 -120.414 -91.7667 618.667 
0.856711 0.0592452 -0.512383 0.507379 -0.275535 0.816485 -0.0928062 -0.959464 -0.266114 -121.645 -91.8135 618.844 
0.855646 0.0466347 -0.515456 0.50711 -0.274673 0.816942 -0.103483 -0.960407 -0.258671 -122.899 -91.4745 618.484 
0.853215 0.0450371 -0.519611 0.509684 -0.283377 0.812354 -0.110659 -0.957951 -0.264736 -123.339 -90.9329 617.713 
0.844723 0.0473843 -0.533102 0.521856 -0.293988 0.800773 -0.118781 -0.954635 -0.273066 -123.027 -90.3535 617.099 
0.837685 0.052514 -0.543623 0.531389 -0.308243 0.789057 -0.126131 -0.949858 -0.286116 -123.747 -90.4471 616.472 
0.830671 0.0569268 -0.553846 0.539603 -0.327392 0.775657 -0.137168 -0.943173 -0.302672 -124.165 -90.4106 615.967 
0.825369 0.0559393 -0.561815 0.544321 -0.343094 0.765507 -0.149933 -0.937635 -0.313628 -124.085 -89.8348 616.003 
0.819062 0.0560319 -0.570962 0.55084 -0.354969 0.755362 -0.160349 -0.933198 -0.321606 -124.241 -89.965 615.779 
0.818737 0.0586668 -0.571163 0.55106 -0.359664 0.752977 -0.161251 -0.931237 -0.326799 -124.69 -89.397 615.243 
0.813301 0.0646973 -0.578236 0.560283 -0.355112 0.748317 -0.156924 -0.932583 -0.325061 -124.661 -89.2847 614.821 
0.812054 0.0643289 -0.580026 0.560145 -0.364762 0.743765 -0.163726 -0.928877 -0.33224 -125.096 -88.9603 615.034 
0.808223 0.0697949 -0.584726 0.561453 -0.390816 0.729406 -0.177611 -0.91782 -0.355053 -124.992 -88.9043 615.23 
0.802111 0.0781491 -0.59204 0.569977 -0.395976 0.719951 -0.17817 -0.91493 -0.36216 -124.58 -89.332 615.244 
0.796789 0.0807672 -0.598836 0.57459 -0.407988 0.709501 -0.187013 -0.909409 -0.371488 -124.015 -88.3238 615.4 
0.793947 0.0860521 -0.601866 0.576004 -0.423303 0.699309 -0.194594 -0.901893 -0.385646 -123.6 -88.3135 615.608 
0.796568 0.0883982 -0.598052 0.573485 -0.423519 0.701246 -0.191297 -0.901565 -0.388056 -123.157 -87.5048 615.268 
0.794029 0.0882657 -0.601438 0.575796 -0.4264 0.697598 -0.194878 -0.900219 -0.389396 -122.563 -87.3964 615.298 
0.788834 0.0886043 -0.608186 0.578801 -0.439918 0.686631 -0.206713 -0.893657 -0.398306 -123.052 -87.6803 615.751 
0.786061 0.0847114 -0.612317 0.579538 -0.445592 0.682336 -0.215041 -0.89122 -0.399356 -123.384 -87.6394 616.223 
0.783072 0.0801166 -0.61675 0.5793 -0.454787 0.676446 -0.226295 -0.88699 -0.402542 -123.629 -87.9872 616.693 
0.783328 0.0836477 -0.615955 0.578859 -0.459284 0.673781 -0.226537 -0.884343 -0.40819 -122.867 -87.9164 616.571 
0.783961 0.0829044 -0.61525 0.578595 -0.456784 0.675704 -0.225017 -0.885707 -0.406069 -121.85 -87.5227 616.258 
0.783034 0.0816874 -0.616591 0.578613 -0.459347 0.673949 -0.228176 -0.884494 -0.40695 -121.014 -87.8715 616.229 
0.785598 0.075325 -0.614136 0.574811 -0.456162 0.679345 -0.228973 -0.886704 -0.401657 -120.412 -87.7854 616.253 
0.785699 0.0747855 -0.614072 0.574714 -0.455506 0.679867 -0.228868 -0.887087 -0.40087 -120.341 -88.0028 616.367 
0.786506 0.08061 -0.612299 0.577344 -0.447986 0.682629 -0.219274 -0.8904 -0.398883 -119.578 -88.4256 615.845 
0.796114 0.0700983 -0.601073 0.569009 -0.424816 0.704103 -0.205988 -0.902563 -0.378088 -119.57 -88.704 615.883 
0.80564 0.0638208 -0.588957 0.561473 -0.399315 0.724773 -0.188923 -0.914591 -0.357537 -120.269 -89.0958 615.652 
0.817934 0.0620022 -0.571961 0.548911 -0.381818 0.743581 -0.172281 -0.922156 -0.346335 -120.618 -89.3672 615.208 
0.829909 0.0636436 -0.554257 0.538075 -0.353787 0.765055 -0.147397 -0.933159 -0.327855 -120.146 -89.4592 614.678 
0.829076 0.0644269 -0.555411 0.543342 -0.327255 0.7731 -0.131952 -0.942738 -0.306325 -119 -90.483 614.574 
0.848657 0.062881 -0.525193 0.518127 -0.298593 0.80149 -0.10642 -0.952308 -0.285983 -115.344 -88.2823 613.291 
0.860733 0.0546258 -0.506118 0.499776 -0.279665 0.819763 -0.0967627 -0.958543 -0.268017 -114.379 -87.2888 612.83 
0.869174 0.049816 -0.49199 0.487025 -0.258632 0.834216 -0.0856866 -0.964691 -0.249058 -114.043 -87.1397 612.399 
0.873503 0.0526775 -0.48396 0.480764 -0.249641 0.840563 -0.0765371 -0.966905 -0.243388 -114.683 -87.0942 612.056 
0.885726 0.0588049 -0.460468 0.460404 -0.238003 0.855209 -0.0593019 -0.969483 -0.237879 -113.58 -86.2971 611.223 
0.894807 0.0624176 -0.442069 0.444576 -0.215279 0.869486 -0.0408965 -0.974557 -0.220382 -113.459 -85.3955 611.308 
0.898436 0.0721858 -0.43313 0.438515 -0.198564 0.876514 -0.0227318 -0.977427 -0.210052 -113.767 -84.457 611.309 
0.901427 0.0738313 -0.426588 0.432768 -0.180623 0.883225 -0.0118415 -0.980778 -0.19477 -115.782 -84.3915 611.453 
0.908051 0.0793541 -0.411275 0.41881 -0.156888 0.894418 0.00645211 -0.984424 -0.175696 -116.844 -83.7961 611.676 
0.912059 0.0841612 -0.401329 0.409562 -0.138856 0.901653 0.0201578 -0.986731 -0.161114 -117.653 -82.8223 611.959 
0.916852 0.089892 -0.388976 0.397604 -0.117812 0.909962 0.0359726 -0.98896 -0.143758 -118.061 -81.9653 611.869 
0.920418 0.0929823 -0.379717 0.388205 -0.102792 0.915822 0.0461237 -0.990348 -0.130708 -118.779 -81.3601 611.826 
0.920562 0.100297 -0.3775 0.386702 -0.0978905 0.916994 0.0550189 -0.990131 -0.128899 -117.319 -80.2052 612.025 
0.917168 0.107845 -0.38363 0.394393 -0.107799 0.912597 0.0570645 -0.988307 -0.141403 -116.743 -79.8472 611.889 
0.917887 0.115433 -0.379681 0.391397 -0.105399 0.914166 0.0655068 -0.987708 -0.141925 -116 -79.1406 611.508 
0.914579 0.124984 -0.38461 0.397611 -0.10428 0.911609 0.0738301 -0.986664 -0.145067 -114.83 -78.9126 611.524 
0.909896 0.131602 -0.393408 0.40716 -0.101732 0.907673 0.0794297 -0.98607 -0.146148 -115.068 -79.3018 611.42 
0.911696 0.132537 -0.388902 0.40263 -0.099633 0.909924 0.0818515 -0.986159 -0.144198 -115.336 -78.8446 611.225 
0.913055 0.128148 -0.387181 0.400301 -0.0999441 0.910917 0.078036 -0.986707 -0.142552 -116.302 -78.5212 611.05 
0.911243 0.121848 -0.393432 0.405505 -0.0981501 0.908808 0.0721214 -0.987685 -0.138848 -119.02 -78.9553 611.476 
0.910873 0.124628 -0.393417 0.405438 -0.0923664 0.909444 0.077004 -0.987896 -0.134663 -119.048 -78.4683 611.508 
0.908573 0.127191 -0.397891 0.410087 -0.0902632 0.907569 0.07952 -0.987764 -0.13417 -119.21 -78.8553 611.667 
0.912162 0.123982 -0.390627 0.402787 -0.0952584 0.910323 0.0756535 -0.987702 -0.136829 -119.782 -79.2437 611.906 
0.912999 0.127564 -0.387505 0.399886 -0.0917706 0.911959 0.0807718 -0.987576 -0.134797 -120.605 -79.8888 612.055 
0.908454 0.131972 -0.396605 0.409041 -0.0854455 0.908507 0.0860098 -0.987565 -0.131605 -122.377 -80.787 612.419 
0.907684 0.134226 -0.39761 0.410872 -0.091423 0.907097 0.0854053 -0.986725 -0.138133 -123.255 -81.256 612.469 
0.905912 0.13505 -0.401355 0.414797 -0.0922005 0.90523 0.0852469 -0.986541 -0.139544 -124.939 -81.3602 613.009 
0.904218 0.139188 -0.403752 0.417559 -0.0897283 0.904208 0.0896272 -0.986193 -0.139253 -126.61 -81.5469 613.409 
0.902526 0.141067 -0.406874 0.42074 -0.0874819 0.902953 0.0917834 -0.986128 -0.138307 -128.517 -82.1308 613.816 
0.900538 0.144328 -0.410122 0.423977 -0.0825848 0.901899 0.0962996 -0.986079 -0.135562 -130.824 -82.525 614.187 
0.900574 0.137062 -0.41253 0.425423 -0.082845 0.901195 0.0893442 -0.987093 -0.132917 -132.644 -82.7073 614.903 
0.900101 0.131317 -0.415421 0.42829 -0.0917939 0.898967 0.0799169 -0.987082 -0.138865 -135.845 -82.9547 615.487 
0.900576 0.118985 -0.418097 0.429143 -0.0900939 0.898732 0.0692677 -0.988801 -0.132198 -138.14 -83.5184 616.683 
0.89991 0.115887 -0.420396 0.431585 -0.0986908 0.896657 0.0624224 -0.988348 -0.138828 -140.231 -83.9759 616.951 
0.901221 0.115899 -0.417574 0.428483 -0.094172 0.898629 0.0648268 -0.988788 -0.13453 -142.28 -83.8654 617.267 
0.894713 0.114369 -0.43175 0.442282 -0.0921484 0.89213 0.062247 -0.989156 -0.133029 -144.372 -85.0901 617.585 
0.893057 0.114593 -0.435107 0.445715 -0.0930424 0.890327 0.0615424 -0.989047 -0.134168 -147.42 -85.3686 617.738 
0.887337 0.113272 -0.446993 0.457228 -0.0904203 0.884741 0.0597992 -0.989442 -0.132024 -150.008 -85.9961 618.21 
0.884153 0.11002 -0.454059 0.46392 -0.091834 0.881104 0.0552416 -0.989679 -0.132236 -152.352 -86.3888 618.781 
0.884809 0.107092 -0.45348 0.462853 -0.0899413 0.88186 0.0536538 -0.990174 -0.129149 -154.523 -85.8712 619.448 
0.879639 0.112478 -0.462151 0.472278 -0.0912086 0.876718 0.05646 -0.98946 -0.133352 -156.037 -86.847 619.746 
0.880291 0.104605 -0.462759 0.471952 -0.0934447 0.876658 0.0484611 -0.990115 -0.131627 -158.225 -87.0713 619.964 
0.877173 0.101729 -0.469275 0.478349 -0.0999818 0.87246 0.0418355 -0.989776 -0.136363 -160.239 -87.8478 619.79 
0.877441 0.0956924 -0.470044 0.478319 -0.10066 0.872398 0.0361674 -0.990309 -0.134095 -162.253 -88.2561 619.979 
0.869886 0.0971505 -0.483591 0.492019 -0.101609 0.864634 0.0348628 -0.99007 -0.136188 -164.358 -89.9184 620.283 
0.866642 0.094442 -0.48991 0.49794 -0.101914 0.861202 0.0314055 -0.990301 -0.135349 -166.645 -90.633 620.574 
0.863073 0.0929252 -0.496458 0.504147 -0.0987964 0.857948 0.0306772 -0.99076 -0.132116 -168.506 -90.9998 620.929 
0.862116 0.0862448 -0.499317 0.506067 -0.0968997 0.857034 0.0255314 -0.991551 -0.127184 -169.845 -90.8937 621.539 
0.863688 0.0841114 -0.496959 0.503375 -0.0938504 0.858956 0.0256086 -0.992028 -0.123397 -171.163 -90.3509 621.982 
0.864246 0.0816265 -0.496403 0.50249 -0.0927237 0.859597 0.0241379 -0.992341 -0.121152 -172.057 -89.9198 622.399 
0.866136 0.0792544 -0.493485 0.499277 -0.0916847 0.861578 0.0230392 -0.99263 -0.118981 -172.761 -89.7706 622.621 
0.86657 0.074877 -0.493406 0.498679 -0.0915285 0.861941 0.0193792 -0.992984 -0.116655 -172.858 -89.8009 622.911 
0.869425 0.0719986 -0.488791 0.493743 -0.090915 0.864842 0.0178293 -0.993253 -0.114592 -172.59 -89.2753 622.995 
0.866502 0.0721578 -0.493931 0.498912 -0.0931814 0.861629 0.0161485 -0.993032 -0.116742 -172.141 -89.7196 622.986 
RFing.0_0
-0.546612 -0.125744 -0.827891 0.125744 0.965126 -0.229609 0.827891 -0.229609 -0.511738 0.327304 -10.0113 -11.2501 
0.86283 0.0309872 -0.504545 0.499602 0.0996901 0.860499 0.0769617 -0.994537 0.0705337 -105.963 -56.8465 629.505 
0.86375 0.0325241 -0.502871 0.498016 0.0972292 0.8617 0.0769188 -0.994731 0.0677836 -106.052 -57.1602 629.081 
0.862011 0.0409349 -0.505235 0.500031 0.0947413 0.860809 0.0831029 -0.994661 0.0611987 -105.998 -56.8705 628.692 
0.865455 0.0414932 -0.499267 0.494033 0.0947842 0.864261 0.0831826 -0.994633 0.0615318 -105.765 -57.007 628.52 
0.865421 0.0442885 -0.499086 0.493798 0.0934225 0.864543 0.0849142 -0.994642 0.0589796 -105.528 -56.9833 628.329 
0.872255 0.0396252 -0.487444 0.482263 0.0958094 0.870772 0.0812053 -0.994611 0.0644598 -104.753 -56.3799 628.273 
0.869104 0.0387229 -0.493113 0.488082 0.0945439 0.867662 0.0802183 -0.994768 0.0632679 -105.01 -56.5299 628.147 
0.865218 0.0388783 -0.499888 0.495012 0.0923682 0.863962 0.0797623 -0.994966 0.0606728 -105.394 -56.4682 628.111 
0.869294 0.0376011 -0.492864 0.487979 0.0936163 0.867821 0.0787702 -0.994899 0.0630309 -105.085 -56.0925 628.297 
0.874161 0.0326827 -0.484536 0.479851 0.0954171 0.872146 0.0747362 -0.994901 0.0677265 -104.964 -55.79 628.698 
0.872721 0.0353084 -0.486941 0.482363 0.0916602 0.871163 0.0753916 -0.995165 0.0629617 -105.317 -56.1287 628.719 
0.872661 0.0351356 -0.487062 0.482684 0.0891229 0.871248 0.0740192 -0.995401 0.0608141 -104.931 -56.3616 628.72 
0.871781 0.0357906 -0.488587 0.484077 0.090317 0.870352 0.0752772 -0.99527 0.0614107 -104.509 -56.4968 628.647 
0.871274 0.0346086 -0.489575 0.485048 0.0915046 0.869687 0.0748961 -0.995204 0.0629382 -104.42 -56.5562 628.712 
0.868362 0.0373144 -0.494526 0.490095 0.08796 0.86722 0.0758573 -0.995426 0.0580929 -104.297 -56.6706 628.34 
0.869335 0.0413458 -0.492492 0.487872 0.087453 0.868523 0.0789787 -0.995311 0.0558539 -104.282 -56.4363 628.256 
0.865469 0.0402357 -0.499345 0.495076 0.0836664 0.864812 0.0765738 -0.995682 0.0524904 -104.265 -56.9512 627.733 
0.85949 0.0466442 -0.509021 0.504058 0.0880042 0.859174 0.0848706 -0.995028 0.0521268 -104.008 -56.835 627.774 
0.852505 0.0493019 -0.52039 0.515251 0.088432 0.852465 0.0880463 -0.994862 0.0499853 -103.917 -57.0244 627.739 
0.847757 0.0542607 -0.527603 0.52223 0.088376 0.848213 0.0926511 -0.994609 0.0465842 -103.156 -56.9362 627.693 
0.838428 0.0571664 -0.542007 0.536538 0.088116 0.839263 0.0957362 -0.994469 0.0432064 -102.855 -56.8492 627.761 
0.826754 0.0612742 -0.559218 0.553414 0.089974 0.828032 0.101051 -0.994058 0.0404757 -102.973 -56.9313 627.767 
0.818061 0.0690855 -0.570968 0.56467 0.0920127 0.820171 0.109197 -0.993359 0.0362608 -102.872 -57.2566 627.527 
0.809787 0.0747085 -0.581949 0.574306 0.102058 0.812254 0.120074 -0.99197 0.0397393 -102.255 -57.4879 627.428 
0.80038 0.0866713 -0.593196 0.584435 0.107572 0.804278 0.133518 -0.990413 0.0354443 -101.88 -57.1751 627.505 
0.797744 0.0973879 -0.59508 0.584473 0.117843 0.80281 0.148309 -0.988246 0.0370875 -101.361 -57.6463 627.47 
0.786286 0.105224 -0.608837 0.597689 0.12021 0.792665 0.156595 -0.987157 0.031627 -101.129 -57.5599 627.192 
0.787829 0.111105 -0.60579 0.593125 0.1281 0.794854 0.165913 -0.985519 0.0350213 -99.8821 -57.2211 627.283 
0.781047 0.118608 -0.613107 0.599392 0.133066 0.789318 0.175202 -0.983985 0.0328374 -99.5432 -56.942 627.428 
0.780145 0.129045 -0.612146 0.597001 0.138896 0.790125 0.186985 -0.981864 0.0313182 -98.52 -56.6771 627.749 
0.781511 0.132173 -0.609731 0.593471 0.143958 0.791876 0.192439 -0.980718 0.0340631 -97.644 -56.7568 628.007 
0.775442 0.137202 -0.616333 0.599817 0.144874 0.786912 0.197256 -0.979892 0.0300447 -96.8105 -57.1087 627.969 
0.778629 0.139454 -0.611793 0.595075 0.145184 0.790447 0.199053 -0.979528 0.0300578 -96.2009 -57.4965 627.93 
0.774146 0.1397 -0.6174 0.600956 0.144226 0.786162 0.198871 -0.979635 0.0276975 -95.5874 -57.4897 627.951 
0.771854 0.146759 -0.618631 0.601512 0.146657 0.785286 0.205974 -0.978241 0.0249198 -94.524 -57.4714 628.084 
0.77027 0.148258 -0.620246 0.602424 0.149914 0.783971 0.209213 -0.977521 0.0261594 -93.7633 -57.3095 628.23 
0.77164 0.149435 -0.618257 0.600323 0.150119 0.785542 0.210198 -0.97731 0.0261278 -93.4396 -57.5516 628.255 
0.773072 0.153506 -0.615465 0.598277 0.14595 0.787885 0.210771 -0.977311 0.0209905 -92.8456 -57.9271 627.892 
0.783401 0.148557 -0.603502 0.58689 0.142767 0.79698 0.204556 -0.978545 0.024657 -91.4296 -58.2914 627.641 
0.782849 0.148109 -0.604328 0.588824 0.137536 0.796473 0.20108 -0.979362 0.020459 -90.6058 -58.9705 627.433 
0.78241 0.149557 -0.60454 0.589854 0.133423 0.796411 0.199767 -0.97971 0.0161744 -88.9989 -59.1602 627.226 
0.785963 0.15286 -0.59908 0.585094 0.129264 0.800597 0.199818 -0.979758 0.0121587 -87.3763 -59.5274 626.936 
