Lower Arm R
-0.0148834 -0.327094 -0.944875 0.327094 0.891393 -0.313732 0.944875 -0.313732 0.0937236 43.3573 -12.3442 -85.718 
0.986387 -0.151635 -0.0636335 0.09968 0.243559 0.964751 -0.130791 -0.957959 0.255358 -193.15 -103.741 611.368 
0.985596 -0.154057 -0.069783 0.106017 0.241295 0.964644 -0.131771 -0.958145 0.254152 -192.863 -104.547 611.431 
0.985368 -0.155554 -0.0696707 0.105541 0.235878 0.966035 -0.133836 -0.959251 0.248844 -192.8 -104.388 611.873 
0.985329 -0.157587 -0.0655306 0.102645 0.240419 0.965227 -0.136352 -0.957791 0.253067 -192.651 -103.681 612.234 
0.985169 -0.159126 -0.0642102 0.102454 0.245302 0.964018 -0.137648 -0.956298 0.257967 -193.013 -103.3 612.426 
0.984836 -0.161145 -0.0642904 0.102285 0.239965 0.965379 -0.140138 -0.957313 0.252808 -193.257 -103.161 612.58 
0.984688 -0.164856 -0.0566846 0.0960678 0.241812 0.965557 -0.14547 -0.956216 0.253946 -194.05 -102.55 612.752 
0.984288 -0.16684 -0.0578258 0.0974547 0.240191 0.965822 -0.147248 -0.95628 0.252676 -193.985 -102.42 612.585 
0.984079 -0.170453 -0.0503612 0.0922865 0.247862 0.96439 -0.151899 -0.953682 0.259646 -194.399 -100.973 612.885 
0.98366 -0.172036 -0.0530943 0.0958214 0.250568 0.963346 -0.152426 -0.95269 0.262958 -194.499 -100.456 613.105 
0.983124 -0.174442 -0.0551232 0.0985824 0.251325 0.96287 -0.15411 -0.952053 0.264281 -194.282 -100.24 613.46 
0.983595 -0.172963 -0.0512455 0.0936509 0.246794 0.964533 -0.15418 -0.953507 0.258943 -194.277 -99.8389 613.729 
0.984262 -0.172057 -0.0403267 0.0828009 0.247401 0.965369 -0.156121 -0.953514 0.257753 -194.041 -98.7759 614.092 
0.984663 -0.170994 -0.0346652 0.0770101 0.247666 0.965781 -0.156557 -0.953636 0.257035 -193.977 -98.1737 614.095 
0.984022 -0.175231 -0.0315759 0.0754412 0.249684 0.965385 -0.16128 -0.95234 0.258914 -193.573 -98.0229 614.279 
0.984301 -0.174237 -0.0282038 0.0733699 0.258565 0.963204 -0.160532 -0.95015 0.267289 -193.501 -98.0155 613.954 
0.984511 -0.173622 -0.0243989 0.0696542 0.259609 0.963199 -0.160898 -0.949978 0.267681 -193.643 -98.1119 613.843 
0.984267 -0.175249 -0.0225625 0.0670336 0.252199 0.965351 -0.163486 -0.951674 0.259979 -193.351 -98.9035 613.861 
0.98378 -0.178935 -0.0126761 0.0584565 0.252977 0.965705 -0.169591 -0.950781 0.259334 -193.791 -98.3807 614.087 
0.983996 -0.177708 -0.0131611 0.0581513 0.250418 0.966391 -0.168439 -0.951688 0.256744 -193.591 -99.1718 613.946 
0.982706 -0.185177 -0.000703427 0.0484852 0.25363 0.966086 -0.178718 -0.94941 0.258222 -193.799 -99.0378 614.393 
0.981374 -0.192007 0.006381 0.043501 0.254443 0.966109 -0.187123 -0.947835 0.258056 -193.685 -99.0694 614.57 
0.979725 -0.198531 0.0269542 0.0249284 0.254279 0.96681 -0.198795 -0.946534 0.254072 -194.184 -97.7912 615.133 
0.976493 -0.212691 0.0350078 0.020153 0.251781 0.967575 -0.214608 -0.944123 0.250149 -194.542 -97.8442 615.988 
0.972731 -0.228152 0.0417488 0.0172033 0.250471 0.967972 -0.231301 -0.940856 0.247565 -194.882 -97.6734 616.683 
0.969223 -0.239413 0.057355 0.00448015 0.250085 0.968214 -0.246146 -0.938157 0.243461 -195.35 -96.3958 617.418 
0.965012 -0.255426 0.0592495 0.004779 0.243057 0.970001 -0.262164 -0.935778 0.235774 -194.901 -96.3882 618.075 
0.959587 -0.272966 0.0684489 -0.00213769 0.23615 0.971715 -0.281409 -0.932589 0.226023 -195.289 -95.7353 618.988 
0.956248 -0.283124 0.0737068 -0.00646463 0.231425 0.972832 -0.29249 -0.930743 0.219469 -195.365 -95.149 619.54 
0.949305 -0.303991 0.0800762 -0.0114381 0.221156 0.975172 -0.314152 -0.926649 0.206467 -194.272 -95.4779 620.7 
0.945717 -0.314403 0.0822997 -0.0157806 0.208509 0.977894 -0.324612 -0.926107 0.192229 -193.806 -95.3223 621.15 
0.944173 -0.317509 0.0879046 -0.019245 0.213209 0.976818 -0.32889 -0.923975 0.195195 -193.127 -95.112 621.327 
0.94164 -0.323916 0.0916224 -0.0219776 0.212441 0.976927 -0.335906 -0.921926 0.192924 -192.036 -94.7391 621.505 
0.941193 -0.32319 0.0985154 -0.028112 0.215657 0.976065 -0.336699 -0.921433 0.193889 -191.225 -94.1343 621.468 
0.939878 -0.326633 0.0997146 -0.028233 0.216663 0.975839 -0.340345 -0.919982 0.194414 -190.27 -94.0109 621.865 
0.936801 -0.334798 0.101571 -0.0280483 0.21751 0.975656 -0.34874 -0.916842 0.194373 -188.696 -93.219 622.418 
0.93426 -0.339678 0.108532 -0.0360625 0.212796 0.976432 -0.354767 -0.916153 0.186557 -186.398 -93.1711 622.562 
0.929023 -0.355162 0.103819 -0.0375511 0.188629 0.981331 -0.368115 -0.915575 0.161904 -183.518 -93.8031 622.801 
0.925021 -0.364728 0.106362 -0.0408489 0.182854 0.982292 -0.377717 -0.912983 0.154244 -181.061 -93.4384 622.905 
0.922259 -0.372761 0.102423 -0.0393484 0.173053 0.984127 -0.384568 -0.911648 0.144931 -179.61 -93.6062 622.828 
0.919878 -0.379331 0.0996688 -0.0407566 0.160294 0.986228 -0.390083 -0.91127 0.13199 -177.676 -93.4505 622.861 
0.918345 -0.3846 0.0934196 -0.037511 0.150395 0.987915 -0.394001 -0.910749 0.123688 -176.294 -93.3208 622.926 
0.918497 -0.385543 0.0878699 -0.0369947 0.137456 0.989817 -0.393695 -0.912393 0.111989 -174.278 -93.4395 622.56 
0.919269 -0.384296 0.0852191 -0.0369141 0.131376 0.990646 -0.391897 -0.913814 0.106584 -172.333 -93.5169 622.348 
0.919025 -0.383107 0.0928652 -0.0442657 0.133792 0.990021 -0.391708 -0.913963 0.106 -170.138 -93.3091 622.36 
0.919636 -0.381351 0.0940363 -0.0477122 0.129177 0.990474 -0.389865 -0.91536 0.100601 -167.922 -92.8885 622.227 
0.920016 -0.37929 0.0985502 -0.0509213 0.13364 0.989721 -0.388561 -0.915576 0.103637 -165.689 -92.3703 621.825 
0.922159 -0.374035 0.0986087 -0.0527927 0.13084 0.989998 -0.383195 -0.918138 0.100908 -163.466 -91.9508 621.042 
0.922729 -0.373805 0.0940386 -0.0518421 0.121397 0.99125 -0.38195 -0.919528 0.0926378 -160.331 -92.0251 620.391 
0.921702 -0.376953 0.0915141 -0.0502699 0.117854 0.991758 -0.384631 -0.918703 0.0896766 -157.973 -92.0023 620.218 
0.923639 -0.371939 0.0924866 -0.0532484 0.114438 0.992003 -0.379548 -0.921175 0.0858944 -156.056 -91.2936 619.58 
0.924812 -0.370427 0.0866552 -0.04865 0.110754 0.992657 -0.377304 -0.922235 0.0844051 -153.883 -91.7737 619.264 
0.926559 -0.366321 0.085441 -0.0492967 0.106928 0.993045 -0.372908 -0.924324 0.0810162 -151.882 -91.0674 618.783 
0.928348 -0.360611 0.0901767 -0.0523395 0.113366 0.992174 -0.368011 -0.925801 0.0863691 -149.983 -89.9472 618.082 
0.928764 -0.360169 0.0876224 -0.0488451 0.115406 0.992117 -0.367442 -0.925721 0.089592 -148.586 -90.0306 617.785 
0.928624 -0.358956 0.0938606 -0.0546294 0.117936 0.991518 -0.36698 -0.925873 0.0899082 -146.049 -88.8741 617.196 
0.928486 -0.358852 0.0956064 -0.0566684 0.117522 0.991453 -0.367021 -0.925966 0.0887813 -145.005 -88.5026 617.017 
0.927395 -0.360799 0.0988147 -0.0569528 0.124893 0.990535 -0.369725 -0.924243 0.0952761 -143.269 -87.9075 616.72 
0.926717 -0.362341 0.0995319 -0.0569139 0.126473 0.990337 -0.371427 -0.923424 0.0965824 -141.578 -87.3919 616.446 
0.92767 -0.359567 0.100704 -0.0572153 0.129629 0.989911 -0.368993 -0.924071 0.0996796 -140.71 -86.7223 616.07 
0.926294 -0.364194 0.0966721 -0.0535263 0.126775 0.990487 -0.372984 -0.922654 0.097937 -138.746 -86.5765 616.187 
0.927563 -0.361486 0.094644 -0.0518922 0.126215 0.990645 -0.370049 -0.923795 0.0983134 -137.566 -86.1481 616.226 
0.927614 -0.359292 0.102197 -0.0565568 0.135345 0.989184 -0.369237 -0.923358 0.105227 -135.021 -84.97 616.268 
0.928303 -0.355486 0.109017 -0.0648069 0.134017 0.988858 -0.366135 -0.925023 0.10137 -134.109 -83.6945 616.488 
0.927445 -0.357439 0.109933 -0.065947 0.133034 0.988916 -0.368101 -0.924413 0.099809 -132.592 -83.2081 616.869 
0.927109 -0.357101 0.113802 -0.0680355 0.138241 0.98806 -0.368569 -0.923779 0.103869 -131.339 -82.5965 616.901 
0.925782 -0.360258 0.114649 -0.0692575 0.136513 0.988215 -0.371663 -0.92281 0.10143 -130.291 -82.3624 617.508 
0.925317 -0.364103 0.10592 -0.0619452 0.13043 0.989521 -0.374103 -0.92218 0.0981348 -128.089 -82.8375 617.374 
0.924316 -0.3628 0.118398 -0.0721347 0.138557 0.987724 -0.374751 -0.921508 0.1019 -126.714 -81.6865 616.867 
0.92312 -0.366056 0.117709 -0.0717908 0.136662 0.988013 -0.377754 -0.920503 0.099876 -125.731 -81.7866 616.756 
0.922672 -0.365124 0.12395 -0.0781952 0.137594 0.987398 -0.377577 -0.920734 0.0984032 -124.703 -81.0982 616.537 
0.92179 -0.368174 0.121463 -0.0772705 0.132538 0.988162 -0.379913 -0.920261 0.0937234 -124.717 -80.9484 616.852 
0.923002 -0.366885 0.116037 -0.0747802 0.124779 0.989363 -0.377461 -0.921859 0.0877354 -125.275 -80.9755 616.969 
0.923141 -0.366764 0.115312 -0.0738176 0.125264 0.989374 -0.377311 -0.921842 0.0885627 -125.101 -80.7255 617.023 
0.923361 -0.366087 0.115702 -0.0750069 0.123546 0.989501 -0.376538 -0.922343 0.0866178 -125.983 -80.2072 617.51 
0.923699 -0.365843 0.113761 -0.0748367 0.118919 0.99008 -0.375741 -0.923047 0.0824663 -125.568 -80.1093 617.722 
0.923413 -0.367458 0.11084 -0.0731009 0.11512 0.990659 -0.376785 -0.922887 0.0794413 -125.977 -80.4641 618.182 
0.923083 -0.368305 0.110774 -0.0737194 0.113244 0.990829 -0.377471 -0.922782 0.0773825 -125.621 -80.3391 618.396 
0.922948 -0.368471 0.111345 -0.0744263 0.112978 0.990807 -0.377663 -0.922748 0.0768483 -125.349 -80.1527 618.411 
0.92342 -0.368995 0.105551 -0.0674795 0.114639 0.991113 -0.377816 -0.922334 0.0809596 -128.683 -81.006 619.304 
0.923988 -0.36863 0.101788 -0.0686783 0.101885 0.992423 -0.376207 -0.923975 0.0688237 -128.034 -81.0192 619.235 
0.924317 -0.368271 0.100082 -0.067543 0.100243 0.992668 -0.375603 -0.924298 0.0677816 -129.485 -81.2502 619.545 
0.923537 -0.370181 0.100238 -0.0669043 0.101848 0.992548 -0.377632 -0.923359 0.0692938 -129.976 -81.411 619.732 
0.922403 -0.369276 0.113183 -0.0757216 0.114456 0.990539 -0.378736 -0.922244 0.0776121 -130.253 -80.283 619.754 
0.921596 -0.371885 0.111198 -0.074553 0.111552 0.990959 -0.380927 -0.921551 0.0750803 -129.652 -80.3363 619.639 
0.921586 -0.37311 0.1071 -0.0701514 0.111278 0.991311 -0.381786 -0.921089 0.0763775 -130.353 -80.8333 619.722 
0.921527 -0.371709 0.11235 -0.0727374 0.118971 0.99023 -0.381443 -0.920694 0.0825977 -131.284 -80.3023 619.772 
0.921707 -0.371624 0.111151 -0.0716312 0.11855 0.990362 -0.381218 -0.920783 0.082648 -132.323 -80.4238 619.811 
0.922902 -0.369161 0.10943 -0.0711363 0.115835 0.990719 -0.37841 -0.922118 0.080643 -132.497 -80.5788 619.295 
0.92378 -0.368771 0.103151 -0.0680103 0.107087 0.991921 -0.376838 -0.923331 0.0738443 -133.012 -81.1225 619.25 
0.924112 -0.367776 0.103727 -0.0699657 0.104008 0.992113 -0.375664 -0.924079 0.0703833 -134.062 -81.0156 619.214 
0.923323 -0.369503 0.104613 -0.0700969 0.105671 0.991928 -0.377574 -0.923201 0.0716672 -134.7 -80.9918 619.119 
0.923279 -0.370174 0.102614 -0.0699432 0.100662 0.99246 -0.377712 -0.923492 0.067048 -134.566 -81.3556 618.869 
0.922511 -0.3705 0.108186 -0.0736131 0.10626 0.99161 -0.378888 -0.922734 0.0707522 -135.289 -80.8904 618.871 
0.922924 -0.370392 0.104992 -0.069944 0.106855 0.991812 -0.378578 -0.922708 0.0727124 -134.953 -81.2109 618.51 
0.923085 -0.371595 0.0991607 -0.0637797 0.106354 0.992281 -0.379273 -0.922282 0.0744734 -135.449 -81.8694 618.591 
0.924429 -0.368026 0.0999529 -0.0651849 0.105752 0.992254 -0.375746 -0.923782 0.0737696 -135.589 -81.7693 618.396 
0.926097 -0.363394 0.101445 -0.0643833 0.112718 0.99154 -0.371754 -0.924791 0.0809906 -135.218 -81.9582 618.089 
0.926989 -0.361595 0.0997097 -0.0638004 0.109952 0.991888 -0.369624 -0.925829 0.0788541 -134.947 -82.2426 618.034 
0.929746 -0.353766 0.102099 -0.0639728 0.117868 0.990967 -0.362605 -0.927877 0.0869556 -135.743 -82.2924 617.542 
0.931904 -0.348118 0.101839 -0.0602653 0.128259 0.989909 -0.357666 -0.928635 0.0985457 -135.614 -82.9032 616.799 
0.935676 -0.334807 0.111431 -0.0640178 0.149482 0.98669 -0.347007 -0.930354 0.118433 -136.929 -82.8742 615.699 
0.937431 -0.329996 0.111028 -0.0619183 0.155795 0.985848 -0.342623 -0.931037 0.125614 -138.987 -83.98 615.153 
0.9395 -0.324797 0.108856 -0.0595557 0.158065 0.985632 -0.337336 -0.932481 0.129159 -141.155 -84.9027 614.363 
0.943164 -0.31292 0.111918 -0.064067 0.159244 0.985159 -0.326098 -0.936334 0.130145 -143.542 -86.0176 613.464 
0.945057 -0.306243 0.114389 -0.0688417 0.155629 0.985414 -0.319578 -0.939145 0.125996 -145.674 -86.8579 613.191 
0.945968 -0.305 0.110101 -0.06527 0.153493 0.985992 -0.317627 -0.939901 0.125291 -147.295 -88.0818 613.227 
0.948135 -0.301023 0.102119 -0.0589246 0.149246 0.987043 -0.312363 -0.941865 0.123767 -149.104 -89.691 613.15 
0.950326 -0.295084 0.0990316 -0.0579963 0.14472 0.987772 -0.305808 -0.944447 0.120417 -151.737 -90.9692 613.227 
0.950322 -0.293045 0.104956 -0.063684 0.147005 0.987084 -0.304689 -0.944729 0.12104 -154.263 -90.9097 613.523 
0.951513 -0.290507 0.101144 -0.061049 0.143923 0.987705 -0.301492 -0.945987 0.11921 -156.665 -91.8672 613.815 
0.951369 -0.290288 0.103116 -0.0640275 0.141088 0.987925 -0.301331 -0.946481 0.11564 -158.96 -91.9915 614.43 
0.953231 -0.286896 0.0951002 -0.0562421 0.140779 0.988443 -0.296968 -0.947561 0.118059 -161.879 -93.2058 614.798 
0.955469 -0.284558 0.0781571 -0.0427826 0.128478 0.99079 -0.291978 -0.95001 0.110582 -164.828 -94.7586 615.501 
0.957454 -0.279207 0.0729931 -0.0380937 0.128441 0.990986 -0.286065 -0.951601 0.11234 -168.014 -95.2754 615.873 
0.959379 -0.27424 0.066233 -0.0305078 0.132543 0.990708 -0.28047 -0.952483 0.118792 -170.968 -95.9135 615.995 
0.960162 -0.271371 0.0666963 -0.031817 0.130956 0.990878 -0.27763 -0.953524 0.117105 -173.237 -95.7748 616.424 
0.963096 -0.261539 0.0636108 -0.0293281 0.132952 0.990689 -0.26756 -0.955992 0.120375 -176.15 -96.6539 616.095 
0.961881 -0.26777 0.0555564 -0.0218168 0.127366 0.991616 -0.272601 -0.955027 0.116669 -179.326 -97.6664 616.777 
0.963572 -0.26375 0.0443582 -0.012149 0.122517 0.992393 -0.267178 -0.956778 0.114849 -181.562 -98.6788 616.474 
0.964329 -0.262307 0.0355795 -0.00482958 0.116951 0.993127 -0.264665 -0.957871 0.111512 -184.363 -99.966 616.648 
0.966446 -0.255204 0.0292316 0.000551975 0.115858 0.993266 -0.256872 -0.95992 0.112112 -187.121 -100.748 616.289 
0.967408 -0.252633 0.0173493 0.0104629 0.108329 0.994061 -0.253012 -0.961478 0.107442 -188.456 -101.412 616.186 
0.968127 -0.25039 0.00606382 0.0196446 0.100044 0.99479 -0.249691 -0.962962 0.101774 -190.336 -102.06 616.33 
0.970402 -0.241224 -0.0115615 0.0370786 0.10151 0.994144 -0.238637 -0.965146 0.10745 -192.511 -103.349 615.867 
0.97323 -0.228064 -0.0284965 0.0527478 0.100954 0.993492 -0.223703 -0.968398 0.110281 -194.629 -103.924 615.051 
0.973299 -0.225192 -0.044489 0.065972 0.0887854 0.993864 -0.21986 -0.97026 0.101271 -196.737 -104.549 615.077 
0.971618 -0.228103 -0.062682 0.0836064 0.0832462 0.993016 -0.221291 -0.970071 0.0999542 -198.49 -105.191 615.346 
0.971139 -0.224732 -0.0799154 0.100618 0.0822127 0.991523 -0.216256 -0.970946 0.102452 -199.845 -105.512 615.331 
0.9688 -0.223862 -0.10637 0.125567 0.0733005 0.989374 -0.213686 -0.97186 0.099123 -201.242 -106.696 615.31 
0.967491 -0.226706 -0.112106 0.130692 0.0686589 0.989043 -0.216525 -0.97154 0.0960554 -202.933 -106.196 615.741 
0.965839 -0.222635 -0.132634 0.151863 0.071521 0.985811 -0.209989 -0.972274 0.102888 -204.635 -106.545 615.359 
0.962953 -0.219766 -0.156291 0.177386 0.0796546 0.980913 -0.203121 -0.972295 0.115687 -206.284 -106.384 615.471 
0.959573 -0.20113 -0.196899 0.215483 0.0748951 0.973632 -0.18108 -0.976697 0.115207 -207.791 -106.819 614.599 
0.953289 -0.189413 -0.235297 0.249619 0.0553375 0.966762 -0.170096 -0.980336 0.100034 -210.296 -107.714 614.615 
0.949471 -0.17959 -0.257399 0.272858 0.0670427 0.959716 -0.155099 -0.981454 0.112658 -211.894 -106.809 614.19 
0.94606 -0.171971 -0.274586 0.291563 0.0822999 0.953006 -0.14129 -0.981658 0.128001 -213.988 -105.89 613.76 
0.94388 -0.165019 -0.286115 0.302605 0.0848612 0.949332 -0.132377 -0.982632 0.130034 -215.206 -105.315 613.831 
0.94232 -0.161935 -0.292935 0.30837 0.0796788 0.947924 -0.130161 -0.983579 0.125019 -215.856 -105.227 614.145 
0.941802 -0.16933 -0.290409 0.308223 0.0900926 0.947039 -0.134198 -0.981433 0.137041 -215.88 -104.144 614.594 
0.940717 -0.170646 -0.293143 0.310841 0.0877996 0.946399 -0.135761 -0.981412 0.135638 -215.687 -104.506 614.555 
0.942113 -0.173165 -0.28712 0.305077 0.0874262 0.948307 -0.139112 -0.981004 0.135194 -215.814 -103.947 614.759 
0.942453 -0.17569 -0.284461 0.302281 0.0841847 0.949495 -0.142869 -0.980839 0.132448 -215.438 -103.604 615.135 
0.941581 -0.177643 -0.286128 0.305236 0.0910732 0.947913 -0.142331 -0.979871 0.139976 -215.141 -103.636 615.159 
0.939496 -0.183203 -0.289458 0.310035 0.0953424 0.945933 -0.145699 -0.97844 0.146373 -214.754 -103.836 615.465 
0.941742 -0.183067 -0.282153 0.302582 0.094836 0.948394 -0.146861 -0.978515 0.144704 -214.8 -103.241 615.463 
0.941403 -0.183985 -0.282686 0.302442 0.0894702 0.94896 -0.149302 -0.978848 0.139872 -214.781 -103.978 615.727 
0.942964 -0.185942 -0.276129 0.296121 0.0895279 0.950946 -0.152099 -0.978473 0.139483 -214.823 -103.839 616.145 
0.943139 -0.188052 -0.274094 0.29642 0.102661 0.949525 -0.150421 -0.976778 0.152566 -214.829 -103.591 616.054 
0.941279 -0.192139 -0.27763 0.29991 0.0981185 0.948909 -0.155081 -0.97645 0.149981 -214.41 -104.23 616.457 
0.940087 -0.195234 -0.279502 0.301824 0.0953152 0.948588 -0.158555 -0.976114 0.148531 -214.66 -104.709 616.925 
0.939883 -0.196274 -0.279461 0.301563 0.0929922 0.948901 -0.160257 -0.976129 0.146591 -214.512 -104.489 617.063 
0.942357 -0.201244 -0.267332 0.290971 0.0983231 0.951667 -0.165232 -0.974594 0.151211 -215.004 -103.737 617.625 
RFing.0_Hand
-0.461729 0.0039796 -0.887012 -0.0039796 0.999971 0.00655795 0.887012 0.00655795 -0.4617 32.7108 -9.73219 -73.4609 
0.814611 0.228245 -0.53321 0.557106 -0.0521346 0.828803 0.161372 -0.972207 -0.169626 -181.686 -91.9837 610.492 
0.808516 0.228535 -0.542286 0.566189 -0.0509045 0.822702 0.160411 -0.972204 -0.170551 -181.478 -92.7155 610.53 
0.806191 0.230192 -0.54504 0.569838 -0.0542405 0.819964 0.159186 -0.971632 -0.1749 -181.419 -92.5584 610.888 
0.807955 0.226663 -0.543905 0.567486 -0.0508061 0.821813 0.158642 -0.972647 -0.169677 -181.233 -91.8876 611.265 
0.805476 0.2253 -0.548132 0.570879 -0.0467091 0.819704 0.159077 -0.973169 -0.166242 -181.585 -91.5118 611.494 
0.806416 0.223415 -0.547522 0.570516 -0.0503386 0.819742 0.155581 -0.973423 -0.168055 -181.838 -91.3714 611.561 
0.810718 0.217235 -0.543641 0.565499 -0.0503043 0.823213 0.151484 -0.974822 -0.163629 -182.561 -90.8333 611.68 
0.810934 0.21575 -0.54391 0.565603 -0.0508462 0.823108 0.14993 -0.975124 -0.163262 -182.518 -90.6862 611.477 
0.815958 0.2095 -0.538816 0.558577 -0.045464 0.828205 0.149013 -0.976751 -0.154118 -182.864 -89.3037 611.795 
0.815387 0.209456 -0.539697 0.558853 -0.0414818 0.828228 0.15109 -0.976938 -0.150879 -183 -88.7477 612.045 
0.814396 0.205574 -0.542678 0.561182 -0.0408762 0.826682 0.147762 -0.977787 -0.148653 -182.816 -88.5004 612.395 
0.813065 0.209656 -0.543111 0.563147 -0.0466897 0.825036 0.147617 -0.97666 -0.156029 -182.761 -88.1534 612.604 
0.82129 0.206371 -0.531879 0.551449 -0.0481793 0.832816 0.146243 -0.977287 -0.153372 -182.402 -87.2172 612.93 
0.823315 0.207101 -0.528453 0.54848 -0.0507682 0.834621 0.146022 -0.977001 -0.155389 -182.272 -86.6831 612.92 
0.824411 0.202522 -0.528518 0.547568 -0.0490788 0.83532 0.143232 -0.978047 -0.151355 -181.852 -86.5522 613.066 
0.827058 0.20047 -0.525154 0.542543 -0.0403047 0.83906 0.14704 -0.97887 -0.142098 -181.74 -86.5761 612.842 
0.828177 0.199646 -0.523703 0.541348 -0.0429723 0.839699 0.145138 -0.978925 -0.143666 -181.839 -86.7173 612.731 
0.827322 0.200058 -0.524896 0.543456 -0.0486742 0.838025 0.142105 -0.978574 -0.148992 -181.534 -87.5341 612.633 
0.834527 0.195917 -0.514958 0.533108 -0.0510966 0.844502 0.13914 -0.979288 -0.147086 -181.884 -87.1141 612.778 
0.834682 0.194618 -0.515199 0.533509 -0.0536194 0.844092 0.136651 -0.979412 -0.148585 -181.684 -87.907 612.622 
0.840426 0.185997 -0.509009 0.525742 -0.0520028 0.849053 0.131451 -0.981173 -0.141491 -181.794 -87.8916 612.959 
0.84293 0.178213 -0.507651 0.523373 -0.052922 0.850458 0.124697 -0.982568 -0.137881 -181.636 -87.9841 613.032 
0.851132 0.166518 -0.497842 0.512687 -0.0598778 0.856485 0.112811 -0.984219 -0.136335 -181.955 -86.9328 613.409 
0.848322 0.15529 -0.506197 0.51965 -0.0608107 0.852212 0.101558 -0.985995 -0.132283 -182.298 -87.043 614.029 
0.845547 0.148301 -0.512891 0.525068 -0.0569656 0.849152 0.0967132 -0.9873 -0.126035 -182.646 -86.9077 614.493 
0.854908 0.138615 -0.499919 0.510887 -0.0574959 0.857723 0.0901499 -0.988676 -0.11997 -183.018 -85.7887 615.004 
0.851838 0.129049 -0.50766 0.51792 -0.0626315 0.853133 0.0783004 -0.989658 -0.120188 -182.634 -85.7725 615.384 
0.854478 0.116326 -0.506297 0.515286 -0.0660829 0.854466 0.0659397 -0.99101 -0.116407 -183.029 -85.2025 615.959 
0.855598 0.110699 -0.505667 0.514161 -0.0686609 0.85494 0.0599216 -0.991479 -0.115663 -183.113 -84.6684 616.307 
0.860559 0.092514 -0.500879 0.507743 -0.0777397 0.857993 0.0404384 -0.992672 -0.113873 -182.081 -85.0558 617.068 
0.862655 0.0862358 -0.498387 0.504901 -0.0883488 0.858644 0.0300142 -0.99235 -0.119755 -181.658 -84.9515 617.239 
0.871401 0.078283 -0.484286 0.489832 -0.0846421 0.867698 0.0269352 -0.993331 -0.112102 -180.947 -84.7867 617.397 
0.870839 0.0747342 -0.485855 0.491018 -0.0854987 0.866943 0.0232505 -0.993531 -0.111151 -179.862 -84.4486 617.467 
0.877115 0.0693503 -0.475247 0.479908 -0.0876122 0.872933 0.0189009 -0.993738 -0.110127 -178.983 -83.9237 617.431 
0.876652 0.0607186 -0.477279 0.481009 -0.0888652 0.8722 0.0105455 -0.994191 -0.10711 -178.039 -83.8022 617.791 
0.881353 0.0483322 -0.46998 0.472457 -0.0881219 0.876937 0.000968986 -0.994936 -0.100501 -176.501 -83.0082 618.244 
0.881709 0.042109 -0.46991 0.471731 -0.0947643 0.876635 -0.0076163 -0.994609 -0.103418 -174.172 -83.0624 618.232 
0.877053 0.0270714 -0.47963 0.479192 -0.119862 0.869487 -0.0339509 -0.992421 -0.118097 -171.436 -83.7098 618.048 
0.879602 0.015388 -0.475462 0.473394 -0.126839 0.871671 -0.0468938 -0.991804 -0.118852 -169.023 -83.388 617.957 
0.873101 0.0106397 -0.487424 0.484208 -0.135589 0.864383 -0.0568924 -0.990708 -0.123535 -167.663 -83.5371 617.699 
0.872259 0.00657732 -0.489 0.484644 -0.145445 0.862534 -0.0654491 -0.989344 -0.130053 -165.801 -83.4023 617.529 
0.869632 0.00364774 -0.493687 0.488349 -0.153191 0.859097 -0.0724942 -0.98819 -0.135 -164.513 -83.2337 617.459 
0.866714 0.00468279 -0.498783 0.492726 -0.163677 0.854652 -0.0776369 -0.986503 -0.144168 -162.555 -83.3516 616.972 
0.868088 0.00607765 -0.496373 0.490184 -0.168352 0.855205 -0.0783674 -0.985708 -0.149123 -160.625 -83.4313 616.724 
0.875031 0.00124166 -0.484066 0.477207 -0.169975 0.862196 -0.0812082 -0.985448 -0.149325 -158.351 -83.3178 616.732 
0.874109 0.00285618 -0.485721 0.478473 -0.17726 0.860024 -0.0836422 -0.98416 -0.156311 -156.112 -82.945 616.563 
0.876945 0.0024732 -0.480585 0.473675 -0.173484 0.863443 -0.0812381 -0.984833 -0.153307 -153.823 -82.4662 616.209 
0.877413 0.00965198 -0.479639 0.47367 -0.175915 0.862954 -0.0760463 -0.984358 -0.158922 -151.562 -82.0729 615.46 
0.875637 0.0143466 -0.482758 0.476877 -0.183956 0.859504 -0.0764751 -0.98283 -0.16792 -148.467 -82.1408 614.736 
0.871549 0.0136928 -0.490117 0.483802 -0.186318 0.855114 -0.0796083 -0.982394 -0.169009 -146.154 -82.0999 614.501 
0.876031 0.0201387 -0.481834 0.476549 -0.189383 0.858507 -0.0739616 -0.981697 -0.175502 -144.193 -81.4329 613.882 
0.873726 0.0207786 -0.485975 0.480381 -0.193784 0.855384 -0.0764001 -0.980824 -0.179295 -142.063 -81.8555 613.577 
0.874321 0.0252091 -0.484693 0.479651 -0.197446 0.854956 -0.0741478 -0.979989 -0.184722 -140.044 -81.1608 613.112 
0.879374 0.0297805 -0.4752 0.471587 -0.192051 0.860652 -0.0656318 -0.980933 -0.182928 -138.063 -80.0754 612.526 
0.876576 0.0302916 -0.480309 0.476839 -0.189672 0.858282 -0.0651022 -0.98138 -0.180706 -136.686 -80.1113 612.269 
0.878265 0.0323043 -0.477081 0.474088 -0.188969 0.85996 -0.0623731 -0.981451 -0.18128 -134.083 -79.029 611.689 
0.879522 0.0325672 -0.474743 0.471783 -0.18997 0.861006 -0.0621463 -0.981249 -0.182447 -133.024 -78.6846 611.498 
0.880151 0.0306474 -0.473704 0.470849 -0.183118 0.863 -0.0602945 -0.982613 -0.175601 -131.272 -78.0882 611.237 
0.881638 0.0265144 -0.471182 0.467685 -0.182645 0.864818 -0.0631286 -0.982821 -0.173427 -129.584 -77.571 610.957 
0.883924 0.0286492 -0.466752 0.463873 -0.179984 0.867426 -0.0591564 -0.983252 -0.172381 -128.687 -76.9034 610.643 
0.881221 0.0263799 -0.471969 0.468559 -0.180686 0.864757 -0.0624658 -0.983187 -0.171585 -126.792 -76.7108 610.695 
0.877691 0.0304954 -0.478255 0.475243 -0.183786 0.860445 -0.0616567 -0.982493 -0.1758 -125.611 -76.2612 610.772 
0.885333 0.0280023 -0.464113 0.461361 -0.176805 0.869417 -0.0577115 -0.983847 -0.16945 -122.982 -75.1391 610.897 
0.893059 0.0211212 -0.449444 0.445356 -0.183713 0.876303 -0.0640599 -0.982753 -0.173473 -121.983 -73.9735 611.113 
0.895073 0.013136 -0.445727 0.440207 -0.185517 0.878522 -0.0711495 -0.982553 -0.171833 -120.472 -73.5028 611.454 
0.899831 0.00947202 -0.436135 0.430479 -0.181193 0.884227 -0.0706489 -0.983402 -0.16712 -119.183 -72.9162 611.523 
0.895341 0.00226798 -0.445376 0.437847 -0.187637 0.879251 -0.0815745 -0.982236 -0.168992 -118.148 -72.6992 612.068 
0.887421 0.00788832 -0.460893 0.453469 -0.194459 0.869799 -0.0827635 -0.980879 -0.176144 -116.051 -73.0807 611.87 
0.89671 0.00917932 -0.442524 0.436451 -0.184661 0.880574 -0.0736336 -0.982759 -0.169593 -114.555 -72.0606 611.395 
0.897102 0.00551231 -0.44179 0.434992 -0.186185 0.880975 -0.0773982 -0.982499 -0.169424 -113.601 -72.1572 611.228 
0.899295 0.00661144 -0.437292 0.430795 -0.185746 0.883127 -0.0753861 -0.982575 -0.169888 -112.512 -71.554 610.995 
0.895674 0.0071253 -0.444654 0.437776 -0.190008 0.878777 -0.0782258 -0.981757 -0.173304 -112.57 -71.3945 611.233 
0.894645 0.0111369 -0.446639 0.439802 -0.197914 0.876016 -0.0786398 -0.980156 -0.181961 -113.165 -71.393 611.315 
0.893933 0.0122233 -0.448035 0.441411 -0.197349 0.875334 -0.0777194 -0.980257 -0.181812 -112.998 -71.1299 611.379 
0.892913 0.00925694 -0.450134 0.442839 -0.198453 0.874362 -0.0812365 -0.980066 -0.1813 -113.871 -70.6286 611.856 
0.891693 0.0114785 -0.452495 0.445288 -0.201692 0.872375 -0.0812506 -0.979382 -0.184958 -113.472 -70.5317 612.033 
0.886943 0.00931517 -0.461785 0.453576 -0.206279 0.867016 -0.0871798 -0.978449 -0.187182 -113.918 -70.866 612.448 
0.88659 0.0107548 -0.462432 0.454337 -0.207873 0.866237 -0.0868106 -0.978097 -0.189184 -113.569 -70.7507 612.633 
0.886822 0.0154516 -0.461853 0.454852 -0.205632 0.866501 -0.0815826 -0.978507 -0.189387 -113.292 -70.574 612.64 
0.887652 0.0034583 -0.460501 0.451358 -0.204942 0.86849 -0.0913721 -0.978768 -0.183477 -116.681 -71.3333 613.575 
0.885904 0.011544 -0.463725 0.455018 -0.215975 0.863894 -0.0901801 -0.97633 -0.196586 -116.064 -71.3731 613.396 
0.88761 0.00940698 -0.4605 0.451209 -0.218576 0.865237 -0.0925148 -0.975774 -0.198254 -117.528 -71.5905 613.703 
0.88675 0.00297095 -0.462241 0.451632 -0.218669 0.864993 -0.0985077 -0.975794 -0.195246 -118.03 -71.7414 613.882 
0.893075 -0.00278661 -0.449899 0.439036 -0.213099 0.872832 -0.0983051 -0.977027 -0.18909 -118.186 -70.7205 613.979 
0.889514 -0.000461955 -0.456908 0.446364 -0.212715 0.869201 -0.0975925 -0.977114 -0.189006 -117.621 -70.7604 613.81 
0.888968 0.000537691 -0.457969 0.447594 -0.212665 0.868581 -0.0969265 -0.977125 -0.189292 -118.367 -71.1989 613.898 
0.890793 -0.000877811 -0.454408 0.444435 -0.206678 0.871643 -0.0946812 -0.978408 -0.183717 -119.241 -70.6965 614.017 
0.892835 -0.00172812 -0.450381 0.440473 -0.205283 0.873981 -0.0939656 -0.978701 -0.182522 -120.29 -70.8036 614.059 
0.891291 0.00338724 -0.453419 0.444182 -0.207464 0.871585 -0.0911155 -0.978237 -0.186415 -120.462 -70.954 613.555 
0.888979 0.00671309 -0.4579 0.448651 -0.213228 0.867897 -0.0918104 -0.976979 -0.192566 -121.03 -71.4629 613.457 
0.89012 0.00805144 -0.455654 0.446443 -0.216171 0.868308 -0.0915078 -0.976322 -0.196012 -122.069 -71.3848 613.399 
0.889863 0.00515941 -0.456198 0.446571 -0.214481 0.868661 -0.093364 -0.976714 -0.193163 -122.711 -71.3613 613.294 
0.889094 0.008484 -0.457646 0.448183 -0.219216 0.866647 -0.0929702 -0.975639 -0.198705 -122.599 -71.7274 612.994 
0.892003 0.00362103 -0.452016 0.442041 -0.216042 0.870589 -0.0945015 -0.976377 -0.19431 -123.275 -71.3063 613.022 
0.89047 0.00584352 -0.455005 0.445698 -0.212804 0.869522 -0.0917454 -0.977077 -0.192099 -122.967 -71.5773 612.684 
0.886024 0.00525809 -0.46361 0.453967 -0.213019 0.86518 -0.0942082 -0.977034 -0.191126 -123.524 -72.1543 612.776 
0.888395 0.0089476 -0.458993 0.450093 -0.21383 0.867002 -0.0903887 -0.97683 -0.193993 -123.631 -72.0733 612.615 
0.890796 0.0143106 -0.454178 0.447092 -0.206182 0.870401 -0.0811872 -0.978409 -0.190064 -123.215 -72.2459 612.431 
0.887877 0.0185982 -0.459705 0.453098 -0.208763 0.866672 -0.0798505 -0.977789 -0.193782 -122.947 -72.5248 612.379 
0.886639 0.034113 -0.461203 0.458487 -0.195321 0.866971 -0.0605076 -0.980146 -0.188819 -123.668 -72.5707 612.056 
0.880305 0.0470356 -0.472071 0.472262 -0.181421 0.862586 -0.045071 -0.98228 -0.181918 -123.504 -73.1255 611.494 
0.888015 0.058158 -0.456121 0.459294 -0.159345 0.873875 -0.0218577 -0.985508 -0.168212 -124.645 -73.1355 610.731 
0.884847 0.0615109 -0.461803 0.465576 -0.152598 0.871752 -0.0168476 -0.986372 -0.163663 -126.675 -74.2111 610.313 
0.885406 0.0657135 -0.46015 0.464662 -0.15071 0.872568 -0.0120095 -0.986391 -0.163974 -128.83 -75.1019 609.624 
0.88717 0.0726216 -0.455693 0.461401 -0.152933 0.873911 -0.00622524 -0.985565 -0.169185 -131.115 -76.2762 608.869 
0.886793 0.0799627 -0.455197 0.462163 -0.157387 0.872717 -0.00185718 -0.984294 -0.176525 -133.185 -77.181 608.63 
0.883455 0.0880045 -0.460176 0.468499 -0.157925 0.869234 0.00382367 -0.983522 -0.180749 -134.837 -78.3582 608.681 
0.879545 0.0961966 -0.465991 0.47572 -0.158079 0.865275 0.00957358 -0.982729 -0.1848 -136.694 -79.8849 608.651 
0.876884 0.107698 -0.468482 0.48037 -0.160173 0.862316 0.0178317 -0.981196 -0.192188 -139.319 -81.1527 608.77 
0.880376 0.106455 -0.462175 0.473913 -0.159333 0.866036 0.0185548 -0.981468 -0.190723 -141.779 -81.1675 609.087 
0.87705 0.114927 -0.46645 0.479783 -0.160389 0.862603 0.0243231 -0.98034 -0.195808 -144.202 -82.0914 609.398 
0.878526 0.111057 -0.464606 0.477296 -0.164359 0.863235 0.0195066 -0.980129 -0.1974 -146.478 -82.2565 609.977 
0.87406 0.113324 -0.472417 0.485379 -0.162383 0.859091 0.0206432 -0.980199 -0.196937 -149.449 -83.368 610.423 
0.867657 0.11992 -0.482485 0.496755 -0.169776 0.851123 0.0201526 -0.978159 -0.206877 -152.541 -84.7511 611.106 
0.865137 0.12646 -0.48533 0.500922 -0.170067 0.848619 0.024778 -0.977284 -0.210477 -155.746 -85.2069 611.568 
0.860969 0.129557 -0.491882 0.507861 -0.164843 0.84552 0.0284602 -0.977774 -0.207722 -158.736 -85.7443 611.826 
0.858297 0.132788 -0.495675 0.512407 -0.169687 0.841811 0.0276733 -0.976511 -0.213683 -160.984 -85.6234 612.271 
0.860404 0.143231 -0.489071 0.507863 -0.161539 0.846156 0.0421926 -0.976417 -0.21173 -163.873 -86.4692 612.097 
0.853169 0.138883 -0.502806 0.520636 -0.167132 0.83726 0.032246 -0.976104 -0.214899 -167.161 -87.3884 612.68 
0.850413 0.143213 -0.506249 0.524907 -0.165795 0.834855 0.0356289 -0.975706 -0.216167 -169.484 -88.2805 612.422 
0.846401 0.143498 -0.512849 0.531658 -0.172086 0.829292 0.0307475 -0.974574 -0.221945 -172.364 -89.4789 612.591 
0.844481 0.143459 -0.516015 0.534836 -0.174942 0.826647 0.0283178 -0.974071 -0.224462 -175.147 -90.1938 612.333 
0.836658 0.146163 -0.527864 0.547314 -0.185749 0.816054 0.0212268 -0.971665 -0.235405 -176.588 -90.7395 612.227 
0.833058 0.148927 -0.532761 0.552856 -0.190928 0.811108 0.0190775 -0.970241 -0.241389 -178.573 -91.281 612.351 
0.828314 0.157585 -0.537646 0.559575 -0.185111 0.807842 0.02778 -0.97 -0.241511 -180.883 -92.3537 612.081 
0.818623 0.170542 -0.548428 0.573191 -0.182449 0.798852 0.0361776 -0.968312 -0.24711 -183.116 -92.7395 611.476 
0.812712 0.178741 -0.554573 0.581501 -0.188674 0.791364 0.0368158 -0.965636 -0.257275 -185.384 -93.2183 611.454 
0.803697 0.177796 -0.567856 0.594171 -0.188262 0.781996 0.03213 -0.965891 -0.256946 -187.353 -93.6573 611.691 
0.792776 0.183125 -0.581353 0.608587 -0.185262 0.771557 0.0335888 -0.965476 -0.258318 -188.886 -93.7817 611.764 
0.779898 0.185191 -0.597882 0.6252 -0.185124 0.758191 0.0297283 -0.965108 -0.260159 -190.586 -94.6913 611.739 
0.772976 0.185501 -0.606711 0.633971 -0.189258 0.749841 0.0242721 -0.964246 -0.263894 -192.359 -94.1396 612.103 
0.759122 0.19208 -0.621964 0.650222 -0.178645 0.738442 0.0307296 -0.964982 -0.260508 -194.287 -94.2501 611.873 
0.744098 0.191139 -0.640143 0.667349 -0.168154 0.725513 0.0310315 -0.967052 -0.25268 -196.212 -93.8019 612.204 
0.718228 0.219159 -0.660392 0.693822 -0.153932 0.703502 0.0525233 -0.96347 -0.262616 -198.147 -93.8427 611.596 
0.694928 0.238094 -0.678518 0.716879 -0.155637 0.679603 0.0562073 -0.958691 -0.27884 -201.107 -94.4169 611.586 
0.681519 0.246574 -0.689009 0.728384 -0.137694 0.67119 0.0706258 -0.959292 -0.273441 -202.964 -93.2702 611.478 
0.668615 0.254454 -0.698719 0.73882 -0.12085 0.662978 0.0842578 -0.959504 -0.268797 -205.264 -92.1552 611.382 
0.661456 0.261032 -0.703092 0.744459 -0.114946 0.657698 0.0908627 -0.958462 -0.270359 -206.615 -91.4741 611.584 
0.661409 0.266365 -0.701134 0.744159 -0.116362 0.657789 0.0936274 -0.956822 -0.275181 -207.35 -91.3378 611.872 
0.656794 0.258288 -0.708456 0.74829 -0.107137 0.654663 0.0931899 -0.960109 -0.263641 -207.369 -90.2456 612.399 
0.651749 0.261576 -0.7119 0.752053 -0.101378 0.651259 0.0981831 -0.959844 -0.262792 -207.22 -90.5863 612.327 
0.651583 0.260612 -0.712406 0.752277 -0.101208 0.651026 0.0975641 -0.960124 -0.261997 -207.272 -90.0809 612.484 
0.65352 0.258946 -0.711237 0.751122 -0.105897 0.651614 0.0934151 -0.960069 -0.263706 -206.869 -89.7669 612.785 
0.656992 0.253342 -0.710056 0.747867 -0.100123 0.656255 0.0951642 -0.962181 -0.255246 -206.605 -89.7643 612.896 
0.652444 0.25005 -0.715396 0.751887 -0.0955311 0.652334 0.0947737 -0.963508 -0.250338 -206.29 -89.9159 613.228 
0.655893 0.250228 -0.712173 0.748927 -0.0977301 0.655405 0.0944 -0.963242 -0.251503 -206.23 -89.3905 613.194 
0.657688 0.247879 -0.711339 0.747849 -0.101561 0.656054 0.0903775 -0.963453 -0.252171 -206.223 -90.1343 613.376 
0.660519 0.244497 -0.709885 0.745853 -0.105219 0.657747 0.0861242 -0.963924 -0.251858 -206.182 -90.0537 613.757 
0.65949 0.24262 -0.711484 0.746028 -0.0950534 0.659095 0.0922813 -0.965453 -0.243688 -206.168 -89.7912 613.825 
0.659605 0.239111 -0.712564 0.746351 -0.0963926 0.658535 0.0887771 -0.966196 -0.242041 -205.817 -90.4014 614.143 
0.661039 0.237139 -0.711894 0.745313 -0.0977459 0.65951 0.0868111 -0.966546 -0.241356 -206.108 -90.8648 614.553 
0.659873 0.236284 -0.713259 0.746618 -0.0995256 0.657765 0.0844322 -0.966573 -0.242088 -205.964 -90.65 614.65 
0.668298 0.228684 -0.707872 0.739429 -0.100109 0.66575 0.0813817 -0.96834 -0.235998 -206.308 -89.9922 615.2 
RFing.0_0
-0.546612 -0.125744 -0.827891 0.125744 0.965126 -0.229609 0.827891 -0.229609 -0.511738 0.327304 -10.0113 -11.2501 
0.883863 0.0381987 -0.466184 0.460479 0.103952 0.881562 0.0821337 -0.993849 0.0742878 -124.554 -52.9109 621.81 
0.884849 0.0418152 -0.463997 0.457729 0.107432 0.882576 0.0867515 -0.993333 0.075919 -124.773 -53.0056 621.781 
0.888259 0.0466835 -0.456965 0.450404 0.106793 0.886414 0.0901799 -0.993185 0.0738316 -124.878 -52.5926 622.053 
0.892029 0.044558 -0.449776 0.442949 0.111733 0.889556 0.0898903 -0.992739 0.0799307 -124.567 -52.0867 622.391 
0.893164 0.0431049 -0.44766 0.44057 0.116021 0.890188 0.0903081 -0.992311 0.0846337 -125.094 -51.473 622.651 
0.894656 0.042755 -0.444705 0.437847 0.113881 0.891807 0.0887711 -0.992574 0.0831626 -125.281 -51.3581 622.473 
0.897987 0.0370486 -0.438459 0.432035 0.114757 0.894525 0.0834555 -0.992703 0.0870423 -125.702 -51.1718 622.304 
0.898703 0.0356719 -0.437105 0.430897 0.113665 0.895213 0.0816161 -0.992879 0.086779 -125.643 -51.0174 621.993 
0.902546 0.0295605 -0.429578 0.423449 0.120054 0.897929 0.078114 -0.992327 0.0958348 -125.637 -50.1277 622.247 
0.903552 0.0286926 -0.427517 0.421121 0.124647 0.898398 0.0790647 -0.991786 0.100541 -125.814 -49.5524 622.642 
0.90339 0.024483 -0.42812 0.422019 0.126342 0.897739 0.0760672 -0.991685 0.103802 -125.699 -49.1417 622.758 
0.903867 0.0311978 -0.426675 0.420258 0.121864 0.899183 0.0800474 -0.992056 0.0970365 -125.737 -48.6569 622.957 
0.909028 0.0302452 -0.415635 0.409324 0.122452 0.904134 0.0782394 -0.992014 0.0989305 -124.802 -48.5411 623.187 
0.912576 0.0327419 -0.407594 0.401107 0.122088 0.907858 0.0794857 -0.991979 0.09828 -124.529 -48.2152 623.161 
0.913263 0.0297041 -0.406287 0.39994 0.124255 0.908079 0.0774553 -0.991806 0.101596 -124.032 -48.1483 623.112 
0.914561 0.0294176 -0.403376 0.396317 0.133793 0.908312 0.0806875 -0.990573 0.110701 -123.734 -48.5246 623.155 
0.915305 0.0295712 -0.401675 0.394767 0.131861 0.909269 0.0798518 -0.990827 0.109017 -123.755 -48.7496 622.911 
0.913111 0.0323674 -0.406424 0.399666 0.125997 0.90796 0.0805949 -0.991503 0.102111 -123.51 -49.4186 622.6 
0.919172 0.031461 -0.392599 0.386056 0.125458 0.913904 0.0780054 -0.9916 0.10317 -123.355 -49.7243 622.537 
0.915574 0.0295465 -0.401063 0.394958 0.121694 0.910602 0.0757106 -0.992128 0.099749 -123.144 -50.4891 622.206 
0.91689 0.0240868 -0.398413 0.39265 0.124855 0.911173 0.0716893 -0.991883 0.105019 -122.851 -51.0184 622.179 
0.916024 0.0193298 -0.400658 0.395387 0.124822 0.909993 0.0675992 -0.991991 0.106695 -122.518 -51.2772 621.778 
0.917315 0.00848794 -0.398072 0.394436 0.117094 0.911432 0.0543464 -0.993085 0.104063 -122.261 -50.9753 621.321 
0.903426 -0.00241197 -0.428736 0.426329 0.111025 0.897728 0.0454336 -0.993815 0.10133 -122.802 -50.5971 621.153 
0.886443 -0.00239759 -0.462831 0.460155 0.112076 0.880735 0.049759 -0.993697 0.100451 -123.344 -50.0819 621.276 
0.884774 0.000106032 -0.46602 0.462906 0.115202 0.878888 0.0537779 -0.993342 0.101877 -123.059 -49.9574 621.327 
0.870529 -0.00169699 -0.492114 0.489331 0.109242 0.865228 0.0522897 -0.994014 0.0959271 -122.891 -49.448 620.876 
0.857428 -0.00449596 -0.514585 0.512104 0.105921 0.852367 0.0506715 -0.994365 0.0931203 -123.101 -49.0627 620.584 
0.841196 -0.000955078 -0.54073 0.537946 0.102851 0.836681 0.054814 -0.994696 0.08703 -123.106 -48.6074 620.51 
0.835 -0.00893466 -0.550177 0.54834 0.0967579 0.830638 0.0458109 -0.995268 0.0856905 -121.726 -49.445 619.905 
0.823101 -0.00795887 -0.56784 0.566337 0.0855484 0.819721 0.0420521 -0.996302 0.0749207 -121.156 -49.54 619.345 
0.826022 -0.00698028 -0.563595 0.56171 0.092839 0.822108 0.0465835 -0.995657 0.0806063 -119.832 -50.4321 619.286 
0.818532 -0.00334175 -0.574452 0.572148 0.0944058 0.814698 0.0515075 -0.995528 0.0791845 -118.786 -50.0108 619.098 
0.821524 -0.00169343 -0.570171 0.567703 0.0954301 0.817683 0.0530253 -0.995435 0.0793579 -117.467 -50.2651 618.757 
0.817623 -0.00975389 -0.575672 0.573945 0.0930359 0.813591 0.0456209 -0.995615 0.0816648 -116.555 -50.0664 618.531 
0.821594 -0.0211875 -0.56968 0.568945 0.0933274 0.817062 0.0358536 -0.99541 0.0887302 -114.687 -49.8722 618.313 
0.819903 -0.02337 -0.572025 0.571612 0.089127 0.815668 0.0319191 -0.995746 0.0864325 -112.334 -49.9773 617.699 
0.812323 -0.0395972 -0.581861 0.583191 0.0626836 0.809912 0.00440136 -0.997248 0.0740105 -109.925 -50.1014 615.667 
0.816753 -0.0502632 -0.574794 0.576924 0.0562713 0.814856 -0.00861446 -0.99715 0.0749563 -107.332 -50.1863 614.668 
0.803297 -0.0593582 -0.592613 0.595165 0.0429195 0.802456 -0.0221993 -0.997314 0.0698035 -106.428 -49.5769 613.709 
0.802236 -0.0620974 -0.593769 0.596273 0.0340169 0.80206 -0.0296093 -0.99749 0.064315 -104.626 -49.4115 612.939 
0.797332 -0.0654352 -0.599983 0.602419 0.0256807 0.797766 -0.0367956 -0.997526 0.0598938 -103.522 -48.9831 612.375 
0.789405 -0.0620194 -0.610731 0.612641 0.0166159 0.790185 -0.0388607 -0.997937 0.0511108 -101.768 -48.794 611.528 
0.790137 -0.0573569 -0.61024 0.611827 0.0141015 0.790865 -0.0367579 -0.998254 0.0462331 -99.7421 -49.052 611.228 
0.801893 -0.0561475 -0.594823 0.596449 0.0171113 0.802468 -0.03488 -0.998276 0.047209 -96.9813 -49.8486 611.037 
