Lower Arm L
-0.305218 -0.320392 -0.896767 0.320392 0.852254 -0.413536 0.896767 -0.413536 -0.157472 11.677 7.89292 -70.5016 
-0.939688 0.295651 0.171978 -0.247508 -0.240753 -0.938498 -0.236063 -0.924461 0.299409 217.578 -62.3846 597.048 
-0.93806 0.303123 0.167807 -0.246216 -0.242461 -0.938398 -0.243762 -0.92159 0.302078 217.434 -62.2431 597.421 
-0.936753 0.309012 0.16433 -0.246281 -0.248386 -0.93683 -0.248674 -0.91805 0.308781 217.214 -62.3641 597.438 
-0.93547 0.317515 0.155174 -0.241241 -0.252851 -0.936947 -0.258258 -0.91392 0.313133 217.361 -62.6377 597.832 
-0.935142 0.317261 0.157655 -0.24396 -0.253997 -0.935932 -0.25689 -0.913691 0.314923 216.818 -62.5271 597.553 
-0.933323 0.319234 0.164305 -0.248962 -0.245701 -0.936829 -0.258698 -0.91527 0.308796 216.868 -61.5921 597.449 
-0.933348 0.321132 0.160422 -0.244971 -0.243139 -0.938548 -0.262392 -0.915291 0.305602 216.623 -61.4143 597.204 
-0.932817 0.322956 0.15985 -0.245637 -0.245314 -0.937808 -0.263657 -0.914068 0.308163 216.324 -60.6412 596.745 
-0.932777 0.322407 0.161183 -0.246202 -0.243265 -0.938193 -0.263269 -0.914809 0.30629 215.86 -59.8945 596.362 
-0.932441 0.325102 0.157675 -0.244386 -0.246029 -0.937947 -0.266135 -0.913114 0.308859 215.744 -59.7423 596.377 
-0.930784 0.327048 0.163338 -0.251209 -0.247611 -0.935726 -0.265582 -0.911991 0.312631 214.843 -59.0349 596.132 
-0.92993 0.329334 0.163612 -0.251527 -0.245072 -0.936309 -0.268261 -0.911854 0.310737 214.247 -58.4272 596.089 
-0.928502 0.332947 0.164404 -0.254146 -0.247013 -0.93509 -0.270725 -0.910016 0.31397 213.939 -58.1883 595.892 
-0.926359 0.337823 0.166536 -0.25992 -0.253395 -0.93179 -0.27258 -0.906458 0.322543 213.45 -58.1227 595.733 
-0.924217 0.340206 0.173441 -0.266117 -0.248067 -0.931474 -0.273867 -0.90704 0.319803 212.963 -57.9804 595.312 
-0.921109 0.345004 0.180361 -0.271892 -0.238525 -0.932298 -0.278625 -0.907787 0.313512 212.181 -57.6742 595.131 
-0.919409 0.348098 0.183067 -0.27482 -0.235628 -0.932177 -0.281352 -0.907363 0.312304 211.793 -58.3759 594.851 
-0.917036 0.3549 0.181906 -0.277234 -0.239423 -0.930493 -0.286679 -0.903727 0.31795 211.44 -59.1484 594.684 
-0.912177 0.361859 0.192327 -0.290371 -0.239567 -0.926441 -0.289165 -0.900925 0.323601 210.538 -59.1906 594.461 
-0.907759 0.368175 0.201045 -0.299126 -0.232109 -0.925553 -0.294101 -0.900318 0.32083 209.341 -59.0938 594.661 
-0.900445 0.384892 0.202622 -0.306042 -0.229589 -0.923919 -0.309089 -0.89395 0.324527 208.724 -59.21 595.798 
-0.894965 0.392747 0.211628 -0.317329 -0.226967 -0.920754 -0.31359 -0.891199 0.327758 207.204 -58.952 596.264 
-0.887313 0.404039 0.222324 -0.325646 -0.207584 -0.922423 -0.326543 -0.890876 0.315766 205.694 -57.9708 597.626 
-0.875827 0.428142 0.222759 -0.331401 -0.197966 -0.922487 -0.350856 -0.881762 0.315271 204.721 -57.9981 599.611 
-0.863678 0.449077 0.228888 -0.34261 -0.18997 -0.920071 -0.3697 -0.873064 0.317931 204.113 -57.278 600.826 
-0.85368 0.466995 0.230535 -0.349732 -0.186049 -0.91819 -0.385898 -0.864466 0.32215 202.776 -57.446 601.738 
-0.843329 0.480976 0.239705 -0.360496 -0.175526 -0.916097 -0.398545 -0.858984 0.321416 201.308 -56.4384 602.571 
-0.838918 0.488932 0.239086 -0.359142 -0.167236 -0.918177 -0.408942 -0.856141 0.315894 200.219 -56.1902 603.46 
-0.831551 0.502853 0.235927 -0.361416 -0.167297 -0.917273 -0.421783 -0.848027 0.320856 198.945 -55.6284 604.774 
-0.821577 0.518714 0.236529 -0.371011 -0.17147 -0.91266 -0.432851 -0.837576 0.333325 197.433 -54.2912 606.16 
-0.81896 0.524065 0.233797 -0.369776 -0.17038 -0.913365 -0.438828 -0.834462 0.333321 196.271 -53.7723 607.292 
-0.817685 0.528069 0.229204 -0.370938 -0.178846 -0.911273 -0.440222 -0.830155 0.342121 194.67 -53.2308 608.262 
-0.811687 0.536801 0.230234 -0.375181 -0.177053 -0.909886 -0.447663 -0.824922 0.345109 192.938 -51.6231 609.569 
-0.808749 0.542772 0.226547 -0.376378 -0.181623 -0.908489 -0.451956 -0.820007 0.351175 190.535 -51.0349 610.572 
-0.805928 0.545396 0.230266 -0.381083 -0.180276 -0.906795 -0.453051 -0.818562 0.353131 188.284 -49.7454 611.46 
-0.797304 0.556444 0.233829 -0.389539 -0.178461 -0.903555 -0.461048 -0.811493 0.359044 185.624 -48.6232 612.765 
-0.794537 0.56152 0.231097 -0.391177 -0.182245 -0.90209 -0.464424 -0.807144 0.364455 182.846 -48.3111 613.44 
-0.782503 0.578769 0.229597 -0.399142 -0.183254 -0.89839 -0.477885 -0.794634 0.374408 178.58 -47.3951 615.48 
-0.774711 0.586749 0.235685 -0.403087 -0.171093 -0.899026 -0.487178 -0.791487 0.369059 175.229 -46.6742 616.377 
-0.770354 0.59673 0.224649 -0.400805 -0.179178 -0.898471 -0.495892 -0.782181 0.377203 173.028 -47.0848 617.083 
-0.766205 0.603274 0.221336 -0.410459 -0.194449 -0.890906 -0.494421 -0.773466 0.396607 171.285 -46.1828 617.672 
-0.765577 0.605338 0.217846 -0.411067 -0.199791 -0.889442 -0.494889 -0.770486 0.401791 169.03 -46.2436 618.216 
-0.765004 0.607561 0.213629 -0.412515 -0.20753 -0.886997 -0.49457 -0.766681 0.40939 166.476 -45.9617 618.98 
-0.769649 0.603596 0.208116 -0.409743 -0.216971 -0.886022 -0.489643 -0.7672 0.414311 164.598 -45.6807 619.882 
-0.768785 0.603462 0.211669 -0.415479 -0.219698 -0.882672 -0.486155 -0.766529 0.419626 162.125 -44.8521 621.049 
-0.772799 0.597236 0.214689 -0.419513 -0.22688 -0.878939 -0.476225 -0.769308 0.425881 159.393 -44.7689 621.611 
-0.771969 0.597206 0.217737 -0.422498 -0.226131 -0.877702 -0.474931 -0.769551 0.426885 156.443 -44.1535 622.208 
-0.767943 0.603197 0.215443 -0.426025 -0.229849 -0.875027 -0.478294 -0.763755 0.433488 153.671 -43.6697 622.467 
-0.768883 0.602483 0.214085 -0.430058 -0.239534 -0.870444 -0.473147 -0.761339 0.443277 151.807 -43.6251 622.01 
-0.769358 0.601559 0.214976 -0.432802 -0.243325 -0.868029 -0.469861 -0.760868 0.447561 150.179 -43.9432 621.882 
-0.767417 0.604489 0.21369 -0.435967 -0.24761 -0.865229 -0.470109 -0.757154 0.453558 147.723 -44.5464 621.585 
-0.76629 0.604361 0.218054 -0.443071 -0.251299 -0.860544 -0.465282 -0.75604 0.460344 145.732 -44.3274 620.859 
-0.76683 0.602168 0.222181 -0.44427 -0.248129 -0.860846 -0.463244 -0.758831 0.457798 143.966 -44.468 620.326 
-0.764698 0.604183 0.224051 -0.447992 -0.24854 -0.858796 -0.463184 -0.757093 0.460728 142.038 -44.2837 619.671 
-0.765284 0.604178 0.222055 -0.44918 -0.254151 -0.856531 -0.461061 -0.755232 0.465883 140.753 -44.1792 618.893 
-0.766121 0.602173 0.224602 -0.447887 -0.249604 -0.858543 -0.460929 -0.758343 0.460933 139.404 -43.9444 618.121 
-0.764299 0.606537 0.218996 -0.445044 -0.250362 -0.859799 -0.466671 -0.754607 0.461288 138.165 -43.9632 617.813 
-0.765542 0.605236 0.218254 -0.446455 -0.25546 -0.857565 -0.463273 -0.753943 0.465776 137.508 -43.032 617.082 
-0.764994 0.604018 0.223486 -0.449062 -0.251515 -0.85737 -0.461657 -0.756242 0.46365 136.801 -42.7996 616.617 
-0.760749 0.607282 0.22906 -0.45332 -0.244577 -0.857136 -0.4645 -0.755904 0.461356 135.433 -42.4521 616.344 
-0.757775 0.609713 0.232435 -0.455716 -0.23957 -0.85728 -0.46701 -0.75555 0.459397 133.977 -42.8904 616.151 
-0.756514 0.608947 0.238473 -0.458673 -0.234129 -0.857206 -0.466159 -0.75787 0.45643 132.441 -42.832 615.694 
-0.754456 0.61147 0.238538 -0.459746 -0.232951 -0.856953 -0.468432 -0.7562 0.456872 131.249 -42.9116 615.732 
-0.751512 0.613871 0.241645 -0.464165 -0.231712 -0.854904 -0.468808 -0.754633 0.459072 130.049 -43.0491 615.64 
-0.749365 0.61567 0.243726 -0.46764 -0.231483 -0.85307 -0.46879 -0.753237 0.461378 128.811 -42.9729 615.75 
-0.748762 0.616077 0.244551 -0.468554 -0.230988 -0.852703 -0.468841 -0.753056 0.461621 127.971 -43.4087 616.15 
-0.751133 0.612806 0.245495 -0.469434 -0.234362 -0.851297 -0.464144 -0.754681 0.46371 127.336 -43.7707 616.113 
-0.750598 0.613326 0.245833 -0.471263 -0.236123 -0.849799 -0.463156 -0.753709 0.466271 126.388 -44.4886 616.245 
-0.749159 0.61633 0.242687 -0.473174 -0.241553 -0.847206 -0.463536 -0.749526 0.472594 125.912 -44.879 616.443 
-0.746856 0.619688 0.24123 -0.47236 -0.239044 -0.848371 -0.46806 -0.747559 0.471248 125.541 -44.7334 616.994 
-0.74915 0.618979 0.23588 -0.469749 -0.245377 -0.848013 -0.467021 -0.746093 0.47459 125.747 -45.0347 617.221 
-0.747962 0.620846 0.234739 -0.469076 -0.24422 -0.848719 -0.469595 -0.74492 0.473892 125.438 -44.9064 617.621 
-0.745765 0.623864 0.233727 -0.469687 -0.243547 -0.848575 -0.472471 -0.742616 0.47465 124.895 -44.5461 618.025 
-0.747784 0.621941 0.232395 -0.465035 -0.240803 -0.851913 -0.473877 -0.745119 0.469294 124.525 -44.6881 618.308 
-0.746444 0.623729 0.231914 -0.466792 -0.242399 -0.850499 -0.474264 -0.743105 0.472089 123.812 -44.3723 618.558 
-0.748417 0.624388 0.223634 -0.462254 -0.249281 -0.850988 -0.475598 -0.740269 0.475193 124.406 -44.7733 619.247 
-0.749544 0.625967 0.215287 -0.458637 -0.256574 -0.850777 -0.477321 -0.736434 0.479406 124.368 -45.2507 619.828 
-0.748887 0.627747 0.212372 -0.45674 -0.256724 -0.851752 -0.480163 -0.734865 0.478975 124.502 -45.4914 620.488 
-0.750667 0.625091 0.213916 -0.456938 -0.257351 -0.851456 -0.477186 -0.736906 0.478813 124.409 -45.307 620.52 
-0.749439 0.62457 0.219668 -0.460786 -0.253798 -0.850449 -0.475412 -0.738579 0.478 122.324 -45.1758 620.288 
-0.753694 0.621475 0.21381 -0.457014 -0.261792 -0.850061 -0.472317 -0.7384 0.481334 122.931 -45.8019 620.416 
-0.751943 0.622476 0.217035 -0.457907 -0.25635 -0.851238 -0.474238 -0.739464 0.477798 121.475 -45.9257 620.339 
-0.749737 0.625771 0.215186 -0.459354 -0.258082 -0.849934 -0.476328 -0.736073 0.480945 120.649 -45.8975 620.526 
-0.75066 0.62519 0.21365 -0.456152 -0.256491 -0.852137 -0.477947 -0.737122 0.47772 120.756 -45.9278 620.711 
-0.750565 0.625878 0.211966 -0.456045 -0.25849 -0.85159 -0.478199 -0.735839 0.479443 120.262 -46.0456 620.566 
-0.753609 0.622089 0.212315 -0.453522 -0.258281 -0.853 -0.475804 -0.739118 0.476775 120.167 -46.2151 620.255 
-0.755 0.621438 0.209259 -0.450505 -0.259703 -0.854166 -0.476465 -0.739168 0.476037 119.231 -46.6906 619.947 
-0.755192 0.621376 0.208751 -0.449919 -0.259756 -0.854459 -0.476715 -0.739201 0.475735 118.414 -46.8733 619.647 
-0.754561 0.622381 0.208039 -0.452216 -0.263425 -0.85212 -0.47554 -0.737054 0.480221 118.061 -46.7163 619.491 
-0.753713 0.622692 0.210169 -0.45233 -0.259514 -0.853259 -0.476775 -0.738178 0.477262 117.994 -45.9975 619.516 
-0.752985 0.622031 0.214687 -0.452721 -0.252928 -0.855027 -0.477552 -0.741016 0.472058 116.969 -45.8018 619.182 
-0.75185 0.622967 0.215947 -0.453263 -0.250499 -0.855455 -0.478825 -0.741055 0.470706 116.147 -45.7798 619.102 
-0.751385 0.62435 0.213557 -0.45357 -0.253622 -0.854371 -0.479264 -0.738825 0.473755 115.993 -45.9 618.875 
-0.754891 0.620666 0.211925 -0.449617 -0.254504 -0.856196 -0.477476 -0.74162 0.471185 115.804 -46.3002 618.442 
-0.754158 0.620008 0.216415 -0.451034 -0.249513 -0.85692 -0.477299 -0.743863 0.467817 115.539 -46.0995 618.099 
-0.754168 0.619117 0.218916 -0.452683 -0.248646 -0.856302 -0.475718 -0.744895 0.467785 115.115 -46.1162 617.643 
-0.753014 0.620661 0.218518 -0.454947 -0.251163 -0.854365 -0.475387 -0.742763 0.471497 115.304 -46.062 617.735 
-0.754209 0.619117 0.218775 -0.456238 -0.254475 -0.852696 -0.472244 -0.742925 0.474392 116.324 -46.1723 617.649 
-0.752814 0.619875 0.221417 -0.458729 -0.252831 -0.851847 -0.472057 -0.742853 0.47469 116.678 -45.9634 617.255 
-0.752351 0.619648 0.223616 -0.461738 -0.253916 -0.849897 -0.469856 -0.742673 0.47715 117.531 -45.9248 616.719 
-0.751665 0.616453 0.234489 -0.468466 -0.24875 -0.84774 -0.464262 -0.747067 0.475764 119.056 -45.2131 615.968 
-0.753055 0.607457 0.252791 -0.471679 -0.230553 -0.851096 -0.458722 -0.760159 0.460144 120.568 -44.7381 615.354 
-0.753336 0.601644 0.265536 -0.473411 -0.215866 -0.853981 -0.456471 -0.769042 0.447445 122.445 -44.4896 615.148 
-0.757573 0.592429 0.274063 -0.474968 -0.212293 -0.854013 -0.44776 -0.777148 0.442213 123.75 -44.4501 614.809 
-0.76954 0.575326 0.27714 -0.469775 -0.216042 -0.855943 -0.432572 -0.788876 0.436527 125.758 -45.0288 614.37 
-0.776757 0.565268 0.277705 -0.467013 -0.221128 -0.856155 -0.422548 -0.794716 0.435751 127.495 -45.4809 614.337 
-0.783264 0.555866 0.278406 -0.465566 -0.227682 -0.855225 -0.412002 -0.799483 0.437128 129.126 -45.6013 614.565 
-0.791994 0.547521 0.270121 -0.457557 -0.239376 -0.856353 -0.40421 -0.801823 0.440107 131.853 -46.7005 614.867 
-0.799946 0.539121 0.263504 -0.448806 -0.246045 -0.85909 -0.398319 -0.805488 0.438784 135.274 -47.2452 614.93 
-0.801693 0.538517 0.259397 -0.446163 -0.250324 -0.85923 -0.397776 -0.804573 0.44095 138.315 -47.0116 615.098 
-0.804036 0.533144 0.263217 -0.444346 -0.244641 -0.861805 -0.395071 -0.809881 0.433602 141.243 -47.1636 615.108 
-0.806519 0.529359 0.263259 -0.442711 -0.245636 -0.862363 -0.391833 -0.81206 0.432464 143.981 -47.3306 615.093 
-0.811584 0.523638 0.259103 -0.436994 -0.249724 -0.864103 -0.387772 -0.814519 0.431499 147.235 -47.6637 615.308 
-0.825187 0.50628 0.250491 -0.427878 -0.270746 -0.862332 -0.368761 -0.818766 0.440043 152.76 -49.2642 615.653 
-0.831408 0.497239 0.248018 -0.421383 -0.27325 -0.864738 -0.36221 -0.823461 0.436711 156.844 -48.9639 615.823 
-0.839325 0.49066 0.234065 -0.411592 -0.292276 -0.86323 -0.35514 -0.82087 0.447267 160.827 -50.2464 615.844 
-0.844703 0.484692 0.227047 -0.404214 -0.299629 -0.864195 -0.350838 -0.821764 0.449018 165.323 -50.1787 615.824 
-0.85166 0.477419 0.216208 -0.391049 -0.304204 -0.868643 -0.348935 -0.824336 0.445773 170.33 -50.3027 615.545 
-0.856938 0.475779 0.198221 -0.376152 -0.314369 -0.871597 -0.352372 -0.821466 0.448361 175.055 -51.0599 615.684 
-0.864976 0.466006 0.186155 -0.360073 -0.317991 -0.877057 -0.349518 -0.825663 0.442851 179.303 -51.3007 615.3 
-0.870358 0.459851 0.176105 -0.348266 -0.322024 -0.880347 -0.348117 -0.827549 0.440427 183.829 -52.2229 615.558 
-0.873746 0.456421 0.168066 -0.340461 -0.327167 -0.881503 -0.347351 -0.82743 0.441255 187.359 -52.4894 615.791 
-0.878255 0.452311 0.155189 -0.329586 -0.337421 -0.881771 -0.34647 -0.825568 0.445417 191.22 -52.8002 615.859 
-0.878263 0.457618 0.13871 -0.317881 -0.34204 -0.884285 -0.357219 -0.820728 0.44587 195.522 -52.8475 616.666 
-0.878963 0.457274 0.135368 -0.310606 -0.333543 -0.890097 -0.361866 -0.824409 0.435204 198.945 -51.7972 616.545 
-0.883435 0.452166 0.122832 -0.294386 -0.331689 -0.896281 -0.364525 -0.827966 0.426137 202.528 -52.1023 616.161 
-0.886085 0.448495 0.117065 -0.2858 -0.329801 -0.89975 -0.364925 -0.830712 0.420412 205.62 -51.6017 615.869 
-0.887401 0.448227 0.107762 -0.275177 -0.327481 -0.903899 -0.369861 -0.831774 0.413949 208.636 -51.348 616.627 
-0.885104 0.454077 0.102003 -0.266907 -0.315722 -0.910539 -0.381249 -0.833147 0.400643 210.901 -50.0814 618.037 
-0.887747 0.451982 0.087282 -0.253061 -0.320787 -0.912719 -0.384533 -0.832351 0.399157 213.18 -49.7857 618.869 
-0.893941 0.443515 0.0645272 -0.227496 -0.324982 -0.91795 -0.386154 -0.835273 0.391413 215.378 -49.6302 619.584 
-0.899065 0.436257 0.0369018 -0.199393 -0.332963 -0.921617 -0.389774 -0.835951 0.386343 217.297 -49.5148 620.297 
-0.909347 0.415844 0.0126932 -0.17322 -0.350696 -0.92033 -0.378262 -0.839098 0.390938 220.418 -49.4628 620.279 
-0.926363 0.376472 -0.0109542 -0.135659 -0.360658 -0.92278 -0.35135 -0.853343 0.385172 223.716 -49.7696 619.59 
-0.94625 0.320041 -0.0467318 -0.0786309 -0.367781 -0.926582 -0.313731 -0.873104 0.373179 227.273 -50.95 618.359 
-0.956135 0.287504 -0.0560958 -0.0582948 -0.374428 -0.925422 -0.287066 -0.881558 0.374764 228.41 -50.1246 618.4 
-0.957537 0.281375 -0.0628586 -0.0497377 -0.375969 -0.925296 -0.283987 -0.882879 0.374 230.194 -49.4039 619.62 
-0.958403 0.276141 -0.072173 -0.0411576 -0.383937 -0.922442 -0.282433 -0.881101 0.379332 231.014 -49.0942 620.494 
-0.959499 0.272773 -0.0703995 -0.0422269 -0.386336 -0.921391 -0.278527 -0.881101 0.382208 231.814 -48.6791 620.673 
-0.958271 0.278486 -0.0645062 -0.0489395 -0.38215 -0.922803 -0.281638 -0.881139 0.379833 233.081 -48.255 620.833 
-0.957325 0.281478 -0.0655656 -0.0533518 -0.395074 -0.917098 -0.284046 -0.874463 0.393232 233.517 -49.7813 620.93 
-0.954018 0.292821 -0.064079 -0.0625422 -0.403521 -0.91283 -0.293152 -0.866849 0.40328 234.176 -50.8769 621.468 
-0.951842 0.301161 -0.057422 -0.0700788 -0.396055 -0.915549 -0.298469 -0.867434 0.398087 234.492 -50.6948 621.702 
-0.951521 0.302028 -0.058196 -0.0697042 -0.396018 -0.915593 -0.299581 -0.86715 0.397872 234.282 -51.3746 621.69 
-0.951114 0.302578 -0.0618715 -0.0681312 -0.400965 -0.913556 -0.30123 -0.864681 0.401979 234.274 -51.9294 621.73 
-0.949615 0.307708 -0.0595501 -0.0715023 -0.397687 -0.914731 -0.305152 -0.864384 0.399653 234.499 -51.5827 621.761 
-0.949442 0.308549 -0.057934 -0.0738024 -0.39873 -0.914094 -0.305142 -0.863604 0.401344 234.7 -51.8062 621.886 
-0.95044 0.306076 -0.054596 -0.0746091 -0.395006 -0.915644 -0.301821 -0.866191 0.398266 234.77 -52.0044 621.897 
-0.949717 0.307824 -0.057285 -0.0736978 -0.397581 -0.914603 -0.304311 -0.864392 0.400276 235.133 -52.6916 622.295 
-0.948477 0.311674 -0.0570129 -0.0765334 -0.399973 -0.913326 -0.307463 -0.861905 0.403219 235.227 -52.6062 622.785 
-0.948373 0.311372 -0.0602935 -0.0742027 -0.402668 -0.912334 -0.308353 -0.860759 0.404985 235.205 -53.1167 623.168 
-0.947667 0.312826 -0.0637716 -0.0703513 -0.399454 -0.91405 -0.311412 -0.861728 0.400558 234.954 -52.7597 623.279 
-0.946576 0.314473 -0.0714088 -0.0659608 -0.405563 -0.911684 -0.31566 -0.858268 0.40464 235.245 -53.3786 623.609 
LFing.0_Hand
0.281918 0.0634359 -0.957339 -0.0634359 0.996861 0.047374 0.957339 0.047374 0.285057 17.1629 13.0369 -53.3627 
-0.923459 -0.14395 -0.355672 0.335021 0.149372 -0.930295 0.187042 -0.978247 -0.0897124 200.165 -55.9618 594.633 
-0.924735 -0.135007 -0.355863 0.336776 0.145389 -0.930293 0.177334 -0.980121 -0.088979 200.054 -55.7938 594.849 
-0.925034 -0.128504 -0.35749 0.33947 0.14276 -0.929721 0.170508 -0.98138 -0.0884343 199.862 -55.9046 594.709 
-0.925755 -0.116986 -0.359571 0.343013 0.140345 -0.928787 0.159118 -0.983168 -0.0897974 200.079 -56.0798 594.895 
-0.926106 -0.118634 -0.358124 0.341611 0.139119 -0.929488 0.16009 -0.983144 -0.0883118 199.519 -56.0157 594.619 
-0.927938 -0.121045 -0.352533 0.335453 0.14111 -0.931429 0.16249 -0.982567 -0.0903367 199.522 -55.1857 594.554 
-0.926877 -0.115503 -0.357152 0.339758 0.146332 -0.92906 0.159571 -0.98247 -0.096388 199.307 -54.9414 594.284 
-0.927109 -0.113971 -0.357042 0.340156 0.144108 -0.929262 0.157361 -0.982977 -0.094836 199.013 -54.176 593.775 
-0.928204 -0.116773 -0.353272 0.335889 0.145441 -0.930605 0.160049 -0.982452 -0.0957763 198.539 -53.4433 593.419 
-0.928479 -0.114982 -0.353137 0.33566 0.147108 -0.930426 0.158931 -0.982415 -0.0979911 198.45 -53.2533 593.358 
-0.929038 -0.118808 -0.350391 0.333616 0.140463 -0.932186 0.159967 -0.982932 -0.0908588 197.511 -52.6652 593.079 
-0.93041 -0.116799 -0.347412 0.330517 0.142314 -0.933009 0.158416 -0.982907 -0.0938059 196.915 -52.0681 593.013 
-0.93219 -0.114329 -0.34344 0.32691 0.141451 -0.93441 0.155409 -0.983322 -0.094484 196.605 -51.8726 592.738 
-0.933148 -0.11185 -0.34165 0.326702 0.132704 -0.935765 0.150003 -0.984825 -0.0872901 196.107 -51.8993 592.452 
-0.938858 -0.110924 -0.325947 0.309845 0.140617 -0.940332 0.150138 -0.983831 -0.0976498 195.574 -51.8789 592.04 
-0.941984 -0.10947 -0.317303 0.300905 0.143475 -0.9428 0.148733 -0.983581 -0.102211 194.752 -51.6958 591.851 
-0.944281 -0.103817 -0.312337 0.296218 0.14563 -0.943953 0.143483 -0.983878 -0.106763 194.349 -52.4566 591.539 
-0.946497 -0.0971463 -0.307744 0.292926 0.141534 -0.945602 0.135417 -0.985156 -0.105505 194.014 -53.2656 591.219 
-0.949742 -0.0965699 -0.297767 0.283822 0.135602 -0.949241 0.132045 -0.986047 -0.101378 193.054 -53.5482 590.89 
-0.952766 -0.09508 -0.288439 0.274394 0.137589 -0.951724 0.130175 -0.985916 -0.105001 191.812 -53.6277 591.039 
-0.957956 -0.0806055 -0.27536 0.262374 0.14227 -0.954421 0.116107 -0.986541 -0.11514 191.217 -53.8771 591.881 
-0.961428 -0.081893 -0.262582 0.250033 0.137632 -0.958406 0.114626 -0.987093 -0.111847 189.658 -53.8349 592.234 
-0.965527 -0.0715482 -0.250278 0.237494 0.151468 -0.959508 0.106559 -0.98587 -0.129253 188.11 -53.0514 593.513 
-0.969842 -0.046311 -0.239295 0.229397 0.158335 -0.960369 0.0823638 -0.986299 -0.142936 187.202 -53.2093 595.09 
-0.973621 -0.030458 -0.226131 0.218695 0.158103 -0.9629 0.0650794 -0.986953 -0.147271 186.628 -52.7205 595.951 
-0.975579 -0.0182918 -0.218887 0.213283 0.159311 -0.963914 0.0525023 -0.98706 -0.151519 185.348 -53.0335 596.534 
-0.978963 -0.00880586 -0.203846 0.199702 0.163486 -0.966122 0.0418329 -0.986507 -0.158288 183.887 -52.2584 597.156 
-0.980097 -0.00452438 -0.198469 0.194681 0.173763 -0.965353 0.0388536 -0.984778 -0.169423 182.836 -52.0062 597.926 
-0.98092 0.00601075 -0.194319 0.192338 0.175594 -0.965491 0.0283173 -0.984445 -0.1734 181.644 -51.4879 598.959 
-0.983695 0.0163651 -0.179098 0.1793 0.16666 -0.969576 0.0139806 -0.985879 -0.166876 180.208 -50.3242 600.007 
-0.984135 0.0220491 -0.176046 0.177197 0.172107 -0.969011 0.00893229 -0.984832 -0.173283 179.089 -49.7843 601.034 
-0.983143 0.0267231 -0.180876 0.182814 0.160253 -0.969999 0.00306406 -0.986715 -0.162437 177.534 -49.2433 601.877 
-0.984723 0.0331169 -0.170948 0.174049 0.157993 -0.97198 -0.00518098 -0.986885 -0.161343 175.846 -47.7221 603.018 
-0.985203 0.0391794 -0.166852 0.170966 0.156133 -0.972828 -0.0120643 -0.986959 -0.16052 173.497 -47.1456 603.874 
-0.98675 0.0403955 -0.157141 0.16149 0.150907 -0.975269 -0.0156833 -0.987723 -0.155431 171.241 -45.9508 604.72 
-0.987525 0.0511904 -0.148906 0.155008 0.149841 -0.976484 -0.027675 -0.987385 -0.155906 168.629 -44.998 605.812 
-0.98842 0.053302 -0.142074 0.148371 0.143175 -0.978513 -0.0318158 -0.988262 -0.149425 165.898 -44.7084 606.363 
-0.988728 0.0747777 -0.129709 0.139377 0.143298 -0.979817 -0.054682 -0.986851 -0.152104 161.754 -43.9462 608.044 
-0.988745 0.0799483 -0.126458 0.137424 0.151188 -0.978906 -0.0591435 -0.985267 -0.160473 158.428 -43.3339 608.837 
-0.985737 0.0945901 -0.139193 0.15193 0.144447 -0.97778 -0.0723829 -0.984982 -0.156757 156.357 -43.6788 609.288 
-0.986012 0.101441 -0.132249 0.144353 0.123082 -0.981842 -0.0833218 -0.987199 -0.136003 154.681 -42.9305 609.672 
-0.984594 0.104536 -0.140168 0.152091 0.116476 -0.98148 -0.0862747 -0.987677 -0.13058 152.46 -42.9911 610.145 
-0.983879 0.106912 -0.143361 0.154736 0.107003 -0.982145 -0.0896634 -0.988495 -0.121821 149.946 -42.7206 610.823 
-0.98378 0.106952 -0.144008 0.154789 0.100455 -0.982827 -0.0906494 -0.989177 -0.115381 148.068 -42.3645 611.755 
-0.984284 0.105056 -0.141941 0.152042 0.0953411 -0.983765 -0.0898179 -0.989886 -0.109815 145.574 -41.6445 612.921 
-0.984951 0.0968643 -0.143138 0.151523 0.0855689 -0.984743 -0.0831388 -0.991613 -0.098958 142.779 -41.6275 613.587 
-0.985396 0.096617 -0.140211 0.148275 0.0820359 -0.985538 -0.0837179 -0.991936 -0.0951634 139.812 -41.0733 614.194 
-0.983972 0.104481 -0.144509 0.15303 0.0787101 -0.985082 -0.0915487 -0.991408 -0.0934369 137.098 -40.653 614.311 
-0.984862 0.100147 -0.141483 0.148855 0.0703975 -0.98635 -0.0888207 -0.99248 -0.0842389 135.236 -40.6718 613.827 
-0.985352 0.100217 -0.137977 0.145129 0.0679415 -0.987078 -0.089548 -0.992644 -0.0814903 133.596 -41.0386 613.706 
-0.983743 0.105236 -0.145517 0.152191 0.0583994 -0.986625 -0.0953308 -0.992732 -0.0734656 131.169 -41.6985 613.33 
-0.985187 0.104438 -0.13601 0.142089 0.053118 -0.988428 -0.0960055 -0.993112 -0.0671703 129.153 -41.6177 612.607 
-0.985184 0.102349 -0.137609 0.143236 0.0497971 -0.988435 -0.0943132 -0.993502 -0.0637191 127.349 -41.7879 612.143 
-0.985697 0.103175 -0.133251 0.138776 0.0483306 -0.989144 -0.095615 -0.993489 -0.0619572 125.426 -41.6789 611.452 
-0.984914 0.104695 -0.137781 0.142799 0.0420158 -0.98886 -0.09774 -0.993617 -0.056332 124.152 -41.5897 610.648 
-0.985594 0.101715 -0.135126 0.140416 0.0467499 -0.988989 -0.094278 -0.993715 -0.0603584 122.774 -41.3357 609.94 
-0.983237 0.108819 -0.146295 0.151745 0.0435592 -0.98746 -0.101082 -0.993107 -0.0593414 121.598 -41.2952 609.524 
-0.9839 0.108682 -0.141875 0.147133 0.0419528 -0.988227 -0.101451 -0.993192 -0.0572678 120.935 -40.3847 608.798 
-0.985378 0.106308 -0.133148 0.138594 0.0455623 -0.989301 -0.0991046 -0.993289 -0.0596295 120.191 -40.2119 608.389 
-0.985773 0.10868 -0.128219 0.134491 0.0524684 -0.989525 -0.100814 -0.992692 -0.0663381 118.819 -39.9629 608.093 
-0.985686 0.113372 -0.124779 0.131504 0.0538769 -0.989851 -0.105499 -0.992091 -0.0680141 117.365 -40.4589 607.879 
-0.987179 0.10797 -0.117562 0.123928 0.0542517 -0.990807 -0.1006 -0.992673 -0.0669363 115.793 -40.4708 607.475 
-0.987083 0.111259 -0.115279 0.121823 0.0539149 -0.991087 -0.104052 -0.992329 -0.066772 114.621 -40.5747 607.466 
-0.987344 0.111074 -0.113201 0.119766 0.0543091 -0.991316 -0.103962 -0.992328 -0.0669244 113.425 -40.8054 607.34 
-0.988097 0.111405 -0.106082 0.112358 0.0516383 -0.992326 -0.105073 -0.992433 -0.0635406 112.191 -40.8014 607.422 
-0.98812 0.11557 -0.101306 0.108199 0.0550035 -0.992607 -0.109144 -0.991776 -0.0668543 111.351 -41.257 607.817 
-0.98841 0.110026 -0.104591 0.110548 0.0494932 -0.992638 -0.10404 -0.992696 -0.0610824 110.684 -41.6312 607.84 
-0.987642 0.113269 -0.10832 0.11401 0.0450035 -0.99246 -0.10754 -0.992545 -0.0573608 109.739 -42.3839 607.958 
-0.986669 0.117182 -0.112923 0.117794 0.035488 -0.992404 -0.112285 -0.992477 -0.048818 109.303 -42.8046 608.07 
-0.986088 0.121724 -0.113194 0.118406 0.0364478 -0.992296 -0.116661 -0.991895 -0.0503532 108.966 -42.6464 608.555 
-0.984944 0.121198 -0.123275 0.127879 0.0309487 -0.991307 -0.116329 -0.992146 -0.0459811 109.193 -42.8829 608.759 
-0.984332 0.124635 -0.124723 0.12922 0.0286374 -0.991203 -0.119968 -0.99179 -0.0442938 108.905 -42.7426 609.121 
-0.984346 0.127264 -0.121927 0.126751 0.0304888 -0.991466 -0.122461 -0.991401 -0.0461421 108.392 -42.396 609.464 
-0.984094 0.12636 -0.12487 0.1302 0.0348092 -0.990877 -0.120861 -0.991374 -0.0507073 108.012 -42.4464 609.788 
-0.983622 0.129125 -0.125757 0.13114 0.0340337 -0.99078 -0.123655 -0.991045 -0.0504094 107.317 -42.1642 609.996 
-0.983054 0.131155 -0.128075 0.133784 0.0356455 -0.99037 -0.125327 -0.990721 -0.0525875 107.958 -42.4601 610.621 
-0.983348 0.132973 -0.12387 0.128901 0.0298815 -0.991208 -0.128103 -0.99067 -0.046524 107.977 -42.8515 611.118 
-0.981745 0.138295 -0.130577 0.135283 0.0251512 -0.990488 -0.133695 -0.990072 -0.0434006 108.141 -43.0529 611.732 
-0.982594 0.133922 -0.128739 0.133244 0.0251971 -0.990763 -0.129442 -0.990672 -0.0426025 108.018 -42.8717 611.82 
-0.982787 0.133258 -0.127956 0.132703 0.0273358 -0.990779 -0.128532 -0.990705 -0.0445486 105.898 -42.8252 611.63 
-0.982334 0.131295 -0.133346 0.137487 0.0229527 -0.990238 -0.126953 -0.991078 -0.0405981 106.51 -43.3615 611.772 
-0.982051 0.132611 -0.134129 0.139043 0.0284747 -0.989877 -0.12745 -0.99076 -0.0464019 105.046 -43.5118 611.706 
-0.981318 0.135996 -0.136089 0.14051 0.0234051 -0.989803 -0.131425 -0.990433 -0.0420764 104.257 -43.5108 611.814 
-0.981508 0.138624 -0.132005 0.137234 0.0288245 -0.99012 -0.13345 -0.989926 -0.0473152 104.367 -43.4776 612.011 
-0.981689 0.13674 -0.132619 0.137515 0.0269535 -0.990133 -0.131817 -0.990241 -0.0452633 103.888 -43.5902 611.84 
-0.98193 0.135303 -0.132314 0.137356 0.02859 -0.990109 -0.130182 -0.990392 -0.0466578 103.76 -43.7082 611.606 
-0.981766 0.132101 -0.136689 0.141535 0.0279666 -0.989539 -0.126896 -0.990842 -0.0461531 102.835 -44.1196 611.295 
-0.980641 0.131942 -0.144688 0.148756 0.0214595 -0.988641 -0.127339 -0.991026 -0.0406709 102.02 -44.2902 610.994 
-0.981213 0.131932 -0.140767 0.144806 0.021485 -0.989227 -0.127487 -0.991027 -0.0401856 101.68 -44.1749 610.804 
-0.981339 0.13325 -0.138629 0.143145 0.0248798 -0.989389 -0.128387 -0.990771 -0.0434893 101.603 -43.4643 610.843 
-0.981736 0.131261 -0.13771 0.142979 0.0315586 -0.989223 -0.125501 -0.990846 -0.0497495 100.549 -43.2867 610.561 
-0.981525 0.134003 -0.136573 0.142689 0.0371052 -0.989072 -0.127472 -0.990287 -0.0555402 99.7276 -43.2796 610.474 
-0.981237 0.135187 -0.137469 0.143473 0.0356742 -0.989011 -0.128797 -0.990178 -0.0544001 99.5972 -43.4012 610.201 
-0.980844 0.133363 -0.141982 0.147977 0.0361203 -0.988331 -0.126679 -0.990409 -0.0551628 99.3867 -43.719 609.833 
-0.981592 0.132338 -0.13771 0.144069 0.0396948 -0.988772 -0.125386 -0.99041 -0.0580294 99.0923 -43.5553 609.536 
-0.98168 0.129479 -0.139783 0.145707 0.0374244 -0.98862 -0.122775 -0.990876 -0.0556045 98.6485 -43.6072 609.109 
-0.981834 0.131468 -0.136811 0.142858 0.0376765 -0.989026 -0.124871 -0.990605 -0.0557731 98.8514 -43.5953 609.16 
-0.982387 0.125031 -0.138864 0.144101 0.0338159 -0.988985 -0.118959 -0.991577 -0.0512371 99.8581 -43.7269 609.094 
-0.983191 0.120929 -0.136791 0.141898 0.0346439 -0.989275 -0.114894 -0.992057 -0.0512209 100.204 -43.5719 608.7 
-0.982923 0.121633 -0.138084 0.143108 0.0335415 -0.989139 -0.115681 -0.992009 -0.050375 101.043 -43.5937 608.174 
-0.985562 0.113105 -0.125991 0.130792 0.0360525 -0.990754 -0.107517 -0.992929 -0.0503249 102.488 -43.0292 607.542 
-0.987709 0.100698 -0.119545 0.125348 0.0533912 -0.990676 -0.093377 -0.993484 -0.0653569 103.84 -42.652 607.223 
-0.989214 0.0928446 -0.113296 0.119725 0.066861 -0.990554 -0.084393 -0.993434 -0.0772554 105.614 -42.4674 607.215 
-0.989932 0.0800486 -0.116731 0.122223 0.0675296 -0.990203 -0.0713821 -0.994502 -0.0766332 106.812 -42.4675 607.097 
-0.9902 0.0632564 -0.124507 0.12827 0.0593787 -0.98996 -0.0552288 -0.99623 -0.0669104 108.683 -42.931 606.998 
-0.989196 0.0512371 -0.137354 0.14035 0.0603403 -0.988262 -0.0423482 -0.996863 -0.0668792 110.348 -43.3159 607.153 
-0.989067 0.0401801 -0.14189 0.144031 0.0566426 -0.987951 -0.0316596 -0.997586 -0.0618101 111.915 -43.394 607.55 
-0.987185 0.0338471 -0.155952 0.157498 0.049221 -0.986292 -0.0257076 -0.998215 -0.0539207 114.626 -44.3071 607.953 
-0.986735 0.0278882 -0.159923 0.161073 0.0455316 -0.985892 -0.0202138 -0.998574 -0.0494194 118.027 -44.6611 608.137 
-0.987607 0.0274855 -0.15452 0.155707 0.0481519 -0.986629 -0.0196781 -0.998462 -0.0518345 121.084 -44.3665 608.287 
-0.987622 0.0244265 -0.15494 0.156071 0.05452 -0.98624 -0.0156437 -0.998215 -0.0576571 123.962 -44.4909 608.434 
-0.986741 0.0202967 -0.161029 0.161944 0.0571133 -0.985146 -0.0107989 -0.998162 -0.0596426 126.679 -44.6229 608.489 
-0.985617 0.0151997 -0.168308 0.168899 0.0552676 -0.984083 -0.0056564 -0.998357 -0.0570396 129.921 -44.8331 608.787 
-0.983143 0.00501706 -0.182767 0.182834 0.0321236 -0.982619 0.000940696 -0.999472 -0.0324991 135.4 -46.2173 609.36 
-0.982077 -0.00478296 -0.188418 0.188146 0.034523 -0.981535 0.0111988 -0.999393 -0.033004 139.452 -45.7826 609.684 
-0.978293 -0.00356417 -0.207193 0.207047 0.0245454 -0.978023 0.00857089 -0.999693 -0.0232744 143.479 -46.8447 609.698 
-0.975654 -0.00740392 -0.219192 0.219029 0.018336 -0.975546 0.0112414 -0.999805 -0.0162677 147.987 -46.6216 609.731 
-0.971788 -0.0109383 -0.235602 0.235353 0.0202533 -0.971699 0.0153999 -0.999736 -0.0171072 153.026 -46.4799 609.525 
-0.967892 -0.0032961 -0.251343 0.251208 0.022644 -0.967669 0.00888035 -0.999739 -0.0210887 157.852 -46.9344 609.574 
-0.963614 -0.00261347 -0.267284 0.267163 0.0223003 -0.963394 0.00847773 -0.999749 -0.0207904 162.138 -46.8591 609.305 
-0.959917 -0.00677002 -0.280201 0.279896 0.0293447 -0.959582 0.0147182 -0.999547 -0.0262733 166.707 -47.5501 609.617 
-0.957205 -0.00959718 -0.28925 0.288895 0.0278498 -0.956956 0.017239 -0.999567 -0.0238851 170.279 -47.6626 609.853 
-0.953092 -0.00933956 -0.302535 0.302267 0.022819 -0.952951 0.0158031 -0.999697 -0.0189252 174.215 -47.7582 609.886 
-0.951035 0.00136805 -0.30908 0.309046 0.0196706 -0.950844 0.0047784 -0.999806 -0.01913 178.653 -47.5808 610.502 
-0.950713 0.00609897 -0.310013 0.310042 0.0328592 -0.950155 0.00439125 -0.999442 -0.0331303 182.099 -46.4001 610.43 
-0.946707 0.00875423 -0.321977 0.322037 0.0448731 -0.945664 0.00616894 -0.998955 -0.0453005 185.759 -46.4044 610.109 
-0.943348 0.00323889 -0.331789 0.331514 0.0510492 -0.942069 0.0138857 -0.998692 -0.0492306 188.883 -45.7467 609.879 
-0.939434 0.0102967 -0.342576 0.342564 0.0594393 -0.937613 0.0107076 -0.998179 -0.0593663 191.971 -45.3 610.629 
-0.937036 0.0224158 -0.348512 0.349223 0.0671528 -0.934631 0.00245251 -0.997492 -0.0707524 194.3 -43.8942 612 
-0.93121 0.0267221 -0.363501 0.364482 0.0690785 -0.928645 0.000294191 -0.997254 -0.0740661 196.692 -43.3422 612.793 
-0.92214 0.0327443 -0.385468 0.386856 0.0804313 -0.918626 0.000923364 -0.996223 -0.0868359 199.055 -42.7247 613.571 
-0.908588 0.0366369 -0.416083 0.41769 0.0831106 -0.904781 0.00143194 -0.995867 -0.0908159 201.197 -42.1069 614.281 
-0.896813 0.0236776 -0.441775 0.442221 0.0770997 -0.893587 0.0129022 -0.996743 -0.0796145 204.487 -41.5867 614.409 
-0.879182 -0.000599472 -0.476486 0.474764 0.0838511 -0.87611 0.0404785 -0.996479 -0.0734354 207.93 -41.2489 614.253 
-0.853127 -0.0329107 -0.520664 0.515763 0.0969636 -0.851227 0.0784992 -0.994744 -0.0657479 211.783 -41.4855 613.804 
-0.836826 -0.0587742 -0.544305 0.538218 0.0936753 -0.837584 0.100216 -0.993867 -0.0467563 213.004 -40.3297 614.276 
-0.834343 -0.0628492 -0.547652 0.540691 0.10018 -0.835235 0.107357 -0.992983 -0.049602 214.86 -39.4721 615.557 
-0.830501 -0.0617205 -0.553586 0.546808 0.0990634 -0.831377 0.106152 -0.993166 -0.0485228 215.78 -39.0229 616.395 
-0.827031 -0.0673127 -0.558111 0.551519 0.0950608 -0.828728 0.108838 -0.993194 -0.0414937 216.561 -38.6238 616.606 
-0.836148 -0.0661952 -0.544496 0.537603 0.0980315 -0.837481 0.108814 -0.99298 -0.0463818 217.764 -38.3077 616.742 
-0.835027 -0.0629704 -0.546594 0.54114 0.0856379 -0.836561 0.0994871 -0.994335 -0.0374339 218.212 -39.8996 616.642 
-0.838846 -0.0543604 -0.541648 0.537332 0.0767858 -0.839869 0.0872458 -0.995565 -0.0352016 218.857 -41.14 616.908 
-0.844099 -0.0500796 -0.533844 0.529279 0.0814993 -0.844525 0.0858007 -0.995415 -0.0422871 219.104 -41.0805 617.113 
-0.841571 -0.0461236 -0.538174 0.534044 0.0783064 -0.841823 0.0809698 -0.995862 -0.0412681 218.902 -41.7542 617.085 
-0.840801 -0.0451018 -0.539462 0.535771 0.0732879 -0.841177 0.0774739 -0.996291 -0.0374561 218.934 -42.2827 617.049 
-0.843037 -0.0420451 -0.53621 0.532534 0.0746384 -0.843112 0.0754699 -0.996325 -0.0405323 219.136 -41.9908 617.041 
-0.841329 -0.0418474 -0.538901 0.535612 0.0695512 -0.841595 0.0726991 -0.996701 -0.0361012 219.321 -42.2512 617.146 
-0.841791 -0.0452134 -0.537907 0.534195 0.0734911 -0.842161 0.0776077 -0.996271 -0.0377111 219.354 -42.4633 617.249 
-0.840756 -0.042576 -0.539738 0.536071 0.0742503 -0.840902 0.0758773 -0.996331 -0.0396024 219.747 -43.1352 617.581 
-0.842599 -0.0384324 -0.537169 0.53394 0.0705016 -0.842578 0.0702529 -0.996772 -0.0388837 219.84 -43.095 617.984 
-0.841114 -0.0375599 -0.539552 0.536408 0.0697838 -0.841069 0.0692418 -0.996855 -0.0385484 219.852 -43.5674 618.33 
-0.842125 -0.0338352 -0.53822 0.535045 0.0724542 -0.841712 0.0674751 -0.996798 -0.0429118 219.639 -43.1489 618.442 
-0.839616 -0.0273873 -0.542489 0.539868 0.0680415 -0.838996 0.0598889 -0.997307 -0.042343 220.015 -43.6963 618.652 
LFing.0_0
0.533141 -0.162488 -0.830276 0.162488 0.982779 -0.0879957 0.830276 -0.0879957 0.550362 36.7155 8.63727 13.0341 
-0.905263 -0.146206 -0.3989 0.403433 -0.00148335 -0.915008 0.133187 -0.989253 0.0603273 136.119 -32.7263 607.606 
-0.910034 -0.147884 -0.387256 0.391297 0.00191352 -0.920263 0.136832 -0.989002 0.0561251 135.919 -32.4366 607.148 
-0.912746 -0.152783 -0.378882 0.382443 0.00652486 -0.923956 0.143635 -0.988238 0.0524752 135.706 -32.3606 606.535 
-0.913752 -0.151612 -0.376923 0.380038 0.00900271 -0.924927 0.143622 -0.988399 0.0493923 135.873 -32.29 605.931 
-0.914723 -0.160817 -0.370701 0.373894 0.0110727 -0.927406 0.153246 -0.986922 0.0500002 135.288 -32.3232 605.722 
-0.917611 -0.164504 -0.361838 0.364621 0.0140351 -0.93105 0.158239 -0.986276 0.047103 135.165 -31.9203 605.824 
-0.915659 -0.163598 -0.367156 0.368921 0.0205777 -0.929233 0.159575 -0.986312 0.0415129 135.023 -31.3774 605.351 
-0.917122 -0.166387 -0.362218 0.36375 0.0222684 -0.931231 0.16301 -0.985809 0.0401005 134.713 -30.5844 604.689 
-0.918341 -0.172495 -0.356222 0.357388 0.0253235 -0.933613 0.170063 -0.984684 0.038392 134.163 -30.1476 604.52 
-0.918362 -0.17631 -0.354295 0.354951 0.0288864 -0.934439 0.174984 -0.98391 0.0360532 134.056 -29.9736 604.381 
-0.919666 -0.186327 -0.345681 0.347171 0.0256407 -0.937451 0.183535 -0.982153 0.0411065 133.077 -29.5272 604.174 
-0.921246 -0.189341 -0.339786 0.340444 0.0300597 -0.939784 0.188152 -0.981451 0.0367678 132.387 -29.145 604 
-0.924149 -0.190653 -0.331058 0.331209 0.0320257 -0.943014 0.19039 -0.981134 0.0335496 131.953 -29.1996 603.517 
-0.924821 -0.193997 -0.327217 0.328659 0.0256454 -0.944101 0.191543 -0.980666 0.0400415 131.389 -29.2408 602.856 
-0.930068 -0.196747 -0.310262 0.309804 0.0339044 -0.950196 0.197467 -0.979867 0.0294197 130.46 -30.3895 602.453 
-0.9335 -0.197626 -0.299199 0.297766 0.0376472 -0.953897 0.199777 -0.979554 0.0237026 129.42 -30.8265 602.167 
-0.935869 -0.194252 -0.293964 0.291901 0.0398243 -0.955619 0.197336 -0.980142 0.0194321 128.858 -31.9123 601.49 
-0.936691 -0.19225 -0.292658 0.291445 0.0352123 -0.95594 0.194084 -0.980713 0.0230473 128.37 -32.9496 600.611 
-0.937261 -0.195659 -0.288544 0.288885 0.0274299 -0.956971 0.195153 -0.980288 0.030814 127.185 -33.8636 600.048 
-0.938488 -0.197397 -0.283327 0.283515 0.0279139 -0.958562 0.197124 -0.979926 0.0297682 125.733 -34.597 600.068 
-0.941914 -0.186041 -0.279616 0.279234 0.0288026 -0.959791 0.186613 -0.982119 0.0248194 124.778 -35.6801 599.934 
-0.943231 -0.193941 -0.269633 0.270503 0.022498 -0.962457 0.192725 -0.980755 0.0312409 122.978 -36.4937 600.185 
-0.944003 -0.183258 -0.274361 0.273731 0.0292323 -0.961362 0.184196 -0.98263 0.0225681 121.146 -36.58 600.904 
-0.946923 -0.152617 -0.28292 0.281948 0.0284332 -0.959008 0.154404 -0.987876 0.0161061 119.939 -37.2994 600.802 
-0.946432 -0.126833 -0.296948 0.297328 0.0163677 -0.954635 0.125938 -0.991789 0.0222201 119.102 -37.5528 600.465 
-0.941913 -0.109728 -0.317423 0.318589 0.00720416 -0.947866 0.106293 -0.993935 0.0281725 117.686 -38.2412 600.176 
-0.941464 -0.0910928 -0.324572 0.325769 0.00181326 -0.945448 0.0867109 -0.99584 0.0279682 115.991 -38.408 600.058 
-0.938057 -0.0789044 -0.337376 0.338121 0.00412046 -0.941094 0.0756454 -0.996873 0.022814 114.861 -38.504 600.621 
-0.932004 -0.0626954 -0.356984 0.357793 -0.00181349 -0.933799 0.0578964 -0.998031 0.0241222 113.612 -38.1482 600.923 
-0.932803 -0.0406812 -0.358082 0.359009 -0.0181507 -0.933158 0.0314614 -0.999007 0.031536 111.984 -37.8888 600.977 
-0.928423 -0.0290106 -0.370389 0.370963 -0.0176757 -0.92848 0.0203877 -0.999422 0.0271725 110.834 -37.4947 601.653 
-0.922546 -0.0193467 -0.3854 0.385852 -0.0330286 -0.92197 0.00510671 -0.999267 0.0379354 109.349 -36.5642 602.09 
-0.924853 -0.00687321 -0.38026 0.380244 -0.0368429 -0.924152 -0.00765911 -0.999297 0.0366879 107.55 -35.6509 602.659 
-0.924296 0.0016582 -0.381671 0.38129 -0.0408582 -0.923552 -0.0171269 -0.999163 0.0371329 105.168 -35.2882 603.038 
-0.929142 0.00981602 -0.369591 0.368762 -0.0473626 -0.928317 -0.0266183 -0.998829 0.0403869 102.805 -34.7506 603.632 
-0.930866 0.0254594 -0.36447 0.362988 -0.048977 -0.930506 -0.0415418 -0.998475 0.0363497 100.139 -34.2473 603.893 
-0.935326 0.0323976 -0.352299 0.350299 -0.054641 -0.935043 -0.0495441 -0.99798 0.0397584 97.3459 -34.418 604.157 
-0.936802 0.051253 -0.346082 0.343472 -0.0533833 -0.937645 -0.0665332 -0.997257 0.0324058 93.1809 -34.2796 604.252 
-0.935032 0.0571139 -0.34993 0.347524 -0.0480084 -0.936442 -0.0702844 -0.997212 0.0250411 89.853 -33.8027 604.736 
-0.923344 0.0744379 -0.376688 0.372957 -0.0594238 -0.925944 -0.0913106 -0.995453 0.0271066 87.9912 -33.1416 604.268 
-0.923266 0.0890243 -0.373703 0.36701 -0.083007 -0.926506 -0.113503 -0.992564 0.0439649 86.2957 -32.9188 603.893 
-0.914575 0.0972642 -0.392543 0.384169 -0.0943034 -0.918434 -0.12635 -0.99078 0.0488818 84.1735 -32.4427 604.162 
-0.909552 0.10471 -0.40218 0.391718 -0.107239 -0.913814 -0.138816 -0.988704 0.0565233 81.7089 -31.9889 604.605 
-0.91134 0.111244 -0.396336 0.384326 -0.115005 -0.916006 -0.147482 -0.987116 0.0620547 79.8377 -31.629 605.468 
