Bone001
1 0 0 0 1 0 0 0 1 -147.205 0 0 
0.621545 -0.00823382 0.783337 0.306117 0.922993 -0.233188 -0.721094 0.38473 0.576201 -31.3628 8.5905 675.098 
0.616336 -0.00663449 0.787457 0.302501 0.925239 -0.228969 -0.727066 0.379328 0.572264 -30.4244 8.81383 676.107 
0.605931 -0.0355884 0.794722 0.298476 0.936189 -0.185646 -0.737402 0.349694 0.577887 -28.9693 9.5671 677.858 
0.630951 -0.0488901 0.774282 0.352896 0.906877 -0.230306 -0.690918 0.418552 0.589447 -32.8428 1.19045 670.774 
0.629509 -0.0175575 0.776797 0.328249 0.91216 -0.245392 -0.704254 0.409459 0.579975 -32.3987 4.56429 672.653 
0.619331 -0.0251832 0.784727 0.343978 0.907161 -0.242364 -0.70577 0.420032 0.570494 -30.7017 2.4948 673.106 
0.614363 -0.00884058 0.788975 0.31584 0.919087 -0.23564 -0.723053 0.393958 0.567444 -30.4404 6.49497 675.551 
0.619789 0.0110217 0.784692 0.3164 0.911524 -0.26271 -0.718161 0.411101 0.561464 -30.9076 5.6845 674.727 
0.627916 0.0230985 0.77794 0.329177 0.897872 -0.292354 -0.705243 0.439653 0.556183 -31.9052 4.16087 673.031 
0.616671 0.0549513 0.785302 0.292258 0.910287 -0.293196 -0.730961 0.410316 0.545286 -30.5269 9.57837 676.872 
0.614998 0.0463569 0.787167 0.305898 0.906068 -0.29235 -0.726778 0.420586 0.543048 -30.3236 7.32092 676.088 
0.62061 0.0396074 0.78312 0.332862 0.890964 -0.308849 -0.709963 0.452345 0.539756 -31.2976 3.97136 673.63 
0.602136 0.0676714 0.795522 0.323841 0.890055 -0.320829 -0.729768 0.450804 0.514018 -28.3187 5.40361 676.627 
0.630569 0.0398055 0.775113 0.314536 0.899893 -0.302093 -0.709544 0.434291 0.554924 -31.9418 5.71825 673.359 
0.63751 0.032101 0.769775 0.312999 0.902175 -0.29684 -0.704 0.430176 0.565096 -33.0247 7.03584 672.757 
0.637865 0.0675707 0.76718 0.297896 0.89696 -0.326684 -0.710203 0.43692 0.552009 -33.1898 8.96839 673.682 
0.628218 0.0657159 0.775259 0.289311 0.905247 -0.311172 -0.722249 0.419774 0.549679 -31.9759 10.9687 675.531 
0.647363 0.0285163 0.76165 0.319915 0.896846 -0.305488 -0.691793 0.441425 0.571461 -34.4446 5.84414 671.077 
0.641853 0.0653546 0.764039 0.263805 0.916727 -0.300031 -0.720024 0.394133 0.571162 -33.3052 14.6959 675.268 
0.625141 0.063345 0.777939 0.277415 0.913589 -0.297317 -0.729549 0.401676 0.553548 -30.9842 12.577 676.545 
0.61811 0.0355986 0.785287 0.302222 0.911433 -0.279199 -0.725675 0.409906 0.552606 -30.0082 8.35462 675.958 
0.633837 0.0679334 0.770479 0.308921 0.891001 -0.332694 -0.709098 0.44889 0.543763 -32.18 7.32968 673.445 
0.651787 0.058813 0.75612 0.289992 0.9019 -0.320129 -0.700772 0.427924 0.57079 -34.9134 10.1223 672.242 
0.635273 0.0512558 0.770586 0.308105 0.898131 -0.313741 -0.708168 0.436732 0.554765 -32.4799 6.45355 673.286 
0.620808 0.0522338 0.782222 0.291581 0.910814 -0.292232 -0.727722 0.409501 0.550209 -30.1453 10.3688 676.55 
0.614346 0.0469113 0.787642 0.288903 0.915539 -0.279866 -0.734245 0.399486 0.548904 -29.632 10.2978 677.439 
0.619858 0.0575824 0.7826 0.324111 0.889476 -0.322157 -0.714654 0.453341 0.532685 -30.1796 5.12063 674.576 
0.619001 0.044862 0.784109 0.280891 0.919688 -0.274363 -0.733444 0.39008 0.556686 -29.3504 11.7467 677.44 
0.629502 -0.0203145 0.776735 0.370187 0.886753 -0.276824 -0.683148 0.461798 0.565732 -31.6814 -1.67664 669.81 
0.609808 0.0101049 0.792486 0.32628 0.908053 -0.262646 -0.722273 0.418735 0.55044 -28.5181 5.41739 675.821 
0.617245 -0.00820749 0.78673 0.343825 0.902224 -0.260341 -0.707669 0.431191 0.559714 -29.2633 2.84437 673.496 
0.604074 0.0355799 0.796135 0.301492 0.914551 -0.26963 -0.737699 0.402904 0.541728 -27.2776 9.14275 678.129 
0.612972 0.0569198 0.788053 0.286421 0.913551 -0.28877 -0.736363 0.402722 0.543677 -29.0091 11.5897 677.847 
0.627531 0.0661157 0.775781 0.279926 0.910606 -0.304038 -0.726532 0.407954 0.552925 -31.0052 11.814 676.208 
0.618617 0.0666912 0.782858 0.268655 0.918379 -0.290528 -0.738335 0.390044 0.550207 -29.7504 13.6639 678.132 
0.649544 0.0712067 0.756984 0.245603 0.922582 -0.297527 -0.719565 0.379173 0.581768 -35.0344 17.2926 675.458 
0.625721 0.0853719 0.775362 0.274532 0.906298 -0.321337 -0.730142 0.413928 0.543652 -31.1567 13.4013 676.9 
0.620693 0.0550079 0.782123 0.280542 0.915913 -0.287055 -0.732147 0.397591 0.553068 -29.7078 12.0639 677.39 
0.61837 0.0621331 0.783429 0.281609 0.913154 -0.294698 -0.733701 0.402853 0.547169 -29.6273 12.0945 677.638 
0.617988 0.0413206 0.785103 0.273655 0.924865 -0.264081 -0.737026 0.378045 0.560246 -29.1201 12.545 678.139 
0.611711 0.044171 0.789849 0.282811 0.920247 -0.27049 -0.738803 0.388839 0.550431 -28.5598 11.7743 678.266 
0.627025 0.0686937 0.775966 0.307041 0.893675 -0.32722 -0.715938 0.443428 0.539264 -31.0511 7.62397 674.832 
0.625819 0.0555843 0.777987 0.266078 0.922409 -0.279937 -0.733182 0.382194 0.56247 -30.5822 13.6865 677.418 
0.622531 0.0626258 0.780087 0.271664 0.917516 -0.290454 -0.733932 0.392737 0.554168 -30.3705 13.2131 677.69 
0.605599 0.0595523 0.79354 0.274152 0.920537 -0.278304 -0.747056 0.38609 0.541149 -27.96 12.6193 679.517 
0.613812 0.0280062 0.788957 0.334757 0.895843 -0.292242 -0.714965 0.443489 0.540502 -28.8813 4.70981 674.55 
0.598155 0.00360363 0.801374 0.315885 0.917966 -0.239907 -0.736498 0.396643 0.547947 -27.0956 6.99854 678.046 
0.601233 0.0334662 0.798374 0.319248 0.90586 -0.278387 -0.732531 0.422254 0.533948 -27.8832 6.65827 677.381 
0.620674 0.038544 0.783122 0.287661 0.917949 -0.273169 -0.729395 0.394822 0.558659 -30.4561 10.6546 676.942 
0.610371 0.0356271 0.791316 0.294509 0.917167 -0.268458 -0.735333 0.396908 0.549318 -29.5453 9.46291 677.95 
0.614817 0.0494884 0.787117 0.294189 0.911605 -0.287106 -0.731748 0.408078 0.545911 -29.8532 9.21137 677.305 
0.621739 0.0608265 0.78086 0.288091 0.909326 -0.300217 -0.728317 0.411615 0.547839 -31.1457 9.97669 676.725 
0.621642 0.0493891 0.781744 0.28353 0.916149 -0.283343 -0.730187 0.397785 0.555513 -30.741 11.34 677.135 
0.625796 0.0539362 0.778122 0.27177 0.920015 -0.282339 -0.731111 0.388156 0.561082 -31.4225 13.1884 677.398 
0.608255 0.0156639 0.793588 0.311316 0.914989 -0.256671 -0.730144 0.403177 0.551669 -28.7641 7.11952 677.455 
0.612777 0.0563778 0.788244 0.282717 0.915798 -0.285282 -0.737956 0.397663 0.54524 -30.1935 11.2891 678.234 
0.633374 0.0488589 0.772303 0.267428 0.922697 -0.277693 -0.726169 0.382419 0.571345 -33.7346 13.0243 676.41 
0.621972 0.0476757 0.781588 0.297661 0.908821 -0.292308 -0.724259 0.414455 0.551069 -31.497 7.2621 675.613 
0.627965 0.00460597 0.77823 0.299595 0.921486 -0.2472 -0.718266 0.388387 0.577279 -31.9941 7.89042 673.844 
0.613916 -0.0187661 0.789149 0.316188 0.92186 -0.224054 -0.72328 0.38707 0.571878 -30.134 3.96643 673.524 
0.621505 -0.0356832 0.782599 0.324261 0.921092 -0.215514 -0.713154 0.387709 0.584032 -32.0162 1.73124 671.082 
0.631671 -0.0431233 0.774037 0.330536 0.918132 -0.21859 -0.701241 0.393924 0.59421 -34.0343 -1.2473 668.065 
0.660801 -0.0314215 0.749905 0.301544 0.926058 -0.226911 -0.687325 0.376072 0.621414 -38.7438 2.93493 665.099 
0.660256 -0.0111906 0.750959 0.252469 0.945009 -0.207891 -0.707336 0.326854 0.626772 -39.8428 8.23823 666.723 
0.671473 -0.0475211 0.739505 0.29959 0.930159 -0.212255 -0.67777 0.364071 0.638812 -42.1537 -1.35539 661.22 
0.643997 -0.0299923 0.764441 0.303926 0.927026 -0.219668 -0.702067 0.373798 0.606116 -38.7841 -3.43451 663.772 
0.681368 -0.0191767 0.731691 0.313856 0.910745 -0.2684 -0.661237 0.412525 0.62657 -44.9222 -7.05279 656.669 
0.658498 -0.0089344 0.752531 0.289311 0.926098 -0.242164 -0.694753 0.377179 0.612418 -42.6223 -4.92119 660.544 
0.675224 -0.0378183 0.736645 0.300053 0.926405 -0.227473 -0.673828 0.374627 0.636877 -46.545 -9.57617 655.428 
0.660236 -0.0366783 0.750163 0.300023 0.928535 -0.218656 -0.688532 0.36943 0.624056 -45.9455 -11.6417 655.541 
0.668557 -0.0256299 0.743221 0.283685 0.932623 -0.223023 -0.687428 0.359943 0.630781 -49.5992 -11.9923 653.626 
0.66169 -0.0409118 0.748662 0.292727 0.933363 -0.207715 -0.690275 0.356596 0.629571 -51.1619 -16.279 652.307 
0.674229 -0.00754946 0.738485 0.243859 0.946139 -0.212967 -0.697101 0.323674 0.639755 -57.2679 -11.2816 651.479 
0.68346 0.0403557 0.728873 0.246595 0.927013 -0.282556 -0.687078 0.372852 0.623624 -62.3203 -14.5311 648.187 
0.702131 -0.0644494 0.709127 0.296723 0.931789 -0.209108 -0.647279 0.357235 0.67336 -67.779 -24.4959 640.711 
0.691012 -0.0703853 0.719409 0.320194 0.922085 -0.21734 -0.648058 0.380535 0.659708 -70.5928 -32.2162 639.292 
0.660483 -0.0909278 0.745316 0.339254 0.921679 -0.188194 -0.669829 0.37715 0.6396 -69.9427 -36.9934 641.384 
0.610816 -0.020162 0.791518 0.242995 0.956208 -0.163161 -0.753565 0.291995 0.588965 -66.5277 -23.3503 652.915 
0.650113 -0.0550365 0.757843 0.261456 0.952673 -0.155103 -0.71344 0.298977 0.633733 -77.0983 -28.5684 645.577 
0.686232 -0.085245 0.722372 0.299499 0.938133 -0.173807 -0.662864 0.335621 0.669306 -86.4394 -36.839 636.861 
0.676291 -0.0366145 0.735726 0.289403 0.931664 -0.219657 -0.677406 0.361473 0.640671 -88.6365 -37.8118 638.019 
0.688977 -0.0119664 0.724686 0.239734 0.947348 -0.212277 -0.683989 0.319985 0.655569 -94.7724 -32.829 638.306 
0.595885 -0.043594 0.801887 0.289375 0.943104 -0.163763 -0.749124 0.329629 0.574595 -83.9971 -40.578 648.396 
0.646354 -0.0604406 0.760642 0.297279 0.938038 -0.178075 -0.702748 0.341222 0.624271 -95.8002 -43.4035 641.451 
0.688521 -0.0273554 0.724702 0.26865 0.937817 -0.219837 -0.673623 0.346053 0.653054 -106.353 -39.6738 637.358 
0.545709 -0.0769807 0.834432 0.377415 0.911637 -0.162721 -0.748172 0.403725 0.526541 -88.0874 -56.7312 648.81 
0.619987 -0.150128 0.770116 0.401363 0.904066 -0.146878 -0.674185 0.400158 0.620764 -103.973 -61.6648 638.224 
0.626633 -0.081427 0.77505 0.355409 0.914942 -0.191225 -0.693555 0.395286 0.602272 -108.307 -55.4334 641.889 
0.55692 -0.0388152 0.82966 0.28172 0.948519 -0.144732 -0.781329 0.314335 0.539183 -100.788 -43.8879 655.99 
0.648157 -0.0211797 0.761214 0.256044 0.947477 -0.191653 -0.717173 0.319125 0.619535 -118.289 -40.7402 646.882 
0.653471 -0.00807819 0.75691 0.269968 0.936672 -0.223077 -0.707174 0.350115 0.614268 -123.144 -43.2949 646.555 
0.632935 0.00596555 0.774184 0.264805 0.937992 -0.223718 -0.727512 0.346606 0.592107 -123.11 -42.7758 651.616 
0.633112 0.0263799 0.773612 0.259051 0.93457 -0.243871 -0.729427 0.354803 0.584852 -126.128 -40.667 654.24 
0.617203 -0.0319283 0.786157 0.2879 0.939049 -0.187888 -0.732241 0.342299 0.588775 -126.608 -44.3144 655.961 
0.630779 -0.0412957 0.774865 0.312849 0.927361 -0.205251 -0.710103 0.371882 0.597878 -131.254 -47.6394 653.947 
0.635679 -0.0295396 0.77139 0.291496 0.934474 -0.204427 -0.714804 0.354807 0.602635 -133.905 -43.5934 656.535 
0.622829 -0.0172317 0.78217 0.321651 0.916996 -0.235923 -0.713181 0.398525 0.576673 -134.214 -48.3935 657.132 
0.63752 0.00313759 0.770429 0.291692 0.924568 -0.245136 -0.713082 0.381006 0.588514 -138.803 -41.9926 659.101 
0.656669 0.00881406 0.754129 0.267686 0.932104 -0.243984 -0.705076 0.362086 0.609723 -143.129 -37.304 659.205 
0.641702 0.0144191 0.76682 0.274754 0.929144 -0.247394 -0.716053 0.369439 0.59227 -142.079 -36.9119 662.429 
0.601614 -0.0292698 0.798252 0.310965 0.929077 -0.200295 -0.735774 0.368729 0.568046 -137.159 -42.4216 666.253 
0.627255 -0.0176379 0.778616 0.31116 0.922161 -0.229781 -0.713956 0.386405 0.583917 -141.688 -40.8973 664.565 
0.635414 0.0178488 0.771967 0.267236 0.932871 -0.241533 -0.724456 0.35977 0.587988 -144.439 -32.8393 667.602 
0.636157 -0.00681245 0.771531 0.311334 0.917206 -0.248607 -0.705958 0.398357 0.585607 -145.28 -38.7503 665.765 
0.618636 -0.011081 0.785601 0.277055 0.938747 -0.204929 -0.73521 0.344431 0.583811 -143.696 -33.5114 670.627 
0.618007 -0.0133353 0.786061 0.317703 0.918815 -0.234192 -0.719121 0.394465 0.572069 -143.996 -38.1946 669.247 
0.637568 -0.0245657 0.770004 0.328073 0.912992 -0.242518 -0.697049 0.407239 0.590153 -147.679 -39.7176 666.4 
0.622673 -0.0223979 0.782163 0.328959 0.914459 -0.235694 -0.709976 0.40406 0.576776 -146.534 -38.4302 669.103 
0.618126 -0.00943516 0.786024 0.315559 0.918802 -0.237124 -0.719962 0.394608 0.570911 -145.916 -35.4424 671.566 
0.616645 0.0117427 0.787155 0.287103 0.92767 -0.238749 -0.733024 0.373217 0.56867 -146.032 -31.0849 674.446 
0.623496 -0.0132563 0.781715 0.315942 0.918853 -0.236412 -0.715147 0.394378 0.577089 -147.572 -34.3291 672.437 
0.572524 0.00698042 0.81986 0.262299 0.945852 -0.19122 -0.7768 0.324526 0.53969 -140.241 -25.1479 682.783 
0.585533 -0.0332668 0.809967 0.325857 0.924541 -0.197592 -0.742274 0.37963 0.552188 -143.143 -35.9896 677.585 
0.603316 -0.0922187 0.792154 0.357829 0.918997 -0.165541 -0.712721 0.383329 0.587443 -145.919 -39.9378 674.387 
0.594072 -0.091913 0.799145 0.372429 0.91199 -0.171965 -0.713006 0.399784 0.576017 -144.408 -41.4069 675.058 
0.573312 -0.0516865 0.817706 0.365433 0.909377 -0.198731 -0.733331 0.412751 0.540244 -140.826 -39.5967 678.804 
0.601441 -0.0633233 0.796405 0.366245 0.907791 -0.204405 -0.710025 0.414616 0.569174 -144.697 -39.0512 676.048 
0.585879 -0.0657235 0.807731 0.361481 0.913254 -0.187885 -0.725314 0.402057 0.558812 -142.601 -38.5454 678.573 
0.598989 -0.0646499 0.798145 0.347556 0.918946 -0.186397 -0.721401 0.389049 0.572907 -144.176 -36.8604 678.411 
0.593306 -0.0556299 0.803054 0.361006 0.910052 -0.203672 -0.71949 0.410746 0.560021 -143.28 -36.9149 679.036 
0.625049 -0.0641388 0.777947 0.364463 0.905296 -0.218192 -0.690277 0.419913 0.589229 -147.849 -36.5574 675.242 
0.600953 -0.0332562 0.798594 0.342918 0.913236 -0.220019 -0.721987 0.406073 0.560215 -143.832 -33.4445 680.619 
0.591073 -0.0665244 0.803871 0.370971 0.907362 -0.197678 -0.716251 0.415054 0.560995 -142.405 -37.3852 679.961 
0.599464 -0.0595818 0.798182 0.370396 0.904674 -0.210649 -0.709543 0.421919 0.564388 -143.616 -36.9862 678.861 
0.596932 -0.0678679 0.799418 0.332236 0.927877 -0.169309 -0.73027 0.366661 0.576426 -143.19 -30.7445 682.136 
0.60112 -0.0416311 0.798075 0.365665 0.9023 -0.228355 -0.710595 0.429096 0.557612 -143.952 -35.7713 678.897 
0.612675 -0.046419 0.788972 0.367222 0.900691 -0.232173 -0.699842 0.431974 0.568876 -145.561 -35.9576 677.268 
0.63138 -0.0737239 0.771962 0.372203 0.902123 -0.218266 -0.680313 0.425135 0.597022 -148.631 -36.9777 674.314 
0.604656 -0.0211106 0.796208 0.334966 0.913689 -0.230153 -0.722628 0.405866 0.559538 -145.056 -30.4987 680.729 
0.630762 -0.0500946 0.774359 0.355845 0.905475 -0.231279 -0.689577 0.421433 0.588964 -149.2 -34.3104 675.646 
0.609454 -0.055844 0.790854 0.364469 0.905598 -0.216923 -0.704081 0.420446 0.572272 -145.67 -35.6273 678.339 
0.597104 -0.0534861 0.80038 0.369811 0.903772 -0.215492 -0.711835 0.42466 0.559424 -143.541 -36.7718 679.626 
0.609699 -0.0728948 0.789275 0.37607 0.903153 -0.207093 -0.69774 0.423087 0.578064 -146.013 -37.9176 677.121 
0.592667 -0.0403285 0.804438 0.369717 0.900933 -0.227221 -0.715581 0.432081 0.548863 -142.748 -36.6249 680.101 
0.619618 -0.0384035 0.783965 0.346685 0.909484 -0.229454 -0.704191 0.413963 0.576845 -146.813 -32.6921 678.644 
0.618011 -0.0122464 0.786076 0.31851 0.918044 -0.236108 -0.71876 0.39629 0.571261 -147.192 -28.4259 680.374 
0.587803 -0.0294716 0.808469 0.358167 0.905543 -0.227397 -0.725401 0.423231 0.542835 -142.628 -34.7943 680.936 
0.608223 -0.0307271 0.793173 0.370854 0.894486 -0.249727 -0.701808 0.44604 0.555441 -145.932 -36.1963 676.942 
0.628042 -0.0486888 0.776656 0.351854 0.907963 -0.227604 -0.694093 0.416214 0.587369 -148.758 -32.8031 675.884 
0.591492 -0.0630229 0.803845 0.368589 0.907814 -0.200043 -0.717134 0.414611 0.560193 -143.36 -36.0865 679.325 
0.600286 -0.0588582 0.797618 0.371826 0.903498 -0.213163 -0.708099 0.424533 0.564241 -144.381 -36.2835 677.819 
0.601414 -0.0542223 0.797097 0.383535 0.89481 -0.228509 -0.70086 0.443143 0.558946 -144.672 -38.1238 676.265 
0.59082 -0.0595349 0.804605 0.386566 0.896239 -0.217538 -0.708167 0.439558 0.552529 -142.653 -38.6155 677.445 
0.611354 -0.0702651 0.788233 0.381326 0.898943 -0.215622 -0.693425 0.432395 0.576365 -145.534 -37.2137 675.241 
0.592505 0.009546 0.805512 0.321132 0.914245 -0.247047 -0.738792 0.405052 0.538628 -143.457 -28.0982 681.857 
0.621678 -0.0290549 0.782735 0.352386 0.902846 -0.246364 -0.69953 0.428983 0.571517 -147.848 -33.0346 676.442 
0.610477 -0.028397 0.791526 0.366598 0.895995 -0.250598 -0.702087 0.443156 0.557393 -146.904 -35.3178 677.111 
0.59039 0.00442431 0.807107 0.317861 0.917899 -0.237543 -0.741893 0.396791 0.540511 -144.339 -28.3287 683.753 
0.589134 -0.0370237 0.807188 0.354525 0.90951 -0.217035 -0.72611 0.414031 0.548948 -144.632 -34.1488 681.621 
0.583099 -0.0356567 0.81162 0.34675 0.914389 -0.208946 -0.734685 0.403265 0.545542 -143.939 -32.6483 683.026 
0.596232 -0.0239258 0.802457 0.332128 0.917359 -0.219421 -0.73089 0.397344 0.554904 -146.034 -31.0945 681.759 
0.589495 -0.00769289 0.807737 0.338075 0.910513 -0.238058 -0.733624 0.413409 0.539342 -144.93 -30.34 682.097 
0.602917 -0.000683692 0.797805 0.324875 0.913545 -0.244731 -0.728663 0.406739 0.551013 -145.837 -29.1153 681.161 
0.612307 0.0218071 0.790321 0.312923 0.911306 -0.267584 -0.726059 0.411152 0.551174 -147.702 -26.92 680.561 
0.611955 0.0131176 0.790786 0.322604 0.908763 -0.264723 -0.722108 0.417108 0.551889 -147.497 -28.879 679.926 
0.6101 0.0232527 0.791985 0.278658 0.929415 -0.241949 -0.741708 0.368306 0.560555 -147.182 -21.6623 683.548 
0.626217 0.0344194 0.77889 0.295859 0.913809 -0.278247 -0.721334 0.404684 0.562059 -149.881 -25.5703 680.169 
0.651171 0.0561219 0.756855 0.284141 0.906703 -0.311697 -0.703735 0.418021 0.574471 -153.705 -24.0129 677.63 
0.631128 0.0549994 0.773728 0.342181 0.875441 -0.341345 -0.696127 0.480187 0.533694 -152.051 -32.3627 676.338 
0.620669 0.00556016 0.784054 0.339718 0.899334 -0.275303 -0.706657 0.437229 0.556299 -149.377 -31.9225 677.854 
0.623392 0.00761617 0.781874 0.334814 0.901042 -0.275725 -0.706601 0.433666 0.559151 -149.636 -30.8731 677.842 
0.624603 -0.0162359 0.780775 0.353323 0.897482 -0.263987 -0.696446 0.440753 0.566305 -149.455 -33.7328 676.117 
0.622386 -0.0302946 0.782125 0.339156 0.911009 -0.2346 -0.705416 0.411274 0.577273 -149.271 -32.5067 677.427 
0.597622 -0.0326738 0.801113 0.348091 0.910667 -0.222529 -0.722276 0.411848 0.555607 -145.463 -33.6657 679.965 
0.612216 -0.0390863 0.789725 0.343416 0.912801 -0.221046 -0.712222 0.406532 0.572253 -147.822 -33.0928 678.602 
0.610879 -0.0279462 0.791232 0.345497 0.90861 -0.234651 -0.712363 0.416711 0.564704 -147.559 -33.5018 678.634 
0.606431 -0.0322818 0.794482 0.347246 0.909613 -0.228093 -0.715307 0.414202 0.562826 -147.236 -33.3996 679.013 
0.611546 -0.0328793 0.790526 0.357554 0.902779 -0.239052 -0.705811 0.428847 0.563846 -148.288 -34.8543 677.551 
0.62641 -0.0209361 0.779214 0.348499 0.901693 -0.25593 -0.697253 0.431871 0.572124 -150.288 -33.1001 676.332 
0.628919 -0.015562 0.777316 0.347519 0.899989 -0.263155 -0.695481 0.435635 0.571428 -150.557 -33.0855 675.969 
0.616992 -0.0066974 0.786942 0.341423 0.903234 -0.26 -0.709051 0.429098 0.559574 -148.782 -31.999 678.266 
0.620108 -0.0235533 0.784164 0.357236 0.898385 -0.255514 -0.698463 0.438577 0.565509 -149.099 -34.4127 676.497 
0.606383 -0.0330179 0.794488 0.359496 0.902583 -0.236869 -0.709271 0.429248 0.55918 -147.081 -35.0354 678.192 
0.613256 -0.0324205 0.78922 0.354186 0.904366 -0.238065 -0.706025 0.425525 0.56609 -148.175 -34.3648 677.654 
0.613211 -0.0209088 0.789644 0.348957 0.903989 -0.24705 -0.708663 0.427045 0.561632 -147.914 -33.7798 678.09 
0.617047 -0.0224317 0.786608 0.359738 0.897073 -0.256611 -0.699888 0.441313 0.561605 -148.693 -34.5285 676.835 
0.62676 -0.0181284 0.779003 0.342163 0.904592 -0.254241 -0.70007 0.425894 0.573164 -150.606 -33.115 676.727 
0.627071 0.00907815 0.77891 0.310804 0.913975 -0.260868 -0.714272 0.405671 0.570305 -150.652 -29.1861 678.781 
0.627042 0.0142237 0.778857 0.300759 0.917888 -0.258896 -0.718585 0.396586 0.571275 -150.193 -26.2249 679.619 
0.626516 0.0253859 0.778997 0.313037 0.90712 -0.281323 -0.713784 0.420108 0.560377 -150.697 -27.5885 678.695 
0.63211 0.00195321 0.774878 0.334611 0.901268 -0.275231 -0.69891 0.433258 0.569046 -151.332 -30.8732 676.649 
0.624161 -0.00592846 0.781275 0.344869 0.899373 -0.268691 -0.701064 0.437143 0.563397 -150.02 -32.612 677.075 
0.616999 -0.0190853 0.786734 0.350706 0.901616 -0.253169 -0.7045 0.432117 0.562988 -149.094 -34.1439 677.335 
0.652229 -0.0153052 0.757869 0.322793 0.910225 -0.259415 -0.68586 0.413832 0.598615 -154.326 -29.1966 674.589 
0.631662 0.0023957 0.775242 0.338306 0.898905 -0.278426 -0.697535 0.438139 0.566992 -150.886 -31.5998 676.405 
0.632949 0.00938379 0.774138 0.335087 0.898094 -0.284858 -0.697921 0.439704 0.565303 -151.426 -31.033 676.359 
