Lower Arm R
-0.0148834 -0.327094 -0.944875 0.327094 0.891393 -0.313732 0.944875 -0.313732 0.0937236 43.3573 -12.3442 -85.718 
-0.22422 -0.0455166 -0.973476 0.911363 -0.363594 -0.192914 -0.34517 -0.930445 0.123007 35.3233 -144.851 583.792 
-0.221625 -0.0475635 -0.973972 0.910183 -0.368515 -0.189114 -0.349928 -0.928404 0.124963 34.7627 -143.671 584.296 
-0.219045 -0.0497497 -0.974446 0.909006 -0.373339 -0.185275 -0.354581 -0.92636 0.127 34.0699 -143.54 584.997 
-0.220626 -0.0529571 -0.97392 0.90563 -0.381882 -0.184391 -0.362158 -0.922693 0.132212 33.8421 -143.018 585.361 
-0.214875 -0.0530266 -0.975202 0.900194 -0.398026 -0.176706 -0.378786 -0.91584 0.13326 33.1877 -143.347 586.002 
-0.208833 -0.0534448 -0.97649 0.891006 -0.42198 -0.167456 -0.40311 -0.905029 0.135743 32.1928 -142.354 586.513 
-0.196634 -0.0642712 -0.978369 0.884015 -0.443226 -0.148555 -0.424091 -0.894103 0.14397 30.8212 -142.924 586.982 
-0.189175 -0.0708833 -0.979382 0.874764 -0.465279 -0.135293 -0.446096 -0.882322 0.150025 30.1351 -142.363 587.569 
-0.16996 -0.0848905 -0.981788 0.866308 -0.48774 -0.107797 -0.469706 -0.868852 0.156437 29.0905 -142.545 588.384 
-0.157224 -0.109071 -0.981522 0.858897 -0.50564 -0.0813933 -0.487419 -0.855822 0.173179 28.3158 -141.35 588.548 
-0.151887 -0.133398 -0.979355 0.85707 -0.511298 -0.0632779 -0.492302 -0.848987 0.191991 28.0189 -141.33 588.407 
-0.140993 -0.139366 -0.980153 0.850736 -0.523401 -0.0479559 -0.506329 -0.840612 0.192359 28.1622 -140.105 589.165 
-0.1314 -0.151196 -0.979732 0.840424 -0.541141 -0.0292053 -0.525758 -0.827228 0.198175 28.2297 -138.188 589.338 
-0.126121 -0.172981 -0.976817 0.830252 -0.557323 -0.00850361 -0.542932 -0.812077 0.213908 28.5519 -136.396 589.339 
-0.121071 -0.19324 -0.973654 0.81991 -0.572374 0.0116448 -0.559544 -0.796898 0.227738 28.9553 -134.647 589.452 
-0.106286 -0.217763 -0.970198 0.804694 -0.592003 0.0447217 -0.584098 -0.775959 0.238154 28.9004 -132.867 589.992 
-0.113296 -0.241378 -0.963796 0.791103 -0.608785 0.059471 -0.601099 -0.755723 0.259928 29.6194 -130.064 589.869 
-0.107683 -0.259223 -0.959796 0.781655 -0.618639 0.0793861 -0.614346 -0.74168 0.26924 30.1609 -127.906 590.073 
-0.105779 -0.283992 -0.952975 0.772006 -0.62749 0.101303 -0.626752 -0.724986 0.285619 30.4257 -125.676 590.502 
-0.114361 -0.294841 -0.948679 0.765007 -0.635364 0.105245 -0.633787 -0.71371 0.298216 31.6419 -122.853 590.338 
-0.121069 -0.296459 -0.947341 0.757656 -0.644191 0.104765 -0.641327 -0.705075 0.302606 32.8868 -120.515 590.33 
-0.126858 -0.305286 -0.943774 0.746149 -0.656291 0.111999 -0.653581 -0.689988 0.311045 33.9034 -118.888 591.185 
-0.134981 -0.338186 -0.93135 0.724097 -0.675285 0.140262 -0.676361 -0.655455 0.33603 34.8885 -118.078 593.921 
-0.140198 -0.348614 -0.926722 0.724042 -0.674514 0.144202 -0.675358 -0.650768 0.346976 35.9792 -115.982 593.658 
-0.138751 -0.338268 -0.930765 0.715074 -0.684443 0.142149 -0.68514 -0.645843 0.336854 36.6579 -113.312 594.078 
-0.147848 -0.342962 -0.927642 0.712036 -0.687874 0.140832 -0.686401 -0.639692 0.345903 37.8126 -111.133 594.28 
-0.159237 -0.343116 -0.925698 0.705807 -0.695176 0.136259 -0.690275 -0.631666 0.352871 38.7868 -108.628 594.754 
-0.161712 -0.337924 -0.927177 0.707324 -0.694854 0.129883 -0.688144 -0.634811 0.351389 39.5269 -106.11 594.392 
-0.1744 -0.339996 -0.924115 0.702295 -0.700774 0.125287 -0.690193 -0.627151 0.360992 40.3739 -104.356 595.023 
-0.187907 -0.349372 -0.91795 0.697693 -0.705297 0.125617 -0.691314 -0.616843 0.376285 41.3018 -102.632 595.507 
-0.19663 -0.336578 -0.920898 0.693791 -0.711432 0.111882 -0.692814 -0.616911 0.373404 42.3571 -100.664 595.6 
-0.196728 -0.344767 -0.917843 0.693274 -0.710877 0.11843 -0.693304 -0.613017 0.378867 42.3919 -98.6652 595.714 
-0.217265 -0.349427 -0.911426 0.692231 -0.71347 0.10852 -0.688195 -0.607339 0.396896 43.0003 -96.3322 595.061 
-0.21715 -0.34973 -0.911338 0.694747 -0.711193 0.107382 -0.685692 -0.609831 0.397409 42.9271 -95.0357 594.975 
-0.212686 -0.348314 -0.912931 0.693208 -0.712254 0.110252 -0.688641 -0.609402 0.392941 43.0406 -94.3674 595.562 
-0.215783 -0.34697 -0.912716 0.689541 -0.715973 0.109157 -0.691354 -0.605801 0.393745 43.357 -92.7199 596.03 
-0.231604 -0.331053 -0.914748 0.683206 -0.724743 0.0893092 -0.692524 -0.604277 0.394031 45.2471 -90.7696 596.047 
-0.225024 -0.33737 -0.914083 0.684883 -0.722047 0.0978925 -0.693037 -0.604011 0.393537 44.6636 -90.5014 596.567 
-0.215984 -0.352876 -0.910401 0.68043 -0.72311 0.118855 -0.700262 -0.593793 0.396288 43.8625 -90.4973 597.804 
-0.214629 -0.34778 -0.91268 0.672952 -0.729907 0.11988 -0.707864 -0.588459 0.390698 44.2615 -89.2544 598.235 
-0.207474 -0.356546 -0.910951 0.666905 -0.732823 0.134935 -0.715676 -0.579522 0.389824 43.3663 -89.099 599.207 
-0.206852 -0.359396 -0.909971 0.664901 -0.733935 0.138726 -0.717718 -0.576345 0.390779 43.791 -88.6528 599.353 
-0.204889 -0.367413 -0.90721 0.665007 -0.732346 0.146406 -0.718183 -0.573304 0.394382 43.7375 -88.6682 599.541 
-0.208408 -0.360454 -0.909197 0.664262 -0.734477 0.138922 -0.717859 -0.574993 0.392507 44.2796 -88.2352 599.465 
-0.211604 -0.372711 -0.9035 0.661362 -0.735239 0.148406 -0.7196 -0.566137 0.402077 43.8626 -87.7768 599.665 
-0.206101 -0.377911 -0.902611 0.658647 -0.73575 0.157654 -0.723676 -0.562009 0.400549 43.3155 -87.8833 600.247 
-0.20182 -0.37457 -0.904968 0.657783 -0.736425 0.158114 -0.725666 -0.563362 0.395011 42.9544 -87.7219 600.399 
-0.211289 -0.374255 -0.902935 0.658485 -0.737193 0.15147 -0.722326 -0.562565 0.402202 43.4564 -87.091 599.883 
-0.207784 -0.382959 -0.900094 0.65686 -0.736468 0.161708 -0.724818 -0.557635 0.404577 42.5038 -87.1047 600.171 
-0.211296 -0.378721 -0.90107 0.657977 -0.736829 0.155398 -0.722787 -0.560048 0.404878 43.007 -86.7971 599.815 
-0.203574 -0.38359 -0.900787 0.658341 -0.734625 0.16405 -0.724669 -0.559629 0.402084 42.3151 -86.5091 599.694 
-0.20427 -0.379809 -0.902231 0.655567 -0.737543 0.162057 -0.726985 -0.558368 0.399648 42.1805 -86.197 599.731 
-0.202116 -0.387841 -0.899294 0.654167 -0.736824 0.170749 -0.728845 -0.553777 0.402637 41.9861 -86.329 600.206 
-0.199624 -0.3848 -0.901155 0.647691 -0.741925 0.17333 -0.735287 -0.549068 0.397337 41.9743 -86.4108 601.175 
-0.201123 -0.387193 -0.899796 0.648995 -0.740705 0.173671 -0.733727 -0.549033 0.400259 41.8554 -86.7731 601.143 
-0.192816 -0.396201 -0.89769 0.647871 -0.738495 0.186782 -0.736943 -0.545573 0.399081 40.6819 -87.1445 601.501 
-0.186795 -0.395512 -0.899266 0.640207 -0.743319 0.19394 -0.745146 -0.539488 0.392058 40.4544 -87.3927 602.506 
-0.187635 -0.40803 -0.89348 0.636578 -0.743261 0.205744 -0.748039 -0.530164 0.399205 39.9071 -87.617 602.601 
-0.189257 -0.402178 -0.895788 0.627221 -0.75142 0.204846 -0.755497 -0.523088 0.394466 40.1345 -87.5965 602.927 
-0.194737 -0.407779 -0.892073 0.627441 -0.750851 0.206255 -0.75392 -0.519557 0.402076 40.1634 -88.0956 602.049 
-0.198934 -0.400558 -0.894416 0.623974 -0.75553 0.199575 -0.755699 -0.51839 0.400239 39.6651 -88.1 600.948 
-0.197412 -0.393749 -0.89777 0.61845 -0.760578 0.197586 -0.760623 -0.51622 0.393661 39.2942 -88.8638 600.146 
-0.190513 -0.411899 -0.891092 0.621478 -0.753262 0.215318 -0.759915 -0.512773 0.399492 37.4828 -90.8026 599.369 
-0.187665 -0.416712 -0.889457 0.618632 -0.753517 0.222499 -0.762939 -0.508491 0.3992 36.7407 -92.4507 599.108 
-0.185659 -0.414136 -0.89108 0.615241 -0.75608 0.223206 -0.766165 -0.506789 0.395167 36.0696 -93.3616 597.94 
-0.184655 -0.406104 -0.894977 0.611556 -0.760337 0.218831 -0.769352 -0.50692 0.388756 35.3429 -94.8305 597.117 
-0.18433 -0.400163 -0.897716 0.611868 -0.761513 0.213813 -0.769182 -0.509871 0.385216 34.5574 -96.9607 596.18 
-0.180479 -0.422578 -0.888176 0.612556 -0.754796 0.234645 -0.769547 -0.501709 0.395077 32.2596 -99.4299 595.245 
-0.182428 -0.433596 -0.882449 0.609295 -0.754258 0.24465 -0.771673 -0.493041 0.401786 30.383 -102.105 594.603 
-0.188267 -0.426495 -0.88468 0.607146 -0.758579 0.236498 -0.771965 -0.492605 0.40176 29.1331 -104.469 592.757 
-0.188425 -0.425111 -0.885312 0.603667 -0.761186 0.237027 -0.77465 -0.489772 0.400052 26.9894 -106.887 591.329 
-0.178163 -0.450688 -0.874723 0.60301 -0.752474 0.26488 -0.777584 -0.480275 0.405833 22.5267 -110.329 590.388 
-0.181587 -0.444416 -0.877224 0.602567 -0.755252 0.25789 -0.777135 -0.481757 0.404935 20.1278 -113.357 588.437 
-0.187562 -0.444141 -0.876105 0.59883 -0.758714 0.256429 -0.778603 -0.476542 0.408271 17.7589 -116.392 587.312 
-0.2074 -0.44297 -0.872218 0.588134 -0.768937 0.250667 -0.781718 -0.460993 0.420003 15.9899 -119.656 587.4 
-0.189894 -0.444461 -0.87544 0.595363 -0.761146 0.257292 -0.780694 -0.472346 0.409153 10.501 -122.45 585.415 
-0.189285 -0.445614 -0.874986 0.595703 -0.760492 0.258437 -0.780583 -0.472313 0.409404 6.84445 -124.84 584.037 
-0.197889 -0.440348 -0.875748 0.596739 -0.762902 0.248764 -0.777652 -0.473365 0.413743 4.0548 -127.679 582.899 
-0.204899 -0.444162 -0.872203 0.58703 -0.768816 0.253607 -0.783206 -0.460045 0.418267 0.88836 -130.461 583.155 
-0.205988 -0.432614 -0.877733 0.585916 -0.772936 0.243459 -0.783755 -0.464128 0.412691 -2.10787 -133.012 582.658 
-0.212159 -0.42649 -0.879259 0.583108 -0.777264 0.236317 -0.784203 -0.462565 0.413593 -5.28402 -134.665 581.913 
-0.214267 -0.424851 -0.879541 0.585062 -0.776877 0.232732 -0.782172 -0.464719 0.415023 -8.85633 -136.806 581.575 
-0.224867 -0.424878 -0.876878 0.579943 -0.781528 0.229957 -0.783008 -0.456829 0.422145 -12.2948 -137.996 581.357 
-0.238946 -0.435906 -0.867694 0.572252 -0.785132 0.236843 -0.784495 -0.439947 0.437052 -14.4424 -140.33 583.042 
-0.240049 -0.43805 -0.866308 0.573866 -0.783809 0.23732 -0.782978 -0.440176 0.439535 -18.2647 -140.942 582.732 
-0.247023 -0.430228 -0.868265 0.572641 -0.787647 0.227364 -0.781705 -0.44104 0.440933 -21.2338 -142.166 583.336 
-0.253211 -0.440461 -0.861325 0.568654 -0.78805 0.235817 -0.782634 -0.430084 0.450013 -24.6319 -143.767 584.855 
-0.255758 -0.434114 -0.863791 0.572975 -0.787728 0.226236 -0.778644 -0.437069 0.450205 -28.3805 -144.332 584.608 
-0.267639 -0.468777 -0.841795 0.575251 -0.778612 0.250697 -0.772952 -0.417147 0.478052 -31.842 -145.276 585.514 
-0.260069 -0.432058 -0.863534 0.578913 -0.785519 0.218674 -0.772802 -0.443041 0.454414 -34.9955 -145.658 585.709 
-0.252758 -0.439771 -0.86181 0.577966 -0.78297 0.23003 -0.775931 -0.439955 0.452074 -38.9742 -146.51 587.764 
-0.261398 -0.439692 -0.859269 0.581182 -0.782456 0.223585 -0.770648 -0.440947 0.460074 -41.7833 -146.044 587.992 
-0.259258 -0.436475 -0.861554 0.584991 -0.780768 0.219513 -0.768486 -0.447091 0.457755 -44.9181 -145.899 588.783 
-0.274231 -0.431693 -0.859325 0.576565 -0.788972 0.212355 -0.769656 -0.437223 0.46526 -46.0383 -145.614 591.229 
-0.263265 -0.455537 -0.850399 0.594317 -0.770942 0.228986 -0.75992 -0.445122 0.473696 -50.4199 -145.105 590.873 
-0.27305 -0.456537 -0.84677 0.591985 -0.773562 0.226175 -0.758286 -0.439518 0.481484 -52.3018 -144.169 592.145 
-0.277148 -0.436333 -0.856039 0.587899 -0.781706 0.208109 -0.759976 -0.445588 0.473169 -53.1313 -143.923 594.047 
-0.287571 -0.432976 -0.854305 0.59339 -0.780705 0.19593 -0.751792 -0.450591 0.481431 -54.5885 -142.624 594.301 
-0.295901 -0.465796 -0.833953 0.595622 -0.77251 0.22014 -0.746777 -0.431581 0.506026 -56.5539 -142.289 595.843 
-0.29594 -0.447271 -0.84402 0.595862 -0.777046 0.202851 -0.746571 -0.442887 0.496471 -57.2937 -140.885 596.239 
-0.291265 -0.448112 -0.845199 0.59996 -0.773725 0.203464 -0.745126 -0.447824 0.494208 -58.9435 -139.909 597.317 
-0.288393 -0.480522 -0.828208 0.607645 -0.760315 0.229541 -0.739998 -0.437058 0.511257 -60.709 -139.97 598.641 
-0.28108 -0.465619 -0.839163 0.606934 -0.763583 0.220389 -0.743388 -0.44737 0.497228 -61.7464 -138.473 599.339 
-0.289012 -0.440733 -0.84984 0.606131 -0.771367 0.193904 -0.740998 -0.459073 0.490077 -61.1523 -137.498 599.692 
-0.281241 -0.437761 -0.853973 0.6058 -0.771149 0.195795 -0.744252 -0.462271 0.482074 -62.3716 -137.306 601.088 
-0.290288 -0.431002 -0.854384 0.61017 -0.771153 0.181702 -0.737174 -0.468573 0.486841 -62.4049 -136.479 601.042 
-0.296481 -0.464079 -0.834704 0.611567 -0.763554 0.207297 -0.733543 -0.449017 0.510194 -63.5882 -135.453 601.51 
-0.292629 -0.428566 -0.85481 0.611267 -0.771279 0.17743 -0.735337 -0.470595 0.487667 -63.0906 -134.812 602.081 
-0.297158 -0.448428 -0.842977 0.607358 -0.769996 0.195505 -0.736759 -0.453893 0.501167 -64.11 -134.482 603.51 
-0.302162 -0.434394 -0.848529 0.609802 -0.772261 0.178198 -0.732693 -0.463589 0.498243 -63.5429 -134.084 603.858 
-0.29997 -0.441561 -0.845602 0.616555 -0.766141 0.18135 -0.727927 -0.46696 0.502066 -64.189 -133.514 604.025 
-0.300443 -0.442887 -0.84474 0.615241 -0.76676 0.183184 -0.728843 -0.464682 0.502851 -64.6578 -133.125 604.907 
-0.306965 -0.439092 -0.844377 0.618659 -0.76625 0.173557 -0.723211 -0.469105 0.50686 -64.6191 -132.374 604.589 
-0.304868 -0.462102 -0.832777 0.621309 -0.759214 0.193829 -0.721825 -0.458319 0.518569 -65.5354 -132.039 605.33 
-0.301867 -0.471852 -0.828392 0.624621 -0.754335 0.202056 -0.720226 -0.456437 0.522438 -65.8247 -131.152 605.441 
-0.293677 -0.453496 -0.841485 0.628029 -0.755187 0.187807 -0.720648 -0.473322 0.50659 -66.0571 -131.105 605.949 
-0.293264 -0.446122 -0.845561 0.628083 -0.756706 0.181405 -0.72077 -0.477882 0.502116 -66.1079 -130.984 606.401 
-0.302434 -0.464979 -0.832064 0.632889 -0.750701 0.189472 -0.712731 -0.469301 0.521317 -65.7762 -129.878 606.023 
-0.29746 -0.451171 -0.841406 0.625383 -0.757985 0.18535 -0.721397 -0.471066 0.507625 -65.2388 -130.134 607.655 
-0.293619 -0.441007 -0.848117 0.627082 -0.758504 0.177312 -0.721496 -0.479776 0.499259 -65.242 -129.414 607.453 
-0.302581 -0.474681 -0.826513 0.621094 -0.755964 0.206785 -0.722971 -0.450772 0.523562 -65.1231 -128.974 608.88 
-0.293791 -0.455341 -0.840448 0.627717 -0.754995 0.189616 -0.720873 -0.471856 0.507636 -65.0051 -129.141 609.155 
-0.291074 -0.480056 -0.827541 0.630752 -0.746666 0.211283 -0.719324 -0.460474 0.520132 -65.858 -127.871 609.129 
-0.288711 -0.476271 -0.83055 0.63099 -0.747089 0.20907 -0.720068 -0.463707 0.516215 -66.1024 -127.81 609.636 
-0.284498 -0.46766 -0.836873 0.631626 -0.74813 0.203345 -0.721186 -0.470739 0.508229 -65.6491 -127.708 609.813 
-0.2869 -0.461174 -0.839648 0.63178 -0.74995 0.196034 -0.720099 -0.47423 0.506521 -65.6257 -127.704 609.558 
-0.299819 -0.464231 -0.833427 0.631455 -0.751421 0.191392 -0.715104 -0.468888 0.518431 -65.12 -127.322 609.115 
-0.308992 -0.447328 -0.839299 0.623738 -0.761507 0.176234 -0.717966 -0.469047 0.514315 -63.8971 -127.115 609.781 
-0.302408 -0.457014 -0.836474 0.639021 -0.748348 0.177843 -0.70725 -0.480743 0.518348 -65.0372 -127.496 608.662 
-0.315576 -0.446997 -0.837022 0.634375 -0.75538 0.164224 -0.705677 -0.47916 0.521944 -63.8865 -126.829 608.252 
-0.311513 -0.449747 -0.837071 0.636424 -0.752893 0.167676 -0.705637 -0.480499 0.520766 -64.3053 -127.638 608.563 
-0.299702 -0.451148 -0.840622 0.638142 -0.749792 0.174888 -0.709192 -0.484022 0.512611 -65.0732 -128.56 609.078 
-0.303069 -0.454157 -0.83779 0.64388 -0.745701 0.171314 -0.702544 -0.487515 0.518422 -64.8685 -127.903 608.066 
-0.306142 -0.459167 -0.833933 0.645982 -0.74365 0.172313 -0.699274 -0.485953 0.524276 -64.5878 -128.192 608.008 
-0.307051 -0.448991 -0.839123 0.644473 -0.746875 0.163807 -0.700268 -0.490495 0.518691 -64.0117 -128.092 608.08 
-0.307169 -0.44637 -0.840478 0.646597 -0.7459 0.159829 -0.698255 -0.494356 0.517739 -63.8074 -128.576 608.176 
-0.299052 -0.455836 -0.838321 0.655322 -0.7367 0.166808 -0.693629 -0.499486 0.519031 -64.9829 -129.224 607.705 
-0.3084 -0.440659 -0.843037 0.649923 -0.744742 0.151525 -0.694615 -0.501178 0.516073 -63.2091 -129.239 607.931 
-0.313749 -0.440469 -0.84116 0.657062 -0.740238 0.14254 -0.685443 -0.507972 0.521664 -62.9113 -128.57 606.225 
-0.311031 -0.436522 -0.844221 0.661556 -0.737191 0.137447 -0.682351 -0.515749 0.518073 -62.941 -128.583 605.458 
-0.317132 -0.42451 -0.848068 0.65526 -0.744539 0.127655 -0.685611 -0.515221 0.514282 -61.5582 -128.893 606.038 
-0.311976 -0.427789 -0.848333 0.661887 -0.738428 0.128956 -0.681599 -0.521269 0.51352 -62.073 -129.109 605.243 
-0.31244 -0.419152 -0.852463 0.665283 -0.737111 0.118598 -0.678071 -0.530074 0.509158 -61.1821 -129.193 604.76 
-0.313127 -0.402033 -0.86042 0.660703 -0.74302 0.106731 -0.682219 -0.535061 0.498285 -60.3746 -129.365 604.835 
-0.318539 -0.401896 -0.858495 0.659718 -0.744329 0.103666 -0.680665 -0.533343 0.502236 -59.9845 -129.611 604.466 
-0.323354 -0.425496 -0.84522 0.655604 -0.744829 0.124145 -0.682367 -0.513987 0.519801 -60.2045 -130.082 604.669 
-0.329287 -0.419281 -0.846035 0.651925 -0.749122 0.117515 -0.683054 -0.512855 0.520016 -59.0822 -130.468 604.633 
-0.318547 -0.408958 -0.85515 0.648845 -0.751745 0.117809 -0.691034 -0.517332 0.504817 -60.182 -130.736 604.454 
-0.324885 -0.373162 -0.869023 0.663042 -0.745105 0.0720718 -0.674408 -0.552783 0.489496 -59.1387 -130.284 600.787 
-0.327335 -0.357352 -0.87473 0.661559 -0.747657 0.0578754 -0.67468 -0.55974 0.481143 -59.001 -130.863 599.538 
-0.327855 -0.342807 -0.880338 0.65969 -0.750103 0.0464113 -0.676254 -0.565534 0.472072 -58.6819 -131.28 598.048 
-0.330998 -0.332998 -0.882924 0.653436 -0.755917 0.0401306 -0.68078 -0.563651 0.4678 -58.3766 -132.811 597.072 
-0.327193 -0.331865 -0.884767 0.643658 -0.763778 0.0484541 -0.691845 -0.553633 0.46351 -57.6037 -135.849 597.772 
-0.32558 -0.308424 -0.893797 0.653694 -0.756412 0.0228971 -0.683141 -0.576815 0.447888 -57.1544 -136.479 594.524 
-0.331396 -0.301334 -0.894078 0.64435 -0.764499 0.0188284 -0.689195 -0.569859 0.447517 -55.9999 -138.516 594.504 
-0.326287 -0.283467 -0.901767 0.65833 -0.752728 -0.0015878 -0.678335 -0.594178 0.43222 -55.9738 -139.771 591.291 
-0.332496 -0.260365 -0.906453 0.667653 -0.743816 -0.0312527 -0.666097 -0.615588 0.421149 -54.9164 -141.444 589.048 
-0.327885 -0.239678 -0.913809 0.670844 -0.740134 -0.0465808 -0.665177 -0.628296 0.403465 -54.2634 -142.7 587.906 
-0.319545 -0.229253 -0.919421 0.676938 -0.734187 -0.0522052 -0.663058 -0.639072 0.389796 -54.194 -144.831 586.047 
-0.318528 -0.224154 -0.92103 0.681912 -0.7291 -0.0583894 -0.658434 -0.64666 0.385092 -53.5136 -146.481 584.26 
-0.32229 -0.197904 -0.925724 0.682812 -0.725917 -0.0825325 -0.655665 -0.658694 0.369087 -51.8315 -148.554 582.863 
-0.314805 -0.187096 -0.930534 0.68892 -0.719424 -0.0884162 -0.652906 -0.668897 0.355373 -51.1367 -150.149 580.98 
-0.313096 -0.171398 -0.934128 0.689659 -0.717259 -0.0995511 -0.652949 -0.675398 0.342777 -49.6747 -152.758 579.984 
-0.310136 -0.15984 -0.93716 0.694654 -0.711099 -0.1086 -0.649054 -0.684682 0.33157 -48.7384 -154.744 578.328 
-0.307169 -0.153943 -0.939122 0.699867 -0.705228 -0.113311 -0.644852 -0.692065 0.324364 -48.1355 -155.8 576.168 
-0.310051 -0.133024 -0.941368 0.705821 -0.695566 -0.134182 -0.636934 -0.70604 0.309552 -46.4807 -157.75 574.138 
-0.303431 -0.129037 -0.944076 0.713884 -0.68702 -0.135544 -0.631109 -0.715089 0.300581 -45.7559 -159.718 572.644 
-0.299348 -0.126121 -0.945772 0.723485 -0.676239 -0.138814 -0.622061 -0.725806 0.293678 -45.0552 -161.602 571.088 
-0.304403 -0.0761009 -0.949499 0.734732 -0.653151 -0.183202 -0.606224 -0.753394 0.254735 -41.4886 -163.664 569.43 
-0.31391 -0.0520465 -0.948026 0.743817 -0.634043 -0.211484 -0.590082 -0.771544 0.237746 -38.4192 -164.848 567.507 
-0.321527 -0.01554 -0.946774 0.747624 -0.617771 -0.243756 -0.581102 -0.786204 0.210248 -35.182 -166.532 566.209 
-0.318809 -0.0149311 -0.947702 0.759885 -0.601652 -0.246149 -0.566511 -0.798619 0.203158 -34.4597 -167.705 563.878 
-0.313189 -0.015527 -0.949564 0.774655 -0.582586 -0.245974 -0.549384 -0.81262 0.194488 -33.4697 -169.477 561.684 
-0.318383 -0.0196194 -0.94776 0.778355 -0.576098 -0.249549 -0.541107 -0.817145 0.198691 -32.3137 -169.658 559.696 
-0.324215 -0.0213639 -0.945743 0.782966 -0.567127 -0.255602 -0.530895 -0.823354 0.200598 -31.0918 -170.7 557.881 
-0.326327 -0.0154447 -0.945131 0.793319 -0.548128 -0.264954 -0.513961 -0.836252 0.191121 -29.3804 -171.986 556.217 
-0.330516 -5.02885e-05 -0.943801 0.801187 -0.528577 -0.280546 -0.498857 -0.848886 0.174743 -27.4594 -173.895 554.909 
-0.333278 0.0106416 -0.942769 0.804823 -0.517641 -0.290357 -0.491106 -0.855532 0.163954 -25.665 -175.559 554.205 
-0.339974 0.0423951 -0.939479 0.808431 -0.497213 -0.314989 -0.480475 -0.866592 0.134766 -23.1229 -176.55 553.165 
-0.342318 0.0550664 -0.93797 0.814652 -0.479997 -0.325493 -0.468146 -0.87554 0.119451 -21.9161 -178.306 552.296 
-0.34255 0.0680101 -0.937035 0.82119 -0.462848 -0.333795 -0.456406 -0.883825 0.102699 -20.2008 -180.008 551.715 
-0.340056 0.0771831 -0.937233 0.82778 -0.448365 -0.337268 -0.446254 -0.890512 0.0885784 -19.1291 -181.057 550.92 
-0.343949 0.101852 -0.933449 0.828209 -0.435521 -0.352693 -0.442459 -0.894398 0.0654422 -15.953 -183.72 551.762 
-0.339167 0.0898614 -0.936425 0.839426 -0.420435 -0.344381 -0.424652 -0.902862 0.0671654 -16.4653 -183.675 550.48 
-0.351068 0.0980507 -0.931203 0.839883 -0.406676 -0.359461 -0.413943 -0.908296 0.0604192 -15.2211 -183.71 549.997 
-0.353415 0.0912651 -0.931005 0.843669 -0.398851 -0.359361 -0.404129 -0.912463 0.0639618 -15.2003 -183.941 549.358 
RFing.0_Hand
-0.461729 0.0039796 -0.887012 -0.0039796 0.999971 0.00655795 0.887012 0.00655795 -0.4617 32.7108 -9.73219 -73.4609 
-0.712675 0.208437 -0.669812 0.690391 0.0391918 -0.722375 -0.124318 -0.97725 -0.171834 22.2966 -136.093 578.895 
-0.712671 0.20866 -0.669746 0.689519 0.0326744 -0.723531 -0.129088 -0.977442 -0.167161 21.7595 -134.897 579.363 
-0.710326 0.202828 -0.674016 0.692114 0.0269662 -0.721285 -0.128121 -0.978843 -0.159535 21.09 -134.751 580.03 
-0.710927 0.197674 -0.674913 0.690969 0.0176553 -0.722669 -0.130937 -0.980109 -0.149139 20.8414 -134.279 580.361 
-0.709791 0.194065 -0.677153 0.690941 0.00469786 -0.722897 -0.137108 -0.980978 -0.137422 20.246 -134.629 580.817 
-0.705871 0.194432 -0.681133 0.691613 -0.0185646 -0.722031 -0.15303 -0.98074 -0.121368 19.313 -133.703 581.068 
-0.69687 0.184583 -0.693037 0.697899 -0.0481329 -0.714578 -0.165257 -0.981638 -0.0952784 18.0542 -134.206 581.38 
-0.690939 0.179321 -0.700319 0.700815 -0.0715429 -0.709747 -0.177375 -0.981186 -0.0762392 17.4386 -133.666 581.776 
-0.669864 0.16933 -0.722917 0.716896 -0.105905 -0.68909 -0.193244 -0.979853 -0.0504508 16.5834 -133.713 582.387 
-0.665435 0.154899 -0.730207 0.71874 -0.131133 -0.682802 -0.201519 -0.979189 -0.0240724 15.9244 -132.373 582.527 
-0.652825 0.134387 -0.745493 0.731646 -0.143098 -0.666496 -0.196247 -0.980542 -0.00490606 15.6693 -132.199 582.533 
-0.644711 0.130667 -0.753175 0.735837 -0.160858 -0.657777 -0.207103 -0.97829 0.00755705 15.9298 -130.918 583.135 
-0.636911 0.120427 -0.761473 0.739698 -0.18286 -0.647618 -0.217233 -0.975736 0.0273854 16.0993 -128.971 583.15 
-0.625179 0.0970464 -0.774424 0.747376 -0.21148 -0.629846 -0.224899 -0.972553 0.0596825 16.4754 -127.123 583.129 
-0.617482 0.0780129 -0.782707 0.751749 -0.234322 -0.616415 -0.231494 -0.969024 0.0860434 16.9354 -125.326 583.205 
-0.5989 0.0591024 -0.79864 0.761484 -0.266699 -0.590774 -0.247912 -0.961966 0.11472 17.0545 -123.432 583.586 
-0.596572 0.0361782 -0.801744 0.760286 -0.294468 -0.579011 -0.257036 -0.954976 0.148166 17.7053 -120.68 583.514 
-0.588545 0.0202844 -0.80821 0.765054 -0.3092 -0.56488 -0.261356 -0.950781 0.166459 18.3239 -118.454 583.676 
-0.578176 -0.000135699 -0.815912 0.770142 -0.330315 -0.545688 -0.269433 -0.943871 0.191084 18.6349 -116.135 584.152 
-0.582919 -0.0140272 -0.812409 0.765799 -0.34368 -0.543542 -0.271584 -0.938982 0.211079 19.7664 -113.374 584.052 
-0.584948 -0.0201117 -0.810821 0.763064 -0.352476 -0.541752 -0.2749 -0.935605 0.221527 20.9375 -111.151 584.012 
-0.582704 -0.0289063 -0.81217 0.759559 -0.37477 -0.531619 -0.28901 -0.926667 0.240336 21.9009 -109.617 584.83 
-0.572919 -0.0541048 -0.817824 0.755948 -0.420458 -0.501756 -0.316713 -0.905697 0.281789 22.8482 -108.829 587.607 
-0.571401 -0.063286 -0.818228 0.756837 -0.426157 -0.495569 -0.317331 -0.902433 0.291404 23.9007 -106.691 587.478 
-0.5764 -0.0593444 -0.81501 0.752071 -0.428615 -0.500678 -0.319613 -0.901536 0.291685 24.5759 -104.175 587.68 
-0.58143 -0.0690406 -0.810662 0.749896 -0.431968 -0.501059 -0.315587 -0.899242 0.302932 25.6394 -102.055 587.973 
-0.590263 -0.0720532 -0.803988 0.743721 -0.435735 -0.506967 -0.313797 -0.897186 0.310786 26.49 -99.6903 588.485 
-0.597882 -0.0718428 -0.798358 0.741304 -0.428483 -0.516596 -0.304969 -0.900689 0.30944 27.1938 -97.2183 588.129 
-0.60164 -0.0791693 -0.794834 0.739512 -0.431321 -0.516803 -0.301913 -0.898719 0.318046 27.9087 -95.5875 588.849 
-0.608476 -0.0918922 -0.788234 0.735818 -0.437323 -0.517031 -0.297201 -0.894598 0.333716 28.7121 -93.9264 589.499 
-0.617839 -0.0891635 -0.781233 0.728887 -0.437642 -0.526492 -0.294957 -0.894717 0.335382 29.6521 -92.1624 589.542 
-0.618852 -0.0929848 -0.779985 0.728538 -0.439205 -0.525674 -0.293693 -0.893562 0.339545 29.7014 -90.1011 589.714 
-0.62965 -0.103592 -0.769941 0.723469 -0.439311 -0.53254 -0.283077 -0.892342 0.351558 30.1086 -87.8893 589.324 
-0.634914 -0.102524 -0.76575 0.722351 -0.430334 -0.541315 -0.274031 -0.896829 0.347284 30.0372 -86.5684 589.27 
-0.63119 -0.106952 -0.768219 0.725676 -0.431127 -0.536214 -0.273851 -0.89593 0.349735 30.1931 -85.8918 589.774 
-0.633979 -0.107314 -0.765869 0.723176 -0.43317 -0.537942 -0.274023 -0.894901 0.352227 30.4754 -84.3091 590.224 
-0.650841 -0.103682 -0.752101 0.710192 -0.433343 -0.554836 -0.268391 -0.895245 0.355671 32.1764 -82.662 590.232 
-0.638728 -0.108389 -0.76176 0.720482 -0.431739 -0.542687 -0.27006 -0.895463 0.353856 31.6703 -82.2783 590.741 
-0.628431 -0.117713 -0.768907 0.726229 -0.442932 -0.525741 -0.278687 -0.888794 0.363838 30.9908 -82.1145 591.936 
-0.629956 -0.115642 -0.767973 0.721631 -0.452664 -0.52378 -0.287062 -0.884151 0.368609 31.3932 -80.9685 592.223 
-0.620881 -0.120041 -0.774659 0.725097 -0.463478 -0.509337 -0.297896 -0.87794 0.374806 30.5888 -80.7386 593.105 
-0.621646 -0.121699 -0.773786 0.723331 -0.468267 -0.507464 -0.30058 -0.875166 0.379124 31.026 -80.2804 593.241 
-0.613235 -0.129867 -0.779151 0.729599 -0.471123 -0.495711 -0.3027 -0.872455 0.38366 31.0101 -80.2116 593.467 
-0.619981 -0.122449 -0.775003 0.724487 -0.468563 -0.505538 -0.301235 -0.874903 0.379213 31.501 -79.8699 593.373 
-0.617508 -0.129897 -0.775765 0.724784 -0.477119 -0.497037 -0.305569 -0.869186 0.388772 31.0788 -79.351 593.668 
-0.607304 -0.136908 -0.782584 0.731466 -0.480794 -0.483524 -0.310063 -0.866079 0.392132 30.6 -79.3966 594.19 
-0.607468 -0.134917 -0.782803 0.731074 -0.480374 -0.484533 -0.310666 -0.866625 0.390446 30.2749 -79.2427 594.257 
-0.616395 -0.134097 -0.775935 0.725945 -0.478521 -0.493986 -0.305059 -0.867776 0.392305 30.6794 -78.6734 593.859 
-0.609082 -0.141371 -0.780406 0.730911 -0.48203 -0.483133 -0.307878 -0.864674 0.396925 29.7833 -78.5998 594.15 
-0.612506 -0.138975 -0.778153 0.729481 -0.478543 -0.488729 -0.304458 -0.866997 0.39449 30.2406 -78.3445 593.819 
-0.610863 -0.14032 -0.779203 0.729942 -0.480991 -0.485627 -0.306646 -0.865424 0.396245 29.6392 -77.9576 593.645 
-0.61515 -0.136343 -0.776532 0.725285 -0.484031 -0.489568 -0.309117 -0.864364 0.396639 29.4883 -77.7069 593.63 
-0.610762 -0.141908 -0.778994 0.726839 -0.490771 -0.480468 -0.314126 -0.859654 0.402889 29.3358 -77.7648 594.122 
-0.609667 -0.139834 -0.780226 0.724822 -0.496766 -0.477344 -0.32084 -0.856546 0.404217 29.342 -77.9114 594.964 
-0.60513 -0.144658 -0.782874 0.728667 -0.496782 -0.471437 -0.32072 -0.855735 0.406025 29.2136 -78.2513 594.983 
-0.599466 -0.147252 -0.786738 0.730594 -0.502134 -0.462704 -0.326913 -0.852161 0.408594 28.1489 -78.4963 595.294 
-0.596175 -0.146294 -0.789413 0.728424 -0.512023 -0.455228 -0.3376 -0.846422 0.411819 27.9822 -78.7762 596.135 
-0.592517 -0.155676 -0.790372 0.729061 -0.520944 -0.443947 -0.342628 -0.839275 0.422166 27.4598 -78.9234 596.286 
-0.594154 -0.153673 -0.789535 0.724607 -0.528376 -0.442453 -0.349178 -0.834987 0.425289 27.6543 -79.0461 596.483 
-0.596008 -0.159648 -0.786948 0.725731 -0.526514 -0.44283 -0.343642 -0.835042 0.429668 27.6418 -79.5267 595.71 
-0.601558 -0.157062 -0.783237 0.721356 -0.528025 -0.448147 -0.343181 -0.834579 0.430935 27.0805 -79.6533 594.571 
-0.604938 -0.153744 -0.78129 0.718529 -0.528259 -0.452392 -0.343171 -0.835048 0.430033 26.7073 -80.5172 593.642 
-0.594649 -0.165285 -0.786812 0.724918 -0.533444 -0.435812 -0.347686 -0.829529 0.43703 25.0165 -82.2194 592.942 
-0.589225 -0.168692 -0.790163 0.727173 -0.537001 -0.427609 -0.352184 -0.826543 0.439083 24.3178 -83.8292 592.648 
-0.593467 -0.166513 -0.787445 0.723967 -0.537916 -0.431879 -0.351666 -0.82639 0.439785 23.6602 -84.7804 591.4 
-0.595797 -0.163033 -0.786414 0.72113 -0.539643 -0.434463 -0.353551 -0.825958 0.439085 22.9214 -86.3496 590.47 
-0.599259 -0.156024 -0.785204 0.717225 -0.540354 -0.440008 -0.355636 -0.826846 0.435716 22.1232 -88.5303 589.493 
-0.588527 -0.172581 -0.789843 0.72458 -0.545963 -0.420606 -0.358636 -0.819842 0.446363 19.929 -90.7612 588.672 
-0.580724 -0.181072 -0.793708 0.726855 -0.554431 -0.405325 -0.366664 -0.812292 0.453585 18.0657 -93.3729 588.09 
-0.587465 -0.176986 -0.789659 0.722976 -0.553187 -0.413871 -0.36358 -0.814039 0.452935 16.733 -95.8569 586.242 
-0.592531 -0.17494 -0.786323 0.717688 -0.557945 -0.41668 -0.365831 -0.811229 0.456152 14.5835 -98.3185 584.767 
-0.578693 -0.191884 -0.792651 0.725049 -0.566034 -0.392314 -0.373389 -0.801739 0.466685 10.3098 -101.461 583.868 
-0.584592 -0.189954 -0.788778 0.721828 -0.565652 -0.398753 -0.370429 -0.802469 0.467789 7.85403 -104.574 581.911 
-0.591248 -0.191472 -0.783431 0.717964 -0.567444 -0.403157 -0.367359 -0.800841 0.472971 5.42214 -107.678 580.812 
-0.598833 -0.18984 -0.778049 0.706752 -0.582218 -0.401901 -0.376697 -0.790559 0.482821 3.44597 -111.156 581.013 
-0.588691 -0.186883 -0.786459 0.715855 -0.572451 -0.399814 -0.375491 -0.798357 0.470778 -1.85892 -113.775 578.906 
-0.593503 -0.186899 -0.78283 0.712324 -0.574737 -0.402832 -0.374632 -0.79671 0.474241 -5.50532 -116.148 577.532 
-0.597107 -0.18606 -0.780285 0.711947 -0.571097 -0.408633 -0.369588 -0.799519 0.47347 -8.4009 -119.079 576.473 
-0.599947 -0.191638 -0.776748 0.705023 -0.585559 -0.40008 -0.378161 -0.787652 0.486414 -11.6263 -121.944 576.733 
-0.597427 -0.185552 -0.780161 0.709333 -0.576081 -0.406175 -0.37407 -0.796053 0.475785 -14.671 -124.623 576.163 
-0.59973 -0.187841 -0.777843 0.709916 -0.573445 -0.408877 -0.369246 -0.797419 0.477263 -17.9287 -126.394 575.425 
-0.6014 -0.189114 -0.776243 0.710533 -0.570862 -0.411414 -0.365323 -0.79897 0.477688 -21.5272 -128.547 575.123 
-0.601374 -0.196663 -0.774385 0.712395 -0.570794 -0.408275 -0.361721 -0.797194 0.483363 -25.0716 -129.839 574.984 
-0.602092 -0.205669 -0.771483 0.708304 -0.583544 -0.397218 -0.368499 -0.785606 0.497023 -27.3227 -132.206 576.838 
-0.604132 -0.20843 -0.769143 0.70923 -0.580714 -0.399705 -0.363342 -0.786974 0.498653 -31.1487 -132.79 576.573 
-0.602335 -0.210478 -0.769994 0.714538 -0.572181 -0.402549 -0.355848 -0.792659 0.495039 -34.2106 -134.141 577.206 
-0.600043 -0.221891 -0.768578 0.715826 -0.577844 -0.392034 -0.357129 -0.785405 0.505566 -37.6346 -135.704 578.829 
-0.604354 -0.21961 -0.765851 0.717718 -0.56739 -0.403671 -0.345886 -0.793625 0.500522 -41.4285 -136.314 578.621 
-0.60753 -0.244529 -0.75572 0.714435 -0.584013 -0.385373 -0.347116 -0.774038 0.529505 -44.8792 -136.957 579.926 
-0.611939 -0.22166 -0.759209 0.716662 -0.561453 -0.413723 -0.334554 -0.797269 0.50243 -48.0911 -137.639 579.827 
-0.60203 -0.228477 -0.765087 0.724841 -0.558282 -0.403642 -0.334911 -0.797571 0.501712 -51.9749 -138.381 581.824 
-0.611486 -0.229562 -0.757222 0.719202 -0.56025 -0.410937 -0.329898 -0.795878 0.507686 -54.8663 -137.939 582.2 
-0.611422 -0.229039 -0.757433 0.722822 -0.551178 -0.416813 -0.322014 -0.802337 0.502556 -57.9916 -137.786 582.982 
-0.612655 -0.234569 -0.754739 0.72122 -0.556505 -0.412487 -0.32326 -0.797044 0.510121 -59.2678 -137.697 585.511 
-0.606881 -0.244962 -0.756101 0.729512 -0.549257 -0.407591 -0.31545 -0.798944 0.512036 -63.4654 -136.757 585.35 
-0.608724 -0.254852 -0.751336 0.731365 -0.547301 -0.4069 -0.307507 -0.79719 0.519545 -65.4348 -135.885 586.734 
-0.616105 -0.238618 -0.750651 0.725972 -0.541754 -0.423637 -0.305581 -0.805956 0.507007 -66.3725 -135.893 588.516 
-0.62174 -0.243187 -0.744513 0.727323 -0.531945 -0.433631 -0.290587 -0.811107 0.507607 -67.9363 -134.65 588.949 
-0.615412 -0.268694 -0.740994 0.731449 -0.544965 -0.409874 -0.293685 -0.79424 0.531914 -69.8597 -134.019 590.847 
-0.618917 -0.258584 -0.741671 0.731956 -0.532406 -0.425187 -0.284924 -0.806026 0.518788 -70.6681 -132.801 591.125 
-0.619552 -0.259944 -0.740665 0.732311 -0.531145 -0.426153 -0.282625 -0.80642 0.519432 -72.273 -131.76 592.188 
-0.608901 -0.27941 -0.742408 0.739804 -0.53774 -0.404384 -0.286234 -0.795466 0.534139 -73.8895 -131.427 593.774 
-0.620277 -0.26313 -0.738931 0.73166 -0.533641 -0.424148 -0.282718 -0.803735 0.523527 -74.9193 -130.04 594.264 
-0.625861 -0.251769 -0.738181 0.729893 -0.522631 -0.440583 -0.274871 -0.814537 0.510858 -74.4871 -129.366 594.55 
-0.617368 -0.250091 -0.745863 0.735312 -0.520428 -0.434133 -0.279595 -0.816462 0.50519 -75.6456 -129.158 595.816 
-0.624143 -0.246536 -0.741395 0.733946 -0.51037 -0.44816 -0.267898 -0.823859 0.499487 -75.7839 -128.423 595.896 
-0.623173 -0.270572 -0.733789 0.734439 -0.524937 -0.430164 -0.268803 -0.80699 0.525845 -76.9058 -127.098 596.69 
-0.627588 -0.250624 -0.737103 0.733463 -0.50783 -0.45182 -0.261086 -0.824194 0.502531 -76.4987 -126.786 596.962 
-0.621089 -0.265401 -0.737435 0.736186 -0.520326 -0.432773 -0.268849 -0.811679 0.518553 -77.4912 -126.315 598.546 
-0.621417 -0.261525 -0.738542 0.738461 -0.51044 -0.440598 -0.261754 -0.81918 0.510323 -77.0173 -126.071 598.896 
-0.627096 -0.260412 -0.734122 0.735773 -0.507422 -0.448511 -0.255712 -0.821407 0.509806 -77.6194 -125.371 599.157 
-0.625839 -0.259112 -0.735654 0.734247 -0.513866 -0.443649 -0.263073 -0.817804 0.511849 -78.0879 -124.981 600.039 
-0.625567 -0.266038 -0.733409 0.738956 -0.503549 -0.447641 -0.250218 -0.821987 0.511594 -78.12 -124.286 599.825 
-0.619509 -0.279204 -0.733658 0.74214 -0.512881 -0.431488 -0.255806 -0.811787 0.524943 -78.9346 -123.693 600.726 
-0.622054 -0.281314 -0.730692 0.740229 -0.515428 -0.431736 -0.255166 -0.809443 0.52886 -79.1598 -122.669 600.901 
-0.615276 -0.27295 -0.739549 0.747619 -0.499561 -0.437614 -0.250003 -0.822154 0.51143 -79.3889 -122.729 601.207 
-0.617836 -0.263875 -0.740708 0.745236 -0.496976 -0.444567 -0.250804 -0.826671 0.503699 -79.4624 -122.677 601.601 
-0.619601 -0.275103 -0.735128 0.744035 -0.504168 -0.438437 -0.250012 -0.818616 0.51707 -79.143 -121.415 601.541 
-0.617842 -0.268922 -0.738886 0.744649 -0.501905 -0.439989 -0.252527 -0.822054 0.51035 -78.6129 -121.822 602.918 
-0.622663 -0.261882 -0.737366 0.742197 -0.496153 -0.45053 -0.24786 -0.827798 0.503304 -78.6175 -121.165 602.611 
-0.620389 -0.281776 -0.731929 0.739246 -0.521816 -0.425704 -0.261979 -0.805177 0.532031 -78.4532 -120.489 604.329 
-0.615411 -0.269959 -0.740534 0.746952 -0.499714 -0.438577 -0.251658 -0.823048 0.509176 -78.3312 -120.749 604.423 
-0.612027 -0.284708 -0.737811 0.749152 -0.507616 -0.425555 -0.253366 -0.813183 0.523964 -79.0645 -119.2 604.569 
-0.606279 -0.286914 -0.741691 0.753302 -0.506111 -0.419987 -0.254878 -0.813346 0.522977 -79.3029 -119.16 605.02 
-0.609268 -0.2798 -0.74196 0.751736 -0.501582 -0.428146 -0.252359 -0.818613 0.515934 -78.8452 -119.111 605.085 
-0.608846 -0.276769 -0.743442 0.752804 -0.497142 -0.431437 -0.250188 -0.822344 0.511035 -78.8682 -119.184 604.82 
-0.613787 -0.27913 -0.73848 0.750028 -0.498147 -0.435096 -0.246424 -0.820936 0.515111 -78.4666 -118.858 604.574 
-0.626943 -0.270224 -0.730699 0.739693 -0.500863 -0.449434 -0.244533 -0.822262 0.513895 -77.387 -118.926 605.161 
-0.625684 -0.274429 -0.730211 0.745243 -0.486887 -0.455582 -0.230505 -0.829234 0.509154 -78.4339 -119.072 604.196 
-0.637328 -0.272263 -0.720892 0.736777 -0.489383 -0.466545 -0.225769 -0.828479 0.512495 -77.435 -118.619 603.847 
-0.628865 -0.274324 -0.727513 0.743239 -0.486851 -0.458882 -0.228308 -0.82929 0.510052 -77.8086 -119.361 604.142 
-0.622454 -0.2702 -0.734536 0.747342 -0.483932 -0.455292 -0.232446 -0.832347 0.503157 -78.4674 -120.18 604.521 
-0.628499 -0.270758 -0.729163 0.743875 -0.483123 -0.461783 -0.227244 -0.832636 0.505052 -78.2815 -119.48 603.646 
-0.627357 -0.276114 -0.728137 0.745596 -0.482829 -0.459308 -0.224745 -0.831046 0.508776 -78.0094 -119.728 603.694 
-0.632746 -0.265519 -0.727415 0.740617 -0.481786 -0.468369 -0.226098 -0.835094 0.501496 -77.4786 -119.742 603.686 
-0.635093 -0.263712 -0.726026 0.73966 -0.478515 -0.47321 -0.222624 -0.837544 0.498958 -77.2847 -120.238 603.79 
-0.634455 -0.263773 -0.726561 0.740208 -0.478053 -0.47282 -0.222617 -0.837789 0.49855 -78.3542 -120.686 603.381 
-0.638811 -0.254919 -0.725904 0.735138 -0.480529 -0.478189 -0.226919 -0.839112 0.494367 -76.7173 -120.943 603.56 
-0.643235 -0.256634 -0.721379 0.734985 -0.471002 -0.487806 -0.214583 -0.843976 0.491587 -76.467 -120.269 602.015 
-0.64354 -0.253857 -0.72209 0.735933 -0.464515 -0.492574 -0.210378 -0.8484 0.485755 -76.4865 -120.273 601.234 
-0.641519 -0.249251 -0.725484 0.736626 -0.464108 -0.491921 -0.214091 -0.849987 0.481339 -75.1969 -120.778 601.734 
-0.641579 -0.247189 -0.726137 0.737615 -0.458573 -0.495616 -0.210476 -0.853586 0.476541 -75.6559 -120.885 600.97 
-0.649264 -0.240259 -0.721618 0.732153 -0.454338 -0.507474 -0.205933 -0.857819 0.470891 -74.7968 -121.031 600.469 
-0.652779 -0.23025 -0.721709 0.728459 -0.452257 -0.514599 -0.207912 -0.861655 0.462952 -74.047 -121.395 600.369 
-0.652198 -0.229068 -0.72261 0.728354 -0.45355 -0.513608 -0.210089 -0.86129 0.462647 -73.7047 -121.689 600.064 
-0.656416 -0.239517 -0.715367 0.721567 -0.476041 -0.502719 -0.220134 -0.846178 0.485309 -73.8939 -122 600.466 
-0.661855 -0.236221 -0.71144 0.716311 -0.4791 -0.50731 -0.221013 -0.845378 0.486302 -72.8426 -122.51 600.425 
-0.667012 -0.220017 -0.71182 0.710663 -0.474774 -0.51918 -0.223725 -0.852163 0.473038 -73.8816 -122.818 599.979 
-0.691856 -0.195313 -0.695117 0.692719 -0.451093 -0.562722 -0.203656 -0.870843 0.447388 -72.9919 -122.65 596.294 
-0.696715 -0.185528 -0.692941 0.687584 -0.44808 -0.571361 -0.204489 -0.874531 0.43975 -72.9131 -123.4 594.94 
-0.701481 -0.174883 -0.690898 0.682797 -0.442728 -0.58119 -0.20424 -0.879436 0.429975 -72.6303 -123.964 593.325 
-0.703318 -0.170468 -0.690133 0.679764 -0.445337 -0.58275 -0.208001 -0.878986 0.429091 -72.3722 -125.651 592.251 
-0.703006 -0.15694 -0.693651 0.672107 -0.465467 -0.575859 -0.232497 -0.87104 0.432707 -71.5683 -128.741 592.786 
-0.716329 -0.134631 -0.684651 0.660859 -0.445781 -0.603776 -0.223918 -0.88496 0.408298 -71.1464 -129.495 589.44 
-0.716517 -0.126948 -0.68592 0.656797 -0.454021 -0.602066 -0.234991 -0.881901 0.408693 -70.0542 -131.708 589.354 
-0.726907 -0.114451 -0.677131 0.649572 -0.434561 -0.623871 -0.222852 -0.893341 0.390229 -70.0085 -132.976 586.071 
-0.727791 -0.0996557 -0.678519 0.65093 -0.411846 -0.63771 -0.215894 -0.905788 0.364607 -69.0326 -134.822 583.825 
-0.737602 -0.0709528 -0.671498 0.635931 -0.407334 -0.655494 -0.227014 -0.910519 0.345571 -68.3573 -136.191 582.486 
-0.737275 -0.0533629 -0.673482 0.633317 -0.401694 -0.661478 -0.235235 -0.914218 0.329954 -68.2207 -138.291 580.491 
-0.741443 -0.0415978 -0.669725 0.626179 -0.401607 -0.668291 -0.241166 -0.914867 0.323816 -67.5341 -139.933 578.698 
-0.745903 -0.0225077 -0.665674 0.620623 -0.38628 -0.682361 -0.241778 -0.922107 0.302096 -65.8966 -142.239 577.146 
-0.749714 -0.0104607 -0.661679 0.615684 -0.377601 -0.69163 -0.242616 -0.925909 0.289533 -65.1362 -143.805 575.135 
-0.748957 0.00864102 -0.662563 0.613091 -0.370281 -0.697863 -0.251364 -0.92888 0.272026 -63.6592 -146.516 573.995 
-0.748195 0.0175898 -0.663245 0.613223 -0.36331 -0.701402 -0.253301 -0.931502 0.26104 -62.6944 -148.522 572.253 
-0.751851 0.0268487 -0.658786 0.608759 -0.355506 -0.709245 -0.253245 -0.934289 0.250943 -62.0629 -149.549 570.057 
